resolution,region,variable,roughness,z_roughness
0.05º,Cape,Elevation,83.71567571767686,0.828341659807784
0.05º,Cape,Elevation,248.22717933157423,4.122796600581033
0.05º,Cape,Elevation,69.48529686693408,0.5433686282322321
0.05º,Cape,Elevation,38.64643875025634,-0.07420051592159704
0.05º,Cape,Elevation,392.7492055638955,7.016948638052354
0.05º,Cape,Elevation,123.07143899515708,1.6164676323336604
0.05º,Cape,Elevation,20.683252805651854,-0.43392555269544836
0.05º,Cape,Elevation,223.15911203412753,3.6207914741946428
0.05º,Cape,Elevation,24.282321730044558,-0.3618517454559444
0.05º,Cape,Elevation,50.25847409140225,0.15833840300929797
0.05º,Cape,Elevation,157.42073046585392,2.3043355960432694
0.05º,Cape,Elevation,22.06775064201905,-0.4062000402704044
0.05º,Cape,Elevation,229.31438890724976,3.7440550871397726
0.05º,Cape,Elevation,309.3454316485407,5.346731242802895
0.05º,Cape,Elevation,39.07053471150938,-0.06570770536294353
0.05º,Cape,Elevation,76.90932925621784,0.6920399347855958
0.05º,Cape,Elevation,54.012385210494166,0.23351303069090448
0.05º,Cape,Elevation,77.1083230259872,0.6960249205987361
0.05º,Cape,Elevation,39.333708328630124,-0.06043747438116704
0.05º,Cape,Elevation,53.72052892130905,0.22766840965967078
0.05º,Cape,Elevation,125.09200853737951,1.6569309140210833
0.05º,Cape,Elevation,40.60170028225655,-0.035045071632910714
0.05º,Cape,Elevation,73.59931431864011,0.6257546305631679
0.05º,Cape,Elevation,31.966283597864376,-0.20797517400617888
0.05º,Cape,Elevation,44.3136286978717,0.039288823808957304
0.05º,Cape,Elevation,42.14014853017748,-0.0042365973308201264
0.05º,Cape,Elevation,57.562235957320155,0.30460121039252475
0.05º,Cape,Elevation,26.093141118464246,-0.3255888535002035
0.05º,Cape,Elevation,22.620373466374005,-0.39513339171339457
0.05º,Cape,Elevation,23.26558140813697,-0.38221266310248925
0.05º,Cape,Elevation,56.12589957418595,0.27583759575111605
0.05º,Cape,Elevation,53.244033976601045,0.21812627375815355
0.05º,Cape,Elevation,17.19155939862365,-0.5038490920452989
0.05º,Cape,Elevation,46.90934012831536,0.09126971364944324
0.05º,Cape,Elevation,29.812575130269952,-0.25110465338109256
0.05º,Cape,Elevation,22.83520770275463,-0.3908311897643291
0.05º,Cape,Elevation,64.91484371131003,0.45184218996286385
0.05º,Cape,Elevation,110.27745302247143,1.3602593467488384
0.05º,Cape,Elevation,132.9598883184843,1.81449056698678
0.05º,Cape,Elevation,78.47344197519186,0.7233623576056065
0.05º,Cape,Elevation,27.368604357039416,-0.3000468331806977
0.05º,Cape,Elevation,93.925093201964,1.0327922005582075
0.05º,Cape,Elevation,21.7512908516332,-0.41253736317543105
0.05º,Cape,Elevation,46.97474380386938,0.09257946681162563
0.05º,Cape,Elevation,26.181753487117792,-0.32381433044673097
0.05º,Cape,Elevation,14.820288770402973,-0.5513354019108186
0.05º,Cape,Elevation,34.9165513655906,-0.1488940519540633
0.05º,Cape,Elevation,47.043284605070575,0.09395204305220141
0.05º,Cape,Elevation,20.44797734481083,-0.4386371040908423
0.05º,Cape,Elevation,101.95158970892827,1.193528261524061
0.05º,Cape,Elevation,211.05821933957625,3.378462853705615
0.05º,Cape,Elevation,27.98582041807678,-0.28768666105205776
0.05º,Cape,Elevation,35.80422469824982,-0.1311177886999429
0.05º,Cape,Elevation,18.696294255540334,-0.47371575136684124
0.05º,Cape,Elevation,69.33839556895376,0.5404268296570206
0.05º,Cape,Elevation,151.28441459130437,2.181451690012595
0.05º,Cape,Elevation,74.48311910242643,0.6434534234904845
0.05º,Cape,Elevation,141.68762854457765,1.9892695111822039
0.05º,Cape,Elevation,184.2949617244854,2.842510386283301
0.05º,Cape,Elevation,15.477741558604151,-0.5381694619076325
0.05º,Cape,Elevation,116.22333752856419,1.4793297348861798
0.05º,Cape,Elevation,99.29041178944058,1.140236360638461
0.05º,Cape,Elevation,70.30681273183174,0.5598200431216592
0.05º,Cape,Elevation,34.82317911071097,-0.1507638949721011
0.05º,Cape,Elevation,39.29638428696241,-0.06118491374425513
0.05º,Cape,Elevation,36.47960399897401,-0.11759285807023573
0.05º,Cape,Elevation,103.06886818231722,1.2159025241501846
0.05º,Cape,Elevation,122.18342501346783,1.5986845473506308
0.05º,Cape,Elevation,30.229510356602102,-0.24275524141780463
0.05º,Cape,Elevation,44.72306539058857,0.04748807252788406
0.05º,Cape,Elevation,173.34119462914606,2.6231537374497074
0.05º,Cape,Elevation,32.3233789497833,-0.20082409629663764
0.05º,Cape,Elevation,21.07596165361019,-0.4260612904644124
0.05º,Cape,Elevation,42.004813697161865,-0.00694676956493581
0.05º,Cape,Elevation,149.75721277202206,2.1508684331061314
0.05º,Cape,Elevation,36.296108759532814,-0.1212674752544795
0.05º,Cape,Elevation,216.17493992519502,3.48092866943003
0.05º,Cape,Elevation,141.9652614546973,1.994829299357331
0.05º,Cape,Elevation,38.175684784253335,-0.08362768481324517
0.05º,Cape,Elevation,85.43177604174332,0.8627077379682034
0.05º,Cape,Elevation,115.09589874473863,1.456752005121392
0.05º,Cape,Elevation,89.870366736563,0.9515935406226969
0.05º,Cape,Elevation,53.57502174485525,0.22475452931783624
0.05º,Cape,Elevation,90.51293837973311,0.9644614755581826
0.05º,Cape,Elevation,64.63656661534492,0.4462695015273006
0.05º,Cape,Elevation,32.39470945756495,-0.19939565428117434
0.05º,Cape,Elevation,33.63107869230466,-0.17463651802303248
0.05º,Cape,Elevation,77.1763036393179,0.6973862786955517
0.05º,Cape,Elevation,22.640945316833925,-0.3947214263924308
0.05º,Cape,Elevation,81.64454936744065,0.7868659435957722
0.05º,Cape,Elevation,22.409336877260206,-0.3993595431886228
0.05º,Cape,Elevation,33.647067257292825,-0.17431633611621122
0.05º,Cape,Elevation,230.10159393923388,3.7598194042242987
0.05º,Cape,Elevation,93.6199355685091,1.026681211045829
0.05º,Cape,Elevation,30.225130699939175,-0.24284294702631898
0.05º,Cape,Elevation,60.264475566430654,0.3587153995879556
0.05º,Cape,Elevation,25.21333202179132,-0.3432076300708318
0.05º,Cape,Elevation,99.58013654370684,1.1460382962307398
0.05º,Cape,Elevation,69.22524338302418,0.5381608800437346
0.05º,Cape,Elevation,29.401175026900983,-0.25934322073598987
0.05º,Cape,Elevation,51.564810303459126,0.18449867565638492
0.05º,Cape,Elevation,23.998463178263933,-0.3675362063468326
0.05º,Cape,Elevation,39.305968093377345,-0.060992991491394276
0.05º,Cape,Elevation,60.24048817739036,0.35823503577992966
0.05º,Cape,Elevation,81.04352390294801,0.7748299991935169
0.05º,Cape,Elevation,210.27427389444463,3.3627638120685512
0.05º,Cape,Elevation,73.55107484905015,0.6247886023193079
0.05º,Cape,Elevation,62.71905910126779,0.4078701071691569
0.05º,Cape,Elevation,32.93081221942027,-0.1886598312307598
0.05º,Cape,Elevation,187.21559514468322,2.9009980603364203
0.05º,Cape,Elevation,100.8122128631532,1.1707114639353895
0.05º,Cape,Elevation,48.07270382188105,0.11456686420724739
0.05º,Cape,Elevation,99.7540509781387,1.1495210512673146
0.05º,Cape,Elevation,46.61016066619667,0.08527844109097196
0.05º,Cape,Elevation,107.68761163484089,1.3083960085149176
0.05º,Cape,Elevation,24.181140549909863,-0.3638779675223984
0.05º,Cape,Elevation,86.25301089664337,0.8791535254409777
0.05º,Cape,Elevation,15.624322802969187,-0.535234072624118
0.05º,Cape,Elevation,58.00819972488583,0.313531938671021
0.05º,Cape,Elevation,114.34603273539655,1.4417354274041712
0.05º,Cape,Elevation,25.329049073311264,-0.34089031727666813
0.05º,Cape,Elevation,9.671217483030496,-0.6544490624782303
0.05º,Cape,Elevation,205.4312204169061,3.2657783666315425
0.05º,Cape,Elevation,98.41154498769573,1.1226364541657483
0.05º,Cape,Elevation,147.90195594470123,2.1137156511613795
0.05º,Cape,Elevation,11.561971013873631,-0.6165854348617089
0.05º,Cape,Elevation,59.033134826374216,0.3340569623617358
0.05º,Cape,Elevation,39.550063850715674,-0.05610480764941575
0.05º,Cape,Elevation,16.836246341637803,-0.5109644780845363
0.05º,Cape,Elevation,34.30965758428954,-0.1610475133984637
0.05º,Cape,Elevation,48.65754032598696,0.12627861364829682
0.05º,Cape,Elevation,63.23909860882983,0.4182842526085298
0.05º,Cape,Elevation,66.33982666752063,0.48037844449509154
0.05º,Cape,Elevation,125.09315732706482,1.6569539193171965
0.05º,Cape,Elevation,46.22212008088314,0.07750766399986331
0.05º,Cape,Elevation,82.71854944746167,0.8083735269093395
0.05º,Cape,Elevation,43.23205663673184,0.017629606414730607
0.05º,Cape,Elevation,55.49155863086326,0.26313448618761154
0.05º,Cape,Elevation,83.1965971449867,0.8179467577439008
0.05º,Cape,Elevation,34.98557523198043,-0.14751180200397515
0.05º,Cape,Elevation,18.221393004554027,-0.4832259724658056
0.05º,Cape,Elevation,152.9467374221764,2.214740837233446
0.05º,Cape,Elevation,82.71006248056973,0.8082035696151983
0.05º,Cape,Elevation,56.37520112604753,0.2808300291751057
0.05º,Cape,Elevation,16.494137537465704,-0.5178154399651838
0.05º,Cape,Elevation,36.187596331489694,-0.1234405105550441
0.05º,Cape,Elevation,134.29686970227326,1.8412645300762114
0.05º,Cape,Elevation,141.6231946332562,1.9879791782094742
0.05º,Cape,Elevation,87.4743277495828,0.9036112274984527
0.05º,Cape,Elevation,78.6369521458123,0.7266367601709824
0.05º,Cape,Elevation,35.45461637193472,-0.13811893362089267
0.05º,Cape,Elevation,99.45587801590915,1.143549934554847
0.05º,Cape,Elevation,17.23982519001697,-0.5028825366893936
0.05º,Cape,Elevation,52.94250127316627,0.21208787593907555
0.05º,Cape,Elevation,198.69560868274738,3.1308931527147768
0.05º,Cape,Elevation,30.382172612915628,-0.23969807572705715
0.05º,Cape,Elevation,29.452356191864478,-0.25831828303811166
0.05º,Cape,Elevation,49.525422772350744,0.14365855092091448
0.05º,Cape,Elevation,25.600967514134748,-0.33544496524243744
0.05º,Cape,Elevation,305.33204719913635,5.266360484903837
0.05º,Cape,Elevation,16.512727162164538,-0.5174431700655667
0.05º,Cape,Elevation,72.51276498111633,0.6039957398183585
0.05º,Cape,Elevation,64.26395536596988,0.43880770740029346
0.05º,Cape,Elevation,24.42280790675813,-0.35903841405469106
0.05º,Cape,Elevation,17.135365756779592,-0.5049744080076871
0.05º,Cape,Elevation,35.62360848307968,-0.1347347514616933
0.05º,Cape,Elevation,77.18331997715201,0.6975267856408774
0.05º,Cape,Elevation,24.547926572966706,-0.35653282752111215
0.05º,Cape,Elevation,116.8248861030608,1.4913761549226572
0.05º,Cape,Elevation,105.89329165088591,1.2724635283745482
0.05º,Cape,Elevation,64.11940153176012,0.4359129183864033
0.05º,Cape,Elevation,76.3530535163183,0.6809001341060915
0.05º,Cape,Elevation,88.0419625085296,0.9149785002732237
0.05º,Cape,Elevation,63.71599682503399,0.42783446429650457
0.05º,Cape,Elevation,45.69467889979223,0.06694529500534986
0.05º,Cape,Elevation,82.25570634498355,0.7991047784494109
0.05º,Cape,Elevation,99.30811013362639,1.1405907820385792
0.05º,Cape,Elevation,0,-0.8481217815303884
0.05º,Cape,Elevation,27.437513668796626,-0.2986668772651732
0.05º,Cape,Elevation,54.04187573582818,0.2341035985524727
0.05º,Cape,Elevation,26.87606247734084,-0.30991031988810164
0.05º,Cape,Elevation,18.87003499962333,-0.4702364745978367
0.05º,Cape,Elevation,86.35240066223207,0.8811438732106659
0.05º,Cape,Elevation,211.50673007020436,3.387444586654671
0.05º,Cape,Elevation,59.42319050471839,0.3418680930636564
0.05º,Cape,Elevation,107.38391484843767,1.3023142734600168
0.05º,Cape,Elevation,75.74805506744454,0.66878462798482885
0.05º,Cape,Elevation,60.214205791462206,0.35770871309565383
0.05º,Cape,Elevation,18.644568779511854,-0.4747515892646324
0.05º,Cape,Elevation,131.41336008731844,1.7835202855153554
0.05º,Cape,Elevation,18.632923022223242,-0.4749848034885359
0.05º,Cape,Elevation,70.91003736618974,0.5719000273987525
0.05º,Cape,Elevation,16.1138566321096,-0.5254308241785118
0.05º,Cape,Elevation,58.89960596161801,0.3313829558724123
0.05º,Cape,Elevation,87.11559129326686,0.8964272855552845
0.05º,Cape,Elevation,36.73739627125068,-0.11243039218524635
0.05º,Cape,Elevation,72.7653002805786,0.6090529312411889
0.05º,Cape,Elevation,52.68870568065168,0.20700544628924075
0.05º,Cape,Elevation,27.147231259546743,-0.30447998027842693
0.05º,Cape,Elevation,205.23290229168217,3.261806911060738
0.05º,Cape,Elevation,10.846302035129485,-0.6309171937429318
0.05º,Cape,Elevation,21.506988543676016,-0.4174296833342741
0.05º,Cape,Elevation,81.00118591947793,0.7739821522298618
0.05º,Cape,Elevation,57.84436340733848,0.31025100479123147
0.05º,Cape,Elevation,86.21922617793822,0.8784769634315389
0.05º,Cape,Elevation,59.289485624449476,0.3391905617437724
0.05º,Cape,Elevation,113.15697446580413,1.4179237254558392
0.05º,Cape,Elevation,17.576420815355732,-0.4961419799709863
0.05º,Cape,Elevation,211.1306882946001,3.379914093902722
0.05º,Cape,Elevation,41.188643343078134,-0.023291136958442843
0.05º,Cape,Elevation,103.78803917659724,1.2303044132784198
0.05º,Cape,Elevation,76.49183977606005,0.6836794235118387
0.05º,Cape,Elevation,53.78924715786773,0.2290445391641661
0.05º,Cape,Elevation,111.88522080590643,1.3924559919766681
0.05º,Cape,Elevation,75.75468333460998,0.6689173635506237
0.05º,Cape,Elevation,62.2022626208135,0.39752090555707564
0.05º,Cape,Elevation,47.50647372910362,0.10322772082951026
0.05º,Cape,Elevation,50.50639829533743,0.16330325410268098
0.05º,Cape,Elevation,334.79749226562944,5.856426097027939
0.05º,Cape,Elevation,100.86313933919769,1.1717313013141462
0.05º,Cape,Elevation,24.8727048358148,-0.3500289215376933
0.05º,Cape,Elevation,19.645305095984327,-0.4547111627303784
0.05º,Cape,Elevation,55.889649818194094,0.271106533431544
0.05º,Cape,Elevation,213.79205957065267,3.4332098668852673
0.05º,Cape,Elevation,137.98541705745316,1.9151302038534586
0.05º,Cape,Elevation,102.08256543806608,1.1961511397331872
0.05º,Cape,Elevation,24.116290404570407,-0.3651766358649166
0.05º,Cape,Elevation,123.22253043652404,1.619493341384914
0.05º,Cape,Elevation,112.66642602889782,1.4081001587984736
0.05º,Cape,Elevation,34.43552842438864,-0.15852686407027447
0.05º,Cape,Elevation,120.70110517293818,1.5690000826465678
0.05º,Cape,Elevation,94.37015373858645,1.041704841021699
0.05º,Cape,Elevation,82.17074247017109,0.7974033189708076
0.05º,Cape,Elevation,98.68760812007997,1.1281648064722418
0.05º,Cape,Elevation,45.57403482444414,0.06452931520226966
0.05º,Cape,Elevation,185.76044585737785,2.871857704471841
0.05º,Cape,Elevation,34.844790453860796,-0.15033111310182048
0.05º,Cape,Elevation,103.66239866462888,1.2277883764279702
0.05º,Cape,Elevation,25.836060656947453,-0.330737064889773
0.05º,Cape,Elevation,42.31950115437074,-6.449388392602008e-4
0.05º,Cape,Elevation,116.1818840543032,1.4784996008220486
0.05º,Cape,Elevation,54.037622301415084,0.23401842063050587
0.05º,Cape,Elevation,34.42364991224472,-0.15876473936873034
0.05º,Cape,Elevation,59.40702547016562,0.341544377233576
0.05º,Cape,Elevation,178.00749365938023,2.7165995546574813
0.05º,Cape,Elevation,61.807162972501175,0.3896087659201101
0.05º,Cape,Elevation,44.74649942091079,0.047957354950579796
0.05º,Cape,Elevation,44.75173459356509,0.04806219284968043
0.05º,Cape,Elevation,15.118145977433711,-0.5453706084113297
0.05º,Cape,Elevation,80.31942117187515,0.7603293486760362
0.05º,Cape,Elevation,30.979047106952592,-0.22774525733621304
0.05º,Cape,Elevation,51.06243356808289,0.1744382392635954
0.05º,Cape,Elevation,128.58757431813854,1.7269320002931234
0.05º,Cape,Elevation,31.56086979974301,-0.2160938615200516
0.05º,Cape,Elevation,13.359754590167155,-0.5805835939250312
0.05º,Cape,Elevation,53.022941295420914,0.21369874218812931
0.05º,Cape,Elevation,37.65684003610641,-0.09401790438134651
0.05º,Cape,Elevation,27.332340951612057,-0.3007730325804662
0.05º,Cape,Elevation,43.89737011943046,0.03095296218068187
0.05º,Cape,Elevation,25.16914959927919,-0.3440924131829115
0.05º,Cape,Elevation,88.24622916502285,0.9190690792354027
0.05º,Cape,Elevation,16.254616018751825,-0.5226120215623006
0.05º,Cape,Elevation,64.95797605129167,0.45270594445685425
0.05º,Cape,Elevation,35.17492493768202,-0.1437199451442468
0.05º,Cape,Elevation,109.35426471237331,1.3417718718753189
0.05º,Cape,Elevation,202.9544277290808,3.216178905630764
0.05º,Cape,Elevation,208.26066887627042,3.3224399997200913
0.05º,Cape,Elevation,27.81470950029661,-0.2911132737576601
0.05º,Cape,Elevation,48.938838050507485,0.13191179222862218
0.05º,Cape,Elevation,51.01435447575177,0.17347542268360788
0.05º,Cape,Elevation,199.87877919930256,3.154586948397239
0.05º,Cape,Elevation,86.4246635310681,0.8825909863914564
0.05º,Cape,Elevation,27.537237115590514,-0.2966698473020156
0.05º,Cape,Elevation,65.06334113615964,0.4548159520660665
0.05º,Cape,Elevation,26.486820625348752,-0.3177051531628657
0.05º,Cape,Elevation,290.15761105409416,4.962482062828195
0.05º,Cape,Elevation,18.00661331551638,-0.4875270820671651
0.05º,Cape,Elevation,123.81893729739544,1.6314367951030213
0.05º,Cape,Elevation,160.2612281908912,2.361218498204731
0.05º,Cape,Elevation,12.107856580630788,-0.6056537044781566
0.05º,Cape,Elevation,50.72918365032652,0.16776468261894015
0.05º,Cape,Elevation,71.13838630709242,0.5764728705133759
0.05º,Cape,Elevation,104.50709749757529,1.2447040460470193
0.05º,Cape,Elevation,51.10510675015486,0.1752927988076226
0.05º,Cape,Elevation,83.40793135647192,0.8221788693098855
0.05º,Cape,Elevation,83.8022754479271,0.8300758784060295
0.05º,Cape,Elevation,42.75461086118162,0.008068429477801372
0.05º,Cape,Elevation,29.510728578299172,-0.2571493362309276
0.05º,Cape,Elevation,2.340140801801012,-0.8012588676475252
0.05º,Cape,Elevation,55.07305132115122,0.25475359218358834
0.05º,Cape,Elevation,37.409507477138476,-0.09897090738117542
0.05º,Cape,Elevation,35.68352959603658,-0.13353479035076213
0.05º,Cape,Elevation,52.58159231434425,0.20486042815310745
0.05º,Cape,Elevation,19.76413541129713,-0.45233150470771094
0.05º,Cape,Elevation,77.03115577245875,0.6944795937731459
0.05º,Cape,Elevation,23.13945631439765,-0.38473840403304566
0.05º,Cape,Elevation,104.05886774978858,1.2357279399707952
0.05º,Cape,Elevation,55.77400964890085,0.2687907602563495
0.05º,Cape,Elevation,46.02340881532274,0.073528335525976235
0.05º,Cape,Elevation,99.46971470918224,1.143827023764514
0.05º,Cape,Elevation,27.10614463158088,-0.30530276799556755
0.05º,Cape,Elevation,72.9257891092281,0.6122668293751709
0.05º,Cape,Elevation,17.014332342433462,-0.507398184589458
0.05º,Cape,Elevation,47.94582782286443,0.11202608588692493
0.05º,Cape,Elevation,127.62964297439613,1.7077487725006135
0.05º,Cape,Elevation,49.330275206735344,0.1397505879663578
0.05º,Cape,Elevation,92.99851160016156,1.0142367727064754
0.05º,Cape,Elevation,59.600035983727366,0.3454095442647948
0.05º,Cape,Elevation,122.62414232685053,1.607510211809729
0.05º,Cape,Elevation,85.77487084953778,0.8695784452431482
0.05º,Cape,Elevation,153.35481038741875,2.2229127763805945
0.05º,Cape,Elevation,85.32947313515469,0.8606590525652824
0.05º,Cape,Elevation,77.79725238051093,0.7098212002873662
0.05º,Cape,Elevation,135.39093721727153,1.8631739774470462
0.05º,Cape,Elevation,20.448177470239603,-0.43863309644278664
0.05º,Cape,Elevation,54.790981034703066,0.24910494252431953
0.05º,Cape,Elevation,240.44556204651988,3.9669644128689736
0.05º,Cape,Elevation,54.19572747386576,0.23718458442513263
0.05º,Cape,Elevation,30.630469680995905,-0.23472575777513807
0.05º,Cape,Elevation,37.463266231267916,-0.09789435170414988
0.05º,Cape,Elevation,53.52921606319727,0.2238372393354421
0.05º,Cape,Elevation,153.5912975850202,2.227648593630166
0.05º,Cape,Elevation,133.56287902678858,1.8265658667352747
0.05º,Cape,Elevation,25.060058856515504,-0.34627702962975854
0.05º,Cape,Elevation,65.40920538019206,0.4617421191884803
0.05º,Cape,Elevation,33.79401062822446,-0.17137369500148547
0.05º,Cape,Elevation,62.9103256791249,0.41170035069975536
0.05º,Cape,Elevation,17.28225758018632,-0.5020327991672667
0.05º,Cape,Elevation,22.130207616798113,-0.40494929679881375
0.05º,Cape,Elevation,212.81403841136915,3.413624326849451
0.05º,Cape,Elevation,71.72273911823213,0.5881749336732395
0.05º,Cape,Elevation,139.201120802297,1.9394754995971355
0.05º,Cape,Elevation,21.587660444510178,-0.41581417355868766
0.05º,Cape,Elevation,62.292581911579404,0.39932961088876606
0.05º,Cape,Elevation,51.515960197952126,0.1835204190122627
0.05º,Cape,Elevation,22.15606471734467,-0.4044314907440494
0.05º,Cape,Elevation,248.27661151642465,4.1237865137605745
0.05º,Cape,Elevation,19.30420891818278,-0.461541846078058
0.05º,Cape,Elevation,117.00819263041952,1.4950469930188806
0.05º,Cape,Elevation,18.82628397401612,-0.4711126186929867
0.05º,Cape,Elevation,26.536765742742585,-0.31670496815968324
0.05º,Cape,Elevation,41.19121307318505,-0.02323967636230701
0.05º,Cape,Elevation,44.48030966193316,0.04262672367323614
0.05º,Cape,Elevation,66.57142226412147,0.4850163041020018
0.05º,Cape,Elevation,72.88486867286998,0.6114473697582008
0.05º,Cape,Elevation,88.84527057852337,0.9310652916648164
0.05º,Cape,Elevation,41.50232722551315,-0.017009403501344524
0.05º,Cape,Elevation,56.463780956658496,0.2826039006321076
0.05º,Cape,Elevation,33.03856790053995,-0.1865019503029051
0.05º,Cape,Elevation,79.08458802037626,0.7356009735313179
0.05º,Cape,Elevation,10.588567843197081,-0.6360784965294571
0.05º,Cape,Elevation,62.28488963517085,0.3991755678129734
0.05º,Cape,Elevation,23.597325558523202,-0.37556926047529315
0.05º,Cape,Elevation,107.64952911542392,1.3076333801181532
0.05º,Cape,Elevation,19.492232651834435,-0.4577765427120082
0.05º,Cape,Elevation,128.69358310605995,1.7290548984945326
0.05º,Cape,Elevation,36.25608905492177,-0.12206889710455
0.05º,Cape,Elevation,16.857197059622564,-0.5105449256832669
0.05º,Cape,Elevation,39.03167200395964,-0.06648595755860488
0.05º,Cape,Elevation,45.68609938307059,0.0667734843378151
0.05º,Cape,Elevation,10.460542771208704,-0.638642285818897
0.05º,Cape,Elevation,70.3690671374186,0.5610667300071664
0.05º,Cape,Elevation,36.15848100614754,-0.12402356478115341
0.05º,Cape,Elevation,235.4164135790295,3.8662522884725483
0.05º,Cape,Elevation,57.68018769901101,0.30696327437984466
0.05º,Cape,Elevation,50.74529193208025,0.16808726193555434
0.05º,Cape,Elevation,201.45248082361294,3.1861013955794864
0.05º,Cape,Elevation,51.923205653376236,0.19167578671152233
0.05º,Cape,Elevation,23.966855798164275,-0.36816916566728597
0.05º,Cape,Elevation,83.68203155114526,0.827667912451378
0.05º,Cape,Elevation,161.64990792523227,2.389027755985809
0.05º,Cape,Elevation,19.19191531071694,-0.46379060207266215
0.05º,Cape,Elevation,19.945830335856403,-0.44869294005552357
0.05º,Cape,Elevation,81.03413114912857,0.7746419028990441
0.05º,Cape,Elevation,73.99728304270633,0.6337242253967929
0.05º,Cape,Elevation,80.35309188830698,0.7610036277122825
0.05º,Cape,Elevation,176.25031918064337,2.6814109385661618
0.05º,Cape,Elevation,11.470290606118793,-0.6184213974884252
0.05º,Cape,Elevation,84.05602281845474,0.835157342377722
0.05º,Cape,Elevation,118.85369807402287,1.5320044968611188
0.05º,Cape,Elevation,14.110479056752382,-0.5655498250166536
0.05º,Cape,Elevation,58.23550323474545,0.3180838463167602
0.05º,Cape,Elevation,51.3099402003708,0.17939472820025212
0.05º,Cape,Elevation,20.464669525817207,-0.43830283179388607
0.05º,Cape,Elevation,38.14011078387439,-0.08434007840723078
0.05º,Cape,Elevation,132.32475372966533,1.8017715641315055
0.05º,Cape,Elevation,22.47481082288265,-0.3980483828204457
0.05º,Cape,Elevation,41.25877657047546,-0.021886671298377097
0.05º,Cape,Elevation,12.566741877048335,-0.5964642137810252
0.05º,Cape,Elevation,63.42827026872109,0.4220725439796045
0.05º,Cape,Elevation,85.78511707575403,0.8697836329038339
0.05º,Cape,Elevation,46.51758087847939,0.08342446776776445
0.05º,Cape,Elevation,23.988577485101718,-0.3677341740874817
0.05º,Cape,Elevation,58.55113598746138,0.3244046072289898
0.05º,Cape,Elevation,97.67350113435552,1.1078566231768436
0.05º,Cape,Elevation,93.59978942401679,1.026277770776898
0.05º,Cape,Elevation,40.124265378464344,-0.044606030855478825
0.05º,Cape,Elevation,54.68485453071116,0.24697968697839928
0.05º,Cape,Elevation,68.05557841565594,0.5147375421850068
0.05º,Cape,Elevation,189.2795258928071,2.942329679713803
0.05º,Cape,Elevation,31.530138754858854,-0.21670927163077155
0.05º,Cape,Elevation,52.078297407287884,0.1947816047468774
0.05º,Cape,Elevation,48.17375502082885,0.11659048331187832
0.05º,Cape,Elevation,15.072791916540982,-0.5462788543802125
0.05º,Cape,Elevation,47.35902949012585,0.1002750494909217
0.05º,Cape,Elevation,46.51149035124498,0.0833025008104481
0.05º,Cape,Elevation,121.30558503829565,1.581105203779608
0.05º,Cape,Elevation,67.29877243604388,0.49958198683496075
0.05º,Cape,Elevation,220.76897201469816,3.572927291914542
0.05º,Cape,Elevation,219.4091543885266,3.5456960175131758
0.05º,Cape,Elevation,106.46213599740146,1.2838550239644697
0.05º,Cape,Elevation,25.919810693354343,-0.32905991335222357
0.05º,Cape,Elevation,85.69048009635377,0.8678884629156196
0.05º,Cape,Elevation,33.19006989757934,-0.18346801959460132
0.05º,Cape,Elevation,112.71826000061199,1.4091381693962883
0.05º,Cape,Elevation,35.3759597251202,-0.13969408656175283
0.05º,Cape,Elevation,20.82338061078721,-0.43111939792920567
0.05º,Cape,Elevation,62.887417330353486,0.4112415954082587
0.05º,Cape,Elevation,114.62636540435138,1.4473492800893055
0.05º,Cape,Elevation,190.65520815320875,2.9698786542241264
0.05º,Cape,Elevation,150.8305381910725,2.172362505874119
0.05º,Cape,Elevation,149.42678761194537,2.1442514441585057
0.05º,Cape,Elevation,33.83502751324988,-0.17055230393424287
0.05º,Cape,Elevation,58.56435129450741,0.3246692527561124
0.05º,Cape,Elevation,26.837531710846868,-0.3106819247379714
0.05º,Cape,Elevation,142.28638633971372,2.0012600439606416
0.05º,Cape,Elevation,43.6718701201977,0.026437171063968912
0.05º,Cape,Elevation,21.661883155887562,-0.41432781319577533
0.05º,Cape,Elevation,50.27818788162228,0.1587331850893656
0.05º,Cape,Elevation,52.24165950088078,0.19805304196889248
0.05º,Cape,Elevation,21.67145807921321,-0.4141360688328295
0.05º,Cape,Elevation,73.52591500407387,0.624284759282375
0.05º,Cape,Elevation,27.87670150816588,-0.28987184156521784
0.05º,Cape,Elevation,62.37182199975645,0.4009164476404066
0.05º,Cape,Elevation,22.596170868019236,-0.395618065234564
0.05º,Cape,Elevation,37.70622374315495,-0.09302896200281474
0.05º,Cape,Elevation,22.92206090662029,-0.38909189518424464
0.05º,Cape,Elevation,73.11688790668248,0.6160937129888965
0.05º,Cape,Elevation,190.46586253592338,2.9660868792377184
0.05º,Cape,Elevation,116.9135238148163,1.4931511854890125
0.05º,Cape,Elevation,21.324985954445214,-0.4210744091811193
0.05º,Cape,Elevation,11.016125130990183,-0.6275163705486537
0.05º,Cape,Elevation,19.472560612787042,-0.45817048869639887
0.05º,Cape,Elevation,135.84354143120763,1.8722376851882148
0.05º,Cape,Elevation,77.50564249396888,0.7039815136369328
0.05º,Cape,Elevation,14.807400595673224,-0.5515934963904341
0.05º,Cape,Elevation,111.25038339641092,1.3797429403398132
0.05º,Cape,Elevation,69.67236944305795,0.5471148840207689
0.05º,Cape,Elevation,34.441487106091,-0.1584075374095632
0.05º,Cape,Elevation,326.46899766055446,5.689642318397551
0.05º,Cape,Elevation,35.94613506064463,-0.1282759370101319
0.05º,Cape,Elevation,186.40200662331452,2.8847053959020212
0.05º,Cape,Elevation,49.78323527192833,0.14882142187138545
0.05º,Cape,Elevation,34.42876912405854,-0.15866222366446392
0.05º,Cape,Elevation,119.69837755101426,1.5489197788639817
0.05º,Cape,Elevation,41.96304162821707,-0.007783283704667217
0.05º,Cape,Elevation,52.44880898969581,0.20220135161237499
0.05º,Cape,Elevation,131.07367391378426,1.776717838463759
0.05º,Cape,Elevation,60.56087137370949,0.36465092756176803
0.05º,Cape,Elevation,27.442505745118424,-0.2985669075357514
0.05º,Cape,Elevation,142.56009178148884,2.006741181906404
0.05º,Cape,Elevation,116.24561390703603,1.4797758345418692
0.05º,Cape,Elevation,21.531054586352095,-0.4169477444336052
0.05º,Cape,Elevation,31.024106517536598,-0.2268429119405062
0.05º,Cape,Elevation,89.85022328097965,0.9511901542009997
0.05º,Cape,Elevation,19.061994947937265,-0.46639234585145034
0.05º,Cape,Elevation,50.91168157029624,0.17141932780129865
0.05º,Cape,Elevation,33.965470398434846,-0.16794009628829662
0.05º,Cape,Elevation,315.93031709597255,5.478598060138855
0.05º,Cape,Elevation,35.78699977407799,-0.13146272954174268
0.05º,Cape,Elevation,33.29886864935806,-0.18128925046616032
0.05º,Cape,Elevation,118.06874819075126,1.5162853406659829
0.05º,Cape,Elevation,14.283472878432024,-0.5620855058776509
0.05º,Cape,Elevation,99.57334915731757,1.1459023741940804
0.05º,Cape,Elevation,28.034061361801623,-0.28672060328764226
0.05º,Cape,Elevation,257.0675237785846,4.299830521017039
0.05º,Cape,Elevation,28.546669057909646,-0.27645528493589383
0.05º,Cape,Elevation,131.3686154088882,1.7826242428454528
0.05º,Cape,Elevation,28.507826579809958,-0.2772331320230357
0.05º,Cape,Elevation,105.36684546964204,1.2619210849298603
0.05º,Cape,Elevation,37.47067575237071,-0.09774597099599495
0.05º,Cape,Elevation,11.829512700183146,-0.6112277303184824
0.05º,Cape,Elevation,44.11703703776661,0.035351941878389845
0.05º,Cape,Elevation,91.6028306067011,0.9862873099416071
0.05º,Cape,Elevation,30.994007899592436,-0.22744565727088328
0.05º,Cape,Elevation,34.96506037144772,-0.1479226260628195
0.05º,Cape,Elevation,44.349844366812036,0.04001406725305054
0.05º,Cape,Elevation,30.54218522293518,-0.23649371419558543
0.05º,Cape,Elevation,28.024707205449808,-0.2869079266415296
0.05º,Cape,Elevation,215.78415434752316,3.4731029219967953
0.05º,Cape,Elevation,74.19638749515707,0.6377114277060354
0.05º,Cape,Elevation,239.73512964324522,3.952737519979182
0.05º,Cape,Elevation,215.41703754009302,3.465751157813072
0.05º,Cape,Elevation,24.86474080099371,-0.3501884067608447
0.05º,Cape,Elevation,70.60317998775193,0.5657549993350629
0.05º,Cape,Elevation,17.125788628493634,-0.5051661965264654
0.05º,Cape,Elevation,33.09804215548328,-0.18531093782813798
0.05º,Cape,Elevation,76.65672615668998,0.6869813856202601
0.05º,Cape,Elevation,52.39744960562443,0.20117284495544147
0.05º,Cape,Elevation,58.396515167517805,0.3213082199671905
0.05º,Cape,Elevation,96.83142906436063,1.0909935562754998
0.05º,Cape,Elevation,51.61836009887454,0.1855710467927995
0.05º,Cape,Elevation,42.88807186886571,0.01074107708302504
0.05º,Cape,Elevation,73.26321338088891,0.6190239803007299
0.05º,Cape,Elevation,51.71321680041496,0.18747061686656608
0.05º,Cape,Elevation,18.567193867803798,-0.47630107458674553
0.05º,Cape,Elevation,158.05512509046656,2.317039780611178
0.05º,Cape,Elevation,114.73880989300066,1.449601057582403
0.05º,Cape,Elevation,46.45840697083266,0.08223946995223684
0.05º,Cape,Elevation,13.298312111191171,-0.581814021426994
0.05º,Cape,Elevation,101.29898355107831,1.1804593785956443
0.05º,Cape,Elevation,131.12005790437752,1.777646709476581
0.05º,Cape,Elevation,43.2997307260915,0.01898482616019292
0.05º,Cape,Elevation,195.02761513617162,3.0574390829580396
0.05º,Cape,Elevation,146.8280301503971,2.0922095554699034
0.05º,Cape,Elevation,162.66311361193348,2.4093178901542163
0.05º,Cape,Elevation,31.12988122456395,-0.2247247013684787
0.05º,Cape,Elevation,24.964228578996178,-0.34819609622579534
0.05º,Cape,Elevation,64.25612204909805,0.43865083989313364
0.05º,Cape,Elevation,18.883448431260145,-0.4699678614908023
0.05º,Cape,Elevation,34.86359584672315,-0.1499545222977271
0.05º,Cape,Elevation,28.459058716704934,-0.27820974170702695
0.05º,Cape,Elevation,67.85974769761653,0.5108158986377306
0.05º,Cape,Elevation,91.87047342754107,0.9916470397727083
0.05º,Cape,Elevation,131.33000798571513,1.7818511028933586
0.05º,Cape,Elevation,65.66615000609376,0.4668876103773133
0.05º,Cape,Elevation,171.0813352360113,2.5778985134707275
0.05º,Cape,Elevation,23.198011993972173,-0.38356578665585983
0.05º,Cape,Elevation,75.36776321897382,0.6611690246281751
0.05º,Cape,Elevation,102.3921081572452,1.2023499435747314
0.05º,Cape,Elevation,36.938878566749494,-0.108395571948953
0.05º,Cape,Elevation,53.92250719037648,0.23171316210458015
0.05º,Cape,Elevation,59.55794160876633,0.3445665757275026
0.05º,Cape,Elevation,95.42908072335403,1.062910575333588
0.05º,Cape,Elevation,153.18358460088578,2.2194838633499576
0.05º,Cape,Elevation,158.65515009390353,2.3290556900991843
0.05º,Cape,Elevation,62.76125297763252,0.408715068289848
0.05º,Cape,Elevation,39.7775481089754,-0.051549280393821506
0.05º,Cape,Elevation,22.851289574994446,-0.3905091393162237
0.05º,Cape,Elevation,198.72830764961418,3.131547971803935
0.05º,Cape,Elevation,76.02743174909082,0.6743793363728001
0.05º,Cape,Elevation,59.395780901570404,0.3413191970865857
0.05º,Cape,Elevation,184.77538154376913,2.8521311204721953
0.05º,Cape,Elevation,63.39995220424038,0.42150545544541557
0.05º,Cape,Elevation,51.83297767904024,0.18986891005355427
0.05º,Cape,Elevation,35.25950907058814,-0.14202609025603438
0.05º,Cape,Elevation,55.442353555123105,0.2621491210227309
0.05º,Cape,Elevation,86.88015043028653,0.8917124218693634
0.05º,Cape,Elevation,53.60576961328647,0.22537027633154794
0.05º,Cape,Elevation,87.72951801789596,0.9087215864813397
0.05º,Cape,Elevation,71.75669098818095,0.5888548430002122
0.05º,Cape,Elevation,79.50538601162505,0.7440277399937449
0.05º,Cape,Elevation,115.01458841225553,1.455123710317075
0.05º,Cape,Elevation,105.54700418112502,1.2655288858685803
0.05º,Cape,Elevation,236.03756897844062,3.878691348535975
0.05º,Cape,Elevation,89.23147292313583,0.9387992567335014
0.05º,Cape,Elevation,80.17663372961862,0.7574699328644438
0.05º,Cape,Elevation,168.79181202529904,2.5320492513349406
0.05º,Cape,Elevation,110.36570611291785,1.3620266750114387
0.05º,Cape,Elevation,58.62766970250206,0.32593724701473553
0.05º,Cape,Elevation,28.06403325967105,-0.28612039561309555
0.05º,Cape,Elevation,59.35352748181625,0.34047304356895486
0.05º,Cape,Elevation,287.3417193878968,4.906091913758993
0.05º,Cape,Elevation,97.72407872792793,1.1088694739464051
0.05º,Cape,Elevation,100.96936958934582,1.1738586344475266
0.05º,Cape,Elevation,122.86251150339956,1.6122837169699096
0.05º,Cape,Elevation,28.10769556304859,-0.28524602824104067
0.05º,Cape,Elevation,63.93797796331093,0.432279787825194
0.05º,Cape,Elevation,14.471507162455534,-0.5583199912332167
0.05º,Cape,Elevation,34.01012953761262,-0.16704576660020257
0.05º,Cape,Elevation,54.066335621237016,0.23459342442218828
0.05º,Cape,Elevation,69.43559788026042,0.5423733721644088
0.05º,Cape,Elevation,27.651681222567316,-0.2943780260895794
0.05º,Cape,Elevation,355.38338953336756,6.268672714888292
0.05º,Cape,Elevation,16.229374347867456,-0.5231175032187905
0.05º,Cape,Elevation,81.72038648406196,0.7883846335235809
0.05º,Cape,Elevation,56.12514567013096,0.27582249830878364
0.05º,Cape,Elevation,23.13074227787365,-0.38491290855127036
0.05º,Cape,Elevation,34.216211510562076,-0.16291883468922172
0.05º,Cape,Elevation,98.77802226458525,1.1299754113146865
0.05º,Cape,Elevation,21.078445725981183,-0.42601154522279655
0.05º,Cape,Elevation,54.821112540404116,0.24970834645443457
0.05º,Cape,Elevation,36.228658609627146,-0.12261821045980681
0.05º,Cape,Elevation,68.89072807325584,0.5314619830619343
0.05º,Cape,Elevation,44.63954342043472,0.04581548817243213
0.05º,Cape,Elevation,131.59175021515546,1.7870926693616371
0.05º,Cape,Elevation,103.7648369044985,1.2298397719720449
0.05º,Cape,Elevation,117.49918933458473,1.5048795365335081
0.05º,Cape,Elevation,42.292397227252955,-0.0011877134455704882
0.05º,Cape,Elevation,85.70840780128226,0.8682474774208728
0.05º,Cape,Elevation,36.023506664738854,-0.12672651792523917
0.05º,Cape,Elevation,116.1168484282784,1.4771972181024393
0.05º,Cape,Elevation,27.108717035948036,-0.30525125384554835
0.05º,Cape,Elevation,31.217952601109758,-0.22296101205053892
0.05º,Cape,Elevation,118.75562782427693,1.5300405732951616
0.05º,Cape,Elevation,37.37295631773667,-0.09970286925032758
0.05º,Cape,Elevation,45.18115486355471,0.05666162631821009
0.05º,Cape,Elevation,30.376881593663498,-0.2398040319923273
0.05º,Cape,Elevation,61.00987327266542,0.37364249649121883
0.05º,Cape,Elevation,80.97045645032202,0.7733667736741734
0.05º,Cape,Elevation,261.6949555288962,4.3924979944642715
0.05º,Cape,Elevation,19.320343946479692,-0.4612187311436943
0.05º,Cape,Elevation,134.9930455153028,1.8552059250333985
0.05º,Cape,Elevation,25.505733037687854,-0.33735210051608233
0.05º,Cape,Elevation,72.05887327637062,0.594906249196566
0.05º,Cape,Elevation,79.68494233090787,0.7476234776182499
0.05º,Cape,Elevation,140.23130040342627,1.9601055479662117
0.05º,Cape,Elevation,31.28774941232016,-0.22156328335381512
0.05º,Cape,Elevation,30.907309332324367,-0.2291818551477479
0.05º,Cape,Elevation,25.883879369781763,-0.3297794625866043
0.05º,Cape,Elevation,23.983471968267352,-0.3678364155404542
0.05º,Cape,Elevation,35.29258076504125,-0.14136380704302265
0.05º,Cape,Elevation,38.30171059347048,-0.0811039321228874
0.05º,Cape,Elevation,208.68330740396206,3.3309036241787346
0.05º,Cape,Elevation,46.064766752092574,0.07435655638675778
0.05º,Cape,Elevation,66.9444020619149,0.49248547866217757
0.05º,Cape,Elevation,21.69391138650299,-0.4136864260570202
0.05º,Cape,Elevation,46.90457872597239,0.0911743633236046
0.05º,Cape,Elevation,34.47531528510407,-0.15773010507784913
0.05º,Cape,Elevation,29.551516568308855,-0.2563325289423201
0.05º,Cape,Elevation,55.45874231851052,0.2624773171751503
0.05º,Cape,Elevation,79.27648052026734,0.7394437515770844
0.05º,Cape,Elevation,165.8301519344081,2.472739990249916
0.05º,Cape,Elevation,161.73593933343864,2.3907505935479305
0.05º,Cape,Elevation,65.61024955286985,0.4657681657167915
0.05º,Cape,Elevation,68.17528673252046,0.5171347827869256
0.05º,Cape,Elevation,70.38824864360646,0.5614508527368474
0.05º,Cape,Elevation,75.30735922153183,0.6599593934264429
0.05º,Cape,Elevation,37.53704339373533,-0.09641691376171001
0.05º,Cape,Elevation,80.22366607138717,0.7584117875512699
0.05º,Cape,Elevation,62.81756319187856,0.40984271869400607
0.05º,Cape,Elevation,27.466731344716518,-0.29808177339901376
0.05º,Cape,Elevation,5.2906255532016555,-0.7421734003494994
0.05º,Cape,Elevation,48.70800077421328,0.12728911850249236
0.05º,Cape,Elevation,164.89139494576762,2.453940741981719
0.05º,Cape,Elevation,37.158201004109415,-0.10400349071748716
0.05º,Cape,Elevation,62.51740059152242,0.40383175812252226
0.05º,Cape,Elevation,72.43940268277207,0.6025266098126297
0.05º,Cape,Elevation,33.66986566769832,-0.17385978241539266
0.05º,Cape,Elevation,91.32166418100691,0.9806567607097323
0.05º,Cape,Elevation,89.23980353033161,0.9389660828182
0.05º,Cape,Elevation,144.7216013745755,2.0500268841341693
0.05º,Cape,Elevation,55.027842754498884,0.2538482598359939
0.05º,Cape,Elevation,22.675021938663953,-0.39403901882404413
0.05º,Cape,Elevation,47.12245773029424,0.09553753882507889
0.05º,Cape,Elevation,138.63926468531238,1.9282239480646184
0.05º,Cape,Elevation,125.17892964734905,1.658671568467162
0.05º,Cape,Elevation,104.42547267201725,1.2430694533046143
0.05º,Cape,Elevation,32.45943295694027,-0.1980995221103713
0.05º,Cape,Elevation,88.11099518182841,0.9163609265876645
0.05º,Cape,Elevation,80.73927653493075,0.7687372383666865
0.05º,Cape,Elevation,25.23143772284416,-0.3428450510719207
0.05º,Cape,Elevation,42.89067783756444,0.010793263381651208
0.05º,Cape,Elevation,12.614025665279621,-0.5955173237074738
0.05º,Cape,Elevation,144.26311533690685,2.040845388865498
0.05º,Cape,Elevation,220.02029993836314,3.557934623519208
0.05º,Cape,Elevation,54.015719403700736,0.233579800181436
0.05º,Cape,Elevation,66.95549636727644,0.4927076496855399
0.05º,Cape,Elevation,57.935991105927855,0.312085911880999
0.05º,Cape,Elevation,7.299538901891275,-0.7019435418788802
0.05º,Cape,Elevation,48.62399430071653,0.1256068316375091
0.05º,Cape,Elevation,86.69875089220237,0.8880797725325855
0.05º,Cape,Elevation,99.86392724308203,1.1517213983309815
0.05º,Cape,Elevation,23.25801025026405,-0.38236428069708833
0.05º,Cape,Elevation,96.78078473862051,1.0899793691488155
0.05º,Cape,Elevation,131.04820929909832,1.776207892205752
0.05º,Cape,Elevation,42.34665811243004,-1.0110225221633862e-4
0.05º,Cape,Elevation,42.991298283203456,0.012808256357803551
0.05º,Cape,Elevation,63.74101345259299,0.4283354393070829
0.05º,Cape,Elevation,49.38252921833209,0.14079701014899218
0.05º,Cape,Elevation,29.409822747258445,-0.25917004424418094
0.05º,Cape,Elevation,34.537610101469646,-0.15648260893896632
0.05º,Cape,Elevation,62.953344886006825,0.4125618396263469
0.05º,Cape,Elevation,40.872197262231595,-0.029628185320604572
0.05º,Cape,Elevation,189.5725576595229,2.9481978404834357
0.05º,Cape,Elevation,37.03008967001469,-0.10656900746437663
0.05º,Cape,Elevation,183.9790925354995,2.836184890573682
0.05º,Cape,Elevation,180.96463701758356,2.7758183650932082
0.05º,Cape,Elevation,114.43932588263938,1.4436036862378863
0.05º,Cape,Elevation,113.02517992614872,1.4152844500082469
0.05º,Cape,Elevation,65.02093198129376,0.4539666798467218
0.05º,Cape,Elevation,79.50200219857426,0.7439599768320272
0.05º,Cape,Elevation,80.06456937577885,0.7552257678298911
0.05º,Cape,Elevation,101.82453283415109,1.1909838610434036
0.05º,Cape,Elevation,88.96945336240404,0.9335521365171668
0.05º,Cape,Elevation,75.9899316637708,0.6736283716156369
0.05º,Cape,Elevation,39.514709696635606,-0.05681279867148613
0.05º,Cape,Elevation,161.84900010079465,2.393014712441998
0.05º,Cape,Elevation,42.91975492566456,0.011375551880938008
0.05º,Cape,Elevation,58.46300880973516,0.32263980045439516
0.05º,Cape,Elevation,155.49743779833986,2.2658203500461536
0.05º,Cape,Elevation,39.41518676339558,-0.05880581321411867
0.05º,Cape,Elevation,91.4315922983289,0.9828581461526086
0.05º,Cape,Elevation,51.974448717504934,0.1927019639823554
0.05º,Cape,Elevation,155.54828134983148,2.2668385268042432
0.05º,Cape,Elevation,113.68030526960945,1.4284037813448285
0.05º,Cape,Elevation,174.34010181080075,2.643157534313054
0.05º,Cape,Elevation,38.619649639085175,-0.07473698612409359
0.05º,Cape,Elevation,119.37304893442231,1.5424048516718887
0.05º,Cape,Elevation,80.58243366358127,0.7655963530116109
0.05º,Cape,Elevation,220.69430324623406,3.5714319989545715
0.05º,Cape,Elevation,70.02328644580957,0.5541422360789552
0.05º,Cape,Elevation,51.360744975535965,0.1804121284359863
0.05º,Cape,Elevation,74.70747322165955,0.6479462675795222
0.05º,Cape,Elevation,106.98327284938892,1.2942911444735774
0.05º,Cape,Elevation,57.0355443248849,0.2940538516205047
0.05º,Cape,Elevation,12.174611623429287,-0.6043168892662235
0.05º,Cape,Elevation,34.78753443245166,-0.15147770393879353
0.05º,Cape,Elevation,136.46813338620439,1.8847455646185531
0.05º,Cape,Elevation,257.02057910166593,4.298890421878559
0.05º,Cape,Elevation,127.85554235945938,1.7122725615906815
0.05º,Cape,Elevation,36.09299347799665,-0.12533499714871643
0.05º,Cape,Elevation,97.5735042909553,1.1058541182603803
0.05º,Cape,Elevation,70.73791706340656,0.5684532010707756
0.05º,Cape,Elevation,47.5908569403052,0.1049175521237024
0.05º,Cape,Elevation,56.331653023156306,0.2799579487455936
0.05º,Cape,Elevation,66.00094424880855,0.4735920931814022
0.05º,Cape,Elevation,26.578926358835695,-0.3158606730985915
0.05º,Cape,Elevation,39.419961990668924,-0.05871018603463037
0.05º,Cape,Elevation,72.42927046295829,0.6023237052078255
0.05º,Cape,Elevation,67.6828241853896,0.5072728847682392
0.05º,Cape,Elevation,13.8677409185648,-0.570410821610199
0.05º,Cape,Elevation,15.277917545994086,-0.5421710738992984
0.05º,Cape,Elevation,122.66403392362336,1.60830906821306
0.05º,Cape,Elevation,167.6200396668676,2.5085837115344165
0.05º,Cape,Elevation,267.60461226453225,4.51084289681641
0.05º,Cape,Elevation,25.253351666679364,-0.342406209416755
0.05º,Cape,Elevation,106.58797353522061,1.2863750063918142
0.05º,Cape,Elevation,207.0465343540959,3.298126128729472
0.05º,Cape,Elevation,125.60278996436621,1.6671596600894487
0.05º,Cape,Elevation,28.10031520903683,-0.28539382485832626
0.05º,Cape,Elevation,42.88859888205868,0.010751630881265887
0.05º,Cape,Elevation,119.37947799932068,1.54253359807657
0.05º,Cape,Elevation,52.280909593903125,0.19883905182256664
0.05º,Cape,Elevation,26.154382435934355,-0.3243624543944463
0.05º,Cape,Elevation,23.27461754580707,-0.38203170828936783
0.05º,Cape,Elevation,175.7515653605772,2.6714230535207304
0.05º,Cape,Elevation,38.737564577768296,-0.07237565914207719
0.05º,Cape,Elevation,69.47909122379886,0.5432443560005742
0.05º,Cape,Elevation,55.76231567723283,0.26855658050665004
0.05º,Cape,Elevation,95.2752215308333,1.0598294401798243
0.05º,Cape,Elevation,55.77833198175545,0.2688773179165477
0.05º,Cape,Elevation,20.841396636227607,-0.4307586147455293
0.05º,Cape,Elevation,43.94859521080799,0.03197877953492792
0.05º,Cape,Elevation,71.67089679857102,0.5871367559021001
0.05º,Cape,Elevation,73.59734015511131,0.6257150965935155
0.05º,Cape,Elevation,60.472622985929725,0.36288369347327143
0.05º,Cape,Elevation,10.008963700412279,-0.6476854643702685
0.05º,Cape,Elevation,22.476657929265603,-0.3980113932567022
0.05º,Cape,Elevation,29.108225658405168,-0.26520973142513
0.05º,Cape,Elevation,116.66402332806494,1.4881547682583216
0.05º,Cape,Elevation,29.830766271203952,-0.25074036339035144
0.05º,Cape,Elevation,44.91029981958323,0.051237569530428004
0.05º,Cape,Elevation,27.519530186582678,-0.2970244406190441
0.05º,Cape,Elevation,22.577637732804632,-0.3959892038937733
0.05º,Cape,Elevation,30.31628724547914,-0.24101747509736032
0.05º,Cape,Elevation,71.57458082592052,0.5852079629301598
0.05º,Cape,Elevation,31.35655795252362,-0.22018534545730967
0.05º,Cape,Elevation,28.65205865436002,-0.27434478646554433
0.05º,Cape,Elevation,27.30463041664785,-0.3013279549221801
0.05º,Cape,Elevation,52.226630532836644,0.19775207664464423
0.05º,Cape,Elevation,50.15705493216778,0.15630741524923694
0.05º,Cape,Elevation,44.00726876568811,0.03315375744541625
0.05º,Cape,Elevation,43.73057964944593,0.027612869385687678
0.05º,Cape,Elevation,36.16725678965182,-0.12384782373758056
0.05º,Cape,Elevation,32.014570426260065,-0.20700819736996867
0.05º,Cape,Elevation,27.09489540042466,-0.3055280415135185
0.05º,Cape,Elevation,65.73512324067887,0.4682688463910169
0.05º,Cape,Elevation,33.68178581779973,-0.17362107328847035
0.05º,Cape,Elevation,19.63816372761027,-0.4548541734974493
0.05º,Cape,Elevation,56.17317542414462,0.27678432685535004
0.05º,Cape,Elevation,27.87525705766992,-0.2899007676704967
0.05º,Cape,Elevation,72.16648082860252,0.5970611637425233
0.05º,Cape,Elevation,17.202377607873913,-0.50363245003466794
0.05º,Cape,Elevation,187.68813495312645,2.91046099193962
0.05º,Cape,Elevation,24.366927910276537,-0.3601574490550108
0.05º,Cape,Elevation,59.88993289327638,0.3512149273838995
0.05º,Cape,Elevation,57.18741246139465,0.2970951145211515
0.05º,Cape,Elevation,15.562206999652634,-0.5364779839047333
0.05º,Cape,Elevation,37.24859233879967,-0.10219334265712846
0.05º,Cape,Elevation,46.61009341181373,0.08527709427613347
0.05º,Cape,Elevation,51.689263968906815,0.18699094509666522
0.05º,Cape,Elevation,50.88256563578126,0.17083626137608854
0.05º,Cape,Elevation,28.662323052659175,-0.274139234896518
0.05º,Cape,Elevation,70.39833097536948,0.5616527582994464
0.05º,Cape,Elevation,34.48633410091686,-0.1575094457841312
0.05º,Cape,Elevation,60.62696193959022,0.3659744361707178
0.05º,Cape,Elevation,39.801704920400994,-0.05106552378710331
0.05º,Cape,Elevation,46.86124453830106,0.09030656669211018
0.05º,Cape,Elevation,18.909682038934168,-0.46944251562429784
0.05º,Cape,Elevation,109.10357572462205,1.3367516541023847
0.05º,Cape,Elevation,27.95685593699079,-0.28826669451916787
0.05º,Cape,Elevation,38.41586031808409,-0.07881800611783538
0.05º,Cape,Elevation,60.49601671386191,0.363352168813149
0.05º,Cape,Elevation,59.58777254340938,0.34516396051740356
0.05º,Cape,Elevation,45.336129968157515,0.05976510837168292
0.05º,Cape,Elevation,9.832329056492021,-0.6512226934551145
0.05º,Cape,Elevation,79.69107667260471,0.7477463219900268
0.05º,Cape,Elevation,31.957575568253787,-0.20814955823187004
0.05º,Cape,Elevation,14.138846937676377,-0.5649817388742483
0.05º,Cape,Elevation,49.55771890966417,0.14430530307382053
0.05º,Cape,Elevation,29.577289089922413,-0.2558164166383123
0.05º,Cape,Elevation,361.08863032232307,6.3829240486405405
0.05º,Cape,Elevation,46.88058766971773,0.09069392607711241
0.05º,Cape,Elevation,54.22340287600158,0.23773880320802226
0.05º,Cape,Elevation,38.367400014925444,-0.07978845670436137
0.05º,Cape,Elevation,59.60447069954292,0.3454983524703521
0.05º,Cape,Elevation,11.376208408688115,-0.6203054575897282
0.05º,Cape,Elevation,17.262306715172706,-0.5024323288315938
0.05º,Cape,Elevation,233.63710888037124,3.8306204996500877
0.05º,Cape,Elevation,31.140329539315093,-0.22451546674719988
0.05º,Cape,Elevation,104.13543238993984,1.2372611990529494
0.05º,Cape,Elevation,24.452708635891412,-0.3584396315825726
0.05º,Cape,Elevation,10.792755983550782,-0.6319894899064654
0.05º,Cape,Elevation,70.62278556892186,0.5661476144551798
0.05º,Cape,Elevation,71.86196610394553,0.5909630489168336
0.05º,Cape,Elevation,17.11276463620546,-0.5054270108452201
0.05º,Cape,Elevation,29.37385902847598,-0.25989024221471035
0.05º,Cape,Elevation,84.06225349732257,0.8352821159669823
0.05º,Cape,Elevation,42.846724204203525,0.009913061928197549
0.05º,Cape,Elevation,137.87558469107904,1.912930735888548
0.05º,Cape,Elevation,66.36632303748267,0.48090905235543235
0.05º,Cape,Elevation,25.202264688233853,-0.3434292609654418
0.05º,Cape,Elevation,19.045560079767238,-0.4667214652835527
0.05º,Cape,Elevation,62.86186614301444,0.41072991547389187
0.05º,Cape,Elevation,95.1416639669175,1.0571548589702773
0.05º,Cape,Elevation,3.3882820430253298,-0.7802691251983658
0.05º,Cape,Elevation,53.95657670034775,0.23239542725315004
0.05º,Cape,Elevation,134.0538615340202,1.8363981259466349
0.05º,Cape,Elevation,116.82700563528951,1.4914185999995642
0.05º,Cape,Elevation,130.70506318899345,1.7693361575670894
0.05º,Cape,Elevation,23.587188922319996,-0.3757722535213044
0.05º,Cape,Elevation,23.280524805846905,-0.381913411382482
0.05º,Cape,Elevation,39.4996087835424,-0.057115204744357856
0.05º,Cape,Elevation,37.76947766897393,-0.09176225904369092
0.05º,Cape,Elevation,38.848078747532846,-0.07016253759976386
0.05º,Cape,Elevation,19.371067118509984,-0.46020296506633185
0.05º,Cape,Elevation,189.44171534296328,2.9455776339520816
0.05º,Cape,Elevation,32.4694890424077,-0.19789814214772278
0.05º,Cape,Elevation,21.274761665441527,-0.42208018478598736
0.05º,Cape,Elevation,87.70254968613568,0.9081815272644441
0.05º,Cape,Elevation,46.47557995740825,0.08258337070828706
0.05º,Cape,Elevation,38.74437061594207,-0.072239363590726
0.05º,Cape,Elevation,39.46546314036881,-0.05779899451217324
0.05º,Cape,Elevation,89.84740216413724,0.951133659414217
0.05º,Cape,Elevation,44.18175771866986,0.03664801760736949
0.05º,Cape,Elevation,92.21018302169202,0.9984499558381117
0.05º,Cape,Elevation,44.78398441692386,0.04870801753409102
0.05º,Cape,Elevation,176.72912019873584,2.690999255158319
0.05º,Cape,Elevation,162.21358640152536,2.400315801505043
0.05º,Cape,Elevation,39.974182824204036,-0.04761153625507188
0.05º,Cape,Elevation,30.968794848806194,-0.22795056579040937
0.05º,Cape,Elevation,114.06767039652898,1.4361610319214106
0.05º,Cape,Elevation,14.745081030156143,-0.5528414881479371
0.05º,Cape,Elevation,125.37132515342408,1.6625244195544577
0.05º,Cape,Elevation,52.0134355359608,0.19348270158346811
0.05º,Cape,Elevation,12.001321423367658,-0.6077871435842467
0.05º,Cape,Elevation,25.026546999822973,-0.34694812739149505
0.05º,Cape,Elevation,25.660096912375035,-0.3342608587580979
0.05º,Cape,Elevation,120.48578100956881,1.5646880695757677
0.05º,Cape,Elevation,49.58213263767718,0.14479420461023781
0.05º,Cape,Elevation,29.30711297702037,-0.26122687736887634
0.05º,Cape,Elevation,87.77859585916751,0.9097044036893024
0.05º,Cape,Elevation,66.08088666409077,0.4751929945118159
0.05º,Cape,Elevation,245.13738240257734,4.060921312013917
0.05º,Cape,Elevation,52.16938632798095,0.19660572244220448
0.05º,Cape,Elevation,93.61747766664197,1.0266319898863827
0.05º,Cape,Elevation,45.24613031848551,0.05796280407066782
0.05º,Cape,Elevation,38.777623586845074,-0.07157345019330236
0.05º,Cape,Elevation,18.284758681150496,-0.4819570316212272
0.05º,Cape,Elevation,25.533920601553227,-0.33678762534562506
0.05º,Cape,Elevation,112.84606306605615,1.4116975128534281
0.05º,Cape,Elevation,51.1753112588735,0.17669869192471124
0.05º,Cape,Elevation,57.53123839446946,0.30398046307794746
0.05º,Cape,Elevation,94.41912985047213,1.0426856210294015
0.05º,Cape,Elevation,137.58511519622112,1.9071138863585329
0.05º,Cape,Elevation,49.71341776595158,0.14742327874786626
0.05º,Cape,Elevation,78.07943214562884,0.7154720423315842
0.05º,Cape,Elevation,35.45200790338447,-0.13817116998074863
0.05º,Cape,Elevation,132.7504074154709,1.8102955691855938
0.05º,Cape,Elevation,69.89047565502378,0.5514826095101095
0.05º,Cape,Elevation,92.46128059250711,1.0034783557652647
0.05º,Cape,Elevation,54.1968077611762,0.23720621791451887
0.05º,Cape,Elevation,10.40683755796014,-0.6397177693033059
0.05º,Cape,Elevation,96.8920067629775,1.0922066659616005
0.05º,Cape,Elevation,261.4070977826394,4.386733446979367
0.05º,Cape,Elevation,32.29168759318569,-0.2014587373036752
0.05º,Cape,Elevation,97.39226716947782,1.102224721426805
0.05º,Cape,Elevation,62.806914785405425,0.4096294770996728
0.05º,Cape,Elevation,66.60054183255598,0.48559944329892635
0.05º,Cape,Elevation,60.379099212799076,0.36101081619902836
0.05º,Cape,Elevation,296.7576078958545,5.094651496130902
0.05º,Cape,Elevation,25.447484946413145,-0.3385185582280059
0.05º,Cape,Elevation,238.58649834434715,3.9297353956617074
0.05º,Cape,Elevation,4.074636765190647,-0.7665244042767976
0.05º,Cape,Elevation,27.15240157200856,-0.3043764412488697
0.05º,Cape,Elevation,27.36323406351157,-0.30015437696734826
0.05º,Cape,Elevation,75.54729501747497,0.664764271207321
0.05º,Cape,Elevation,87.9268553889528,0.9126734017817654
0.05º,Cape,Elevation,25.61312656902715,-0.3352014718843108
0.05º,Cape,Elevation,39.369488233237604,-0.05972095741472342
0.05º,Cape,Elevation,180.72116996851904,2.7709427715627486
0.05º,Cape,Elevation,63.4679612217481,0.4228673823552278
0.05º,Cape,Elevation,45.770175678933356,0.06845716944324745
0.05º,Cape,Elevation,45.94684827102546,0.07199515846608852
0.05º,Cape,Elevation,47.81121216813663,0.10933031568799538
0.05º,Cape,Elevation,54.765577832146946,0.24859622608605214
0.05º,Cape,Elevation,51.30350176793914,0.17926579420433478
0.05º,Cape,Elevation,62.96285791922669,0.41275234459775906
0.05º,Cape,Elevation,31.8220438095501,-0.210863674037054
0.05º,Cape,Elevation,21.294399661051823,-0.42168692054461815
0.05º,Cape,Elevation,46.73483629343829,0.0877751554673973
0.05º,Cape,Elevation,4.784505715667319,-0.7523087949131625
0.05º,Cape,Elevation,87.80418196492363,0.9102167828887608
0.05º,Cape,Elevation,46.04173277900248,0.07389528538269236
0.05º,Cape,Elevation,210.30258230738386,3.3633307073240464
0.05º,Cape,Elevation,32.740964390887825,-0.1924616633395446
0.05º,Cape,Elevation,76.9986369803838,0.6938283828069466
0.05º,Cape,Elevation,38.69937232944429,-0.0731404849349626
0.05º,Cape,Elevation,37.24770663513662,-0.1022110794764066
0.05º,Cape,Elevation,61.39247384127945,0.38130433354166227
0.05º,Cape,Elevation,33.46335424891947,-0.17799531427168644
0.05º,Cape,Elevation,88.83231458977518,0.9308058391632804
0.05º,Cape,Elevation,38.64907966968085,-0.0741476297108753
0.05º,Cape,Elevation,80.09216365610342,0.7557783620932428
0.05º,Cape,Elevation,191.88586427338313,2.99452338147078
0.05º,Cape,Elevation,85.07054590129752,0.8554738583013998
0.05º,Cape,Elevation,91.64412444648401,0.9871142472165565
0.05º,Cape,Elevation,94.34010437736339,1.0411030820907201
0.05º,Cape,Elevation,48.87479280683952,0.13062924259045133
0.05º,Cape,Elevation,86.28251044447929,0.8797442739842934
0.05º,Cape,Elevation,97.93714764904166,1.11313632425455
0.05º,Cape,Elevation,102.4428209180365,1.2033655011599398
0.05º,Cape,Elevation,80.80957126711805,0.7701449382702038
0.05º,Cape,Elevation,11.819023974017979,-0.6114377742058591
0.05º,Cape,Elevation,18.528557865743057,-0.4770747868505363
0.05º,Cape,Elevation,60.63093795037195,0.3660540584954593
0.05º,Cape,Elevation,38.048771804261946,-0.08616920370278236
0.05º,Cape,Elevation,55.45388475252227,0.26238004110679913
0.05º,Cape,Elevation,143.8263380585058,2.032098626291235
0.05º,Cape,Elevation,112.66998158694724,1.4081713612707982
0.05º,Cape,Elevation,17.26931002446683,-0.5022920827916577
0.05º,Cape,Elevation,95.91420019831314,1.072625423329235
0.05º,Cape,Elevation,166.89593706494756,2.494083063603309
0.05º,Cape,Elevation,18.392394490489945,-0.4798015512074398
0.05º,Cape,Elevation,30.1473057569826,-0.24440144453078788
0.05º,Cape,Elevation,91.17690553409652,0.9777578701819741
0.05º,Cape,Elevation,59.93487361601993,0.35211489597473966
0.05º,Cape,Elevation,12.009939209295764,-0.6076145665497797
0.05º,Cape,Elevation,55.06176510294881,0.2545275779748384
0.05º,Cape,Elevation,135.60868876036682,1.86753460045062
0.05º,Cape,Elevation,196.91317225561056,3.095198648895902
0.05º,Cape,Elevation,161.64608839402013,2.3889512672710573
0.05º,Cape,Elevation,28.458509824861228,-0.2782207336401546
0.05º,Cape,Elevation,168.72143412514856,2.530639885936299
0.05º,Cape,Elevation,92.60893421747299,1.0064352202009188
0.05º,Cape,Elevation,101.03260951035139,1.1751250569507208
0.05º,Cape,Elevation,76.98211275839319,0.6934974740037109
0.05º,Cape,Elevation,45.51817685038868,0.06341072121603696
0.05º,Cape,Elevation,64.3468172712406,0.4404670735067615
0.05º,Cape,Elevation,50.222911585494984,0.15762623959993885
0.05º,Cape,Elevation,32.45594242163299,-0.19816942245798466
0.05º,Cape,Elevation,52.47614358699424,0.20274874554620714
0.05º,Cape,Elevation,18.59469976270838,-0.4757502503016459
0.05º,Cape,Elevation,72.654827974712,0.6068406480519538
0.05º,Cape,Elevation,91.68162886994618,0.9878652988479717
0.05º,Cape,Elevation,36.86482729303341,-0.10987849915589822
0.05º,Cape,Elevation,102.79190046818144,1.2103560569778293
0.05º,Cape,Elevation,120.87951580519808,1.5725728771078873
0.05º,Cape,Elevation,121.86369224157477,1.5922816807610556
0.05º,Cape,Elevation,210.44176410243665,3.366117917593874
0.05º,Cape,Elevation,59.918044272892494,0.3517778769128614
0.05º,Cape,Elevation,34.86922948400996,-0.1498417048728884
0.05º,Cape,Elevation,28.09090726630472,-0.28558222532112343
0.05º,Cape,Elevation,55.19789440242239,0.2572536599410411
0.05º,Cape,Elevation,89.84897349033537,0.9511651262918717
0.05º,Cape,Elevation,96.85986977765157,1.0915631009356734
0.05º,Cape,Elevation,125.65598966201462,1.668225020279559
0.05º,Cape,Elevation,58.79344437780541,0.32925699782918283
0.05º,Cape,Elevation,49.62651306730385,0.14568295294968753
0.05º,Cape,Elevation,56.27787105373362,0.2788809281665043
0.05º,Cape,Elevation,40.65420371602758,-0.03399365460130614
0.05º,Cape,Elevation,93.47791624063835,1.0238371772481245
0.05º,Cape,Elevation,69.60562526298912,0.5457782863423983
0.05º,Cape,Elevation,101.18490424656156,1.1781748628010087
0.05º,Cape,Elevation,65.93448689562938,0.4722612394069106
0.05º,Cape,Elevation,49.83912435150529,0.1499406387668781
0.05º,Cape,Elevation,32.713917217452405,-0.19300330141469949
0.05º,Cape,Elevation,49.53446573583594,0.1438396424256335
0.05º,Cape,Elevation,19.170254763493613,-0.46422436928803706
0.05º,Cape,Elevation,24.699184186528324,-0.35350379075844807
0.05º,Cape,Elevation,50.33800394269979,0.1599310424648407
0.05º,Cape,Elevation,29.85934304230205,-0.25016809407989377
0.05º,Cape,Elevation,21.80745982097295,-0.41141254129675087
0.05º,Cape,Elevation,69.46130123971378,0.5428880994490389
0.05º,Cape,Elevation,22.63052231233057,-0.3949301541587539
0.05º,Cape,Elevation,43.24132803526542,0.017815272486925226
0.05º,Cape,Elevation,117.6599624347322,1.5080991273979096
0.05º,Cape,Elevation,112.396093281156,1.4026865613485284
0.05º,Cape,Elevation,60.790919757043525,0.3692578031689015
0.05º,Cape,Elevation,35.581279825314176,-0.1355824116717607
0.05º,Cape,Elevation,9.50156821983985,-0.657846404554859
0.05º,Cape,Elevation,33.26321303477451,-0.1820032784401966
0.05º,Cape,Elevation,89.02266609879463,0.9346177578169726
0.05º,Cape,Elevation,120.74624674055164,1.5699040732927625
0.05º,Cape,Elevation,41.2955639864924,-0.021149978229546413
0.05º,Cape,Elevation,90.87535691818,0.971719153704608
0.05º,Cape,Elevation,17.0807797738143,-0.5060675295057377
0.05º,Cape,Elevation,65.48960356407386,0.46335214759561355
0.05º,Cape,Elevation,54.82306868827757,0.2497475196483148
0.05º,Cape,Elevation,182.50799761626828,2.806725212566105
0.05º,Cape,Elevation,22.614579094110415,-0.39524942796565127
0.05º,Cape,Elevation,41.53127108173531,-0.016429783061184124
0.05º,Cape,Elevation,27.60615438436418,-0.2952897320418155
0.05º,Cape,Elevation,35.82167775395055,-0.13076827936885185
0.05º,Cape,Elevation,77.10133603582334,0.6958850013605015
0.05º,Cape,Elevation,40.70762235881131,-0.032923909885694776
0.05º,Cape,Elevation,88.5098994409913,0.9243492561489759
0.05º,Cape,Elevation,236.92469761969468,3.896456703973611
0.05º,Cape,Elevation,54.579499101961034,0.24486987273952543
0.05º,Cape,Elevation,110.32959455372654,1.3613035164359992
0.05º,Cape,Elevation,274.76092687383266,4.654152972430757
0.05º,Cape,Elevation,34.10138317000894,-0.1652183504408006
0.05º,Cape,Elevation,30.389791363227054,-0.23954550506145247
0.05º,Cape,Elevation,32.84104054891398,-0.19045757009366035
0.05º,Cape,Elevation,45.88149420451909,0.07068639875888387
0.05º,Cape,Elevation,84.48316192408659,0.8437110939758409
0.05º,Cape,Elevation,15.112150531031357,-0.5454906713102059
0.05º,Cape,Elevation,46.401525312423054,0.0811003759893811
0.05º,Cape,Elevation,81.17979383949947,0.7775588975130194
0.05º,Cape,Elevation,22.40698562010727,-0.39940662871501065
0.05º,Cape,Elevation,20.903647753690375,-0.42951199370694715
0.05º,Cape,Elevation,65.72870308399108,0.46814027837932154
0.05º,Cape,Elevation,108.9108559585722,1.3328923094881766
0.05º,Cape,Elevation,53.15043840470413,0.21625195866469993
0.05º,Cape,Elevation,15.17697813050498,-0.5441924544640115
0.05º,Cape,Elevation,211.3985286661635,3.3852777798216507
0.05º,Cape,Elevation,14.97145758439485,-0.5483081434200374
0.05º,Cape,Elevation,116.35097108472974,1.4818856838045296
0.05º,Cape,Elevation,46.53362479168971,0.08374575806044282
0.05º,Cape,Elevation,56.941121409266806,0.292162968405369
0.05º,Cape,Elevation,60.687697180663015,0.36719070075183147
0.05º,Cape,Elevation,25.563958126016036,-0.3361861034538347
0.05º,Cape,Elevation,48.61813673858114,0.1254895299650187
0.05º,Cape,Elevation,25.825768245666403,-0.33094317743784685
0.05º,Cape,Elevation,21.946894755300416,-0.4086202617404858
0.05º,Cape,Elevation,260.9801969683037,4.3781844673267996
0.05º,Cape,Elevation,76.04768799108118,0.6747849814191382
0.05º,Cape,Elevation,22.92091064075944,-0.3891149300417788
0.05º,Cape,Elevation,76.36413371461836,0.6811220226259367
0.05º,Cape,Elevation,186.0584031900081,2.877824503054676
0.05º,Cape,Elevation,13.18638833300463,-0.5840553713383172
0.05º,Cape,Elevation,44.11473172976982,0.03530577651515885
0.05º,Cape,Elevation,17.966843162354248,-0.48832350647945294
0.05º,Cape,Elevation,36.436770802700295,-0.1184506220076697
0.05º,Cape,Elevation,194.04214497637915,3.037704371612062
0.05º,Cape,Elevation,61.79134420133944,0.3892919842503429
0.05º,Cape,Elevation,62.74825543089186,0.4084547835611994
0.05º,Cape,Elevation,33.24173137671237,-0.18243346327824234
0.05º,Cape,Elevation,165.24168751447516,2.4609555893227486
0.05º,Cape,Elevation,117.68971396178405,1.508694921996697
0.05º,Cape,Elevation,12.509087809729929,-0.5976187757585183
0.05º,Cape,Elevation,103.3877723436758,1.2222887972492786
0.05º,Cape,Elevation,76.69935708023544,0.6878350989085034
0.05º,Cape,Elevation,43.109097074454844,0.015167257408368802
0.05º,Cape,Elevation,32.71856119936664,-0.19291030251294414
0.05º,Cape,Elevation,111.90947042827207,1.3929416071856926
0.05º,Cape,Elevation,29.728655807521754,-0.2527851949929607
0.05º,Cape,Elevation,34.710875919661845,-0.15301284288448969
0.05º,Cape,Elevation,45.33788638506685,0.059800281816930895
0.05º,Cape,Elevation,101.70614055576314,1.1886129750085888
0.05º,Cape,Elevation,51.62368795149067,0.18567774067127824
0.05º,Cape,Elevation,30.990166886426906,-0.22752257617638705
0.05º,Cape,Elevation,63.87447368148385,0.43100807131644153
0.05º,Cape,Elevation,134.00478071970113,1.83541524920137
0.05º,Cape,Elevation,18.609155985966737,-0.47546075458194115
0.05º,Cape,Elevation,35.55714116762556,-0.1360658047375279
0.05º,Cape,Elevation,39.392756848222284,-0.05925498754685849
0.05º,Cape,Elevation,48.576436124026976,0.12465444674814116
0.05º,Cape,Elevation,56.091345032333386,0.2751456175086734
0.05º,Cape,Elevation,213.08324308251915,3.4190153337970908
0.05º,Cape,Elevation,66.83087298668612,0.4902119815839022
0.05º,Cape,Elevation,56.15309704800384,0.2763822436938289
0.05º,Cape,Elevation,96.44455582542153,1.0832461560908466
0.05º,Cape,Elevation,37.25949893648859,-0.10197493060779464
0.05º,Cape,Elevation,28.054709365372826,-0.2863071129487423
0.05º,Cape,Elevation,83.21329264563514,0.818281096518951
0.05º,Cape,Elevation,23.413543682813966,-0.3792496177460884
0.05º,Cape,Elevation,26.17177861513117,-0.3240140840540959
0.05º,Cape,Elevation,36.94713160327782,-0.10823029926971879
0.05º,Cape,Elevation,36.706400141846544,-0.11305111079407974
0.05º,Cape,Elevation,35.15183853876132,-0.14418226601128767
0.05º,Cape,Elevation,70.04202097254262,0.5545174077405284
0.05º,Cape,Elevation,226.98734852850228,3.6974545181538123
0.05º,Cape,Elevation,54.99510755469722,0.2531927151576297
0.05º,Cape,Elevation,149.39067246435377,2.1435282137229055
0.05º,Cape,Elevation,9.719148472517531,-0.6534892117585972
0.05º,Cape,Elevation,57.00989658634702,0.2935402381826013
0.05º,Cape,Elevation,33.71019744308121,-0.17305211113550345
0.05º,Cape,Elevation,22.20513014036551,-0.40344892222001766
0.05º,Cape,Elevation,15.233728221644546,-0.5430559952253744
0.05º,Cape,Elevation,18.14545692218571,-0.4847466442501229
0.05º,Cape,Elevation,15.889538009603736,-0.5299229574214024
0.05º,Cape,Elevation,58.31045136269625,0.319584733640778
0.05º,Cape,Elevation,21.061504287147045,-0.4263508090775719
0.05º,Cape,Elevation,107.0248983787499,1.295124724058306
0.05º,Cape,Elevation,34.44306751118039,-0.15837588872092578
0.05º,SWA,Elevation,20.984661660501462,-0.4278896350286657
0.05º,SWA,Elevation,9.715895403592649,-0.6535543566801184
0.05º,SWA,Elevation,5.267313614055246,-0.7426402378132195
0.05º,SWA,Elevation,27.98000595962059,-0.28780309954400585
0.05º,SWA,Elevation,10.279133345055017,-0.6422751331710039
0.05º,SWA,Elevation,29.603011865123186,-0.25530130054011235
0.05º,SWA,Elevation,13.838315308496728,-0.5710000894993403
0.05º,SWA,Elevation,16.873037325062846,-0.5102277135759278
0.05º,SWA,Elevation,20.735897705469124,-0.43287130270988766
0.05º,SWA,Elevation,9.90400018835406,-0.649787430210376
0.05º,SWA,Elevation,15.929028953455191,-0.5291321243657847
0.05º,SWA,Elevation,6.034724928536444,-0.7272723034070551
0.05º,SWA,Elevation,12.595697480175343,-0.5958843581010923
0.05º,SWA,Elevation,6.926635726448605,-0.7094111820242794
0.05º,SWA,Elevation,25.73982577021976,-0.33266423406086565
0.05º,SWA,Elevation,15.798455918041238,-0.5317469383587371
0.05º,SWA,Elevation,3.463910887659602,-0.7787546060589924
0.05º,SWA,Elevation,24.55335642488447,-0.35642409103712663
0.05º,SWA,Elevation,11.470456365019345,-0.6184180780535109
0.05º,SWA,Elevation,66.44760086011401,0.48253669612781885
0.05º,SWA,Elevation,14.57313813010845,-0.5562847618652722
0.05º,SWA,Elevation,7.142176081452697,-0.7050948395687039
0.05º,SWA,Elevation,11.078560893557254,-0.6262660518660601
0.05º,SWA,Elevation,5.351517255827383,-0.7409540025191919
0.05º,SWA,Elevation,14.913711858159855,-0.5494645409297817
0.05º,SWA,Elevation,11.414340302705746,-0.6195418404329471
0.05º,SWA,Elevation,11.377860495548084,-0.6202723734247984
0.05º,SWA,Elevation,12.089830605292681,-0.6060146869153133
0.05º,SWA,Elevation,81.95684057307696,0.7931197877511524
0.05º,SWA,Elevation,8.364494940714863,-0.6806170716519538
0.05º,SWA,Elevation,11.534024729411543,-0.6171450782477329
0.05º,SWA,Elevation,16.32642569876388,-0.5211739837964657
0.05º,SWA,Elevation,9.330706347812614,-0.6612680299495852
0.05º,SWA,Elevation,10.317164863249884,-0.6415135261084591
0.05º,SWA,Elevation,5.923740013042531,-0.7294948519533156
0.05º,SWA,Elevation,15.78560925939182,-0.5320042014505592
0.05º,SWA,Elevation,3.006581062359266,-0.7879129473872664
0.05º,SWA,Elevation,11.49160506497581,-0.6179945609283741
0.05º,SWA,Elevation,20.300376719130938,-0.4415929071796864
0.05º,SWA,Elevation,9.62581057635999,-0.6553583667198167
0.05º,SWA,Elevation,20.63880015134073,-0.43481574738341056
0.05º,SWA,Elevation,11.242048482108613,-0.6229921015220026
0.05º,SWA,Elevation,2.894381262953204,-0.7901598248115624
0.05º,SWA,Elevation,11.835818830453446,-0.6111014457634831
0.05º,SWA,Elevation,13.474020121471673,-0.5782953488120952
0.05º,SWA,Elevation,10.020162724850442,-0.6474611962760523
0.05º,SWA,Elevation,22.238663207827155,-0.4027773996981789
0.05º,SWA,Elevation,32.52599867719237,-0.1967664982114144
0.05º,SWA,Elevation,16.767109512177676,-0.5123489901970685
0.05º,SWA,Elevation,10.373478722534477,-0.6403858027099207
0.05º,SWA,Elevation,19.4790360439602,-0.4580408137754759
0.05º,SWA,Elevation,10.366650864834005,-0.6405225352121596
0.05º,SWA,Elevation,25.084440328931084,-0.3457887740336553
0.05º,SWA,Elevation,21.923604532843758,-0.4090866643126982
0.05º,SWA,Elevation,2.168942700215178,-0.8046872262682339
0.05º,SWA,Elevation,3.5924840846580883,-0.7761798401927901
0.05º,SWA,Elevation,18.53709828668745,-0.4769037591025767
0.05º,SWA,Elevation,13.381991316298732,-0.5801382883344707
0.05º,SWA,Elevation,12.616785847684733,-0.5954620491743122
0.05º,SWA,Elevation,11.998939509758364,-0.6078348430270591
0.05º,SWA,Elevation,3.8107956496528015,-0.77180800236914
0.05º,SWA,Elevation,8.993812123671141,-0.6680145663124508
0.05º,SWA,Elevation,17.349691843164923,-0.5006823821084776
0.05º,SWA,Elevation,11.293122880418643,-0.6219693018990996
0.05º,SWA,Elevation,22.49129599324939,-0.3977182560525835
0.05º,SWA,Elevation,3.757244066964299,-0.7728804092969159
0.05º,SWA,Elevation,4.739422261690454,-0.753211621794192
0.05º,SWA,Elevation,19.136033466016595,-0.46490967408482153
0.05º,SWA,Elevation,7.552813575571621,-0.6968715439836007
0.05º,SWA,Elevation,18.416299602041743,-0.47932283506217627
0.05º,SWA,Elevation,11.530988832993387,-0.6172058741418482
0.05º,SWA,Elevation,19.331630959835735,-0.46099270101145107
0.05º,SWA,Elevation,21.527963814574782,-0.417009639244174
0.05º,SWA,Elevation,8.16028792067684,-0.6847064563534868
0.05º,SWA,Elevation,9.389179883048357,-0.660097057568748
0.05º,SWA,Elevation,17.866340878080337,-0.4903361331937663
0.05º,SWA,Elevation,11.270686068819698,-0.6224186143374615
0.05º,SWA,Elevation,10.424772626743497,-0.6393586073318421
0.05º,SWA,Elevation,6.104227258968131,-0.7258804718885533
0.05º,SWA,Elevation,6.840514777624277,-0.7111358126982794
0.05º,SWA,Elevation,5.621094833403147,-0.7355555278663157
0.05º,SWA,Elevation,22.181616800854467,-0.4039197928632527
0.05º,SWA,Elevation,38.784944752184444,-0.07142683886950635
0.05º,SWA,Elevation,8.987273458065975,-0.6681455075459561
0.05º,SWA,Elevation,12.475917876160388,-0.5982830262767662
0.05º,SWA,Elevation,12.327431358279988,-0.6012565699604796
0.05º,SWA,Elevation,21.923481671231198,-0.40908912470019476
0.05º,SWA,Elevation,16.476154613480485,-0.5181755602696683
0.05º,SWA,Elevation,20.26116662895542,-0.4423781159490991
0.05º,SWA,Elevation,16.693482995335096,-0.5138234113582368
0.05º,SWA,Elevation,12.008153274474726,-0.6076503311113199
0.05º,SWA,Elevation,15.184502394756192,-0.5440417759461355
0.05º,SWA,Elevation,12.793790592752567,-0.5919174085618379
0.05º,SWA,Elevation,8.772877497728802,-0.6724389327186561
0.05º,SWA,Elevation,32.38966145851646,-0.19949674390129815
0.05º,SWA,Elevation,19.68694539767523,-0.4538772873196786
0.05º,SWA,Elevation,15.823352301500911,-0.5312483713181695
0.05º,SWA,Elevation,10.506403646283319,-0.6377238905507319
0.05º,SWA,Elevation,33.217187288962094,-0.18292497535721192
0.05º,SWA,Elevation,3.9705829480241226,-0.768608152856928
0.05º,SWA,Elevation,8.340109560868415,-0.6811054054970223
0.05º,SWA,Elevation,6.296652940988584,-0.7220270165073918
0.05º,SWA,Elevation,16.52171529497899,-0.5172631765823852
0.05º,SWA,Elevation,9.367077733973417,-0.6605396681620628
0.05º,SWA,Elevation,12.586921606636158,-0.5960601009476753
0.05º,SWA,Elevation,10.302887364810077,-0.6417994427419081
0.05º,SWA,Elevation,7.116827135918141,-0.7056024694731493
0.05º,SWA,Elevation,6.737544757122612,-0.7131978575118105
0.05º,SWA,Elevation,8.335661800533314,-0.6811944749279706
0.05º,SWA,Elevation,14.299090500742757,-0.5617727523506667
0.05º,SWA,Elevation,34.79124467308422,-0.15140340384235712
0.05º,SWA,Elevation,6.038217536452657,-0.7272023615540357
0.05º,SWA,Elevation,15.585219911110906,-0.5360171346741944
0.05º,SWA,Elevation,37.388047273479366,-0.09940066258018379
0.05º,SWA,Elevation,11.860418593629857,-0.6106088187461738
0.05º,SWA,Elevation,5.294977968820553,-0.7420862402614509
0.05º,SWA,Elevation,13.828729408269883,-0.5711920536822112
0.05º,SWA,Elevation,16.971404184690098,-0.5082578501950185
0.05º,SWA,Elevation,15.524469424201563,-0.5372337045635718
0.05º,SWA,Elevation,6.175174718440156,-0.7244597006764594
0.05º,SWA,Elevation,6.9216462111924875,-0.7095111004666163
0.05º,SWA,Elevation,9.879956779675574,-0.6502689158498226
0.05º,SWA,Elevation,7.826746562566168,-0.6913858492897937
0.05º,SWA,Elevation,12.678748766605086,-0.5942211995078902
0.05º,SWA,Elevation,13.52857591570088,-0.5772028318640523
0.05º,SWA,Elevation,5.621458250700931,-0.7355482501873332
0.05º,SWA,Elevation,6.764692358877727,-0.7126542082911325
0.05º,SWA,Elevation,6.800776377562967,-0.7119316012330902
0.05º,SWA,Elevation,15.285283916213737,-0.5420235573169769
0.05º,SWA,Elevation,12.136377073315872,-0.6050825621812618
0.05º,SWA,Elevation,13.593863481494951,-0.575895403878918
0.05º,SWA,Elevation,14.305361086908546,-0.5616471795905762
0.05º,SWA,Elevation,9.726369243336524,-0.6533446109034702
0.05º,SWA,Elevation,1.7656962851216538,-0.8127625104603463
0.05º,SWA,Elevation,8.473857831337668,-0.6784270052588149
0.05º,SWA,Elevation,18.09257299924979,-0.4858056808364799
0.05º,SWA,Elevation,22.803340846163657,-0.3914693452783012
0.05º,SWA,Elevation,6.273258528812483,-0.72249550554972
0.05º,SWA,Elevation,2.989387384123663,-0.7882572625079056
0.05º,SWA,Elevation,15.784578509142793,-0.5320248429265412
0.05º,SWA,Elevation,20.77974708723911,-0.4319931889655685
0.05º,SWA,Elevation,11.90804111196536,-0.6096551453715101
0.05º,SWA,Elevation,11.728921387446077,-0.6132421398884251
0.05º,SWA,Elevation,4.249935666236899,-0.7630139243530388
0.05º,SWA,Elevation,13.607230583109489,-0.575627718562144
0.05º,SWA,Elevation,8.756560225585714,-0.6727656972102012
0.05º,SWA,Elevation,34.79038878738633,-0.15142054353656834
0.05º,SWA,Elevation,15.670019377148913,-0.5343189675933104
0.05º,SWA,Elevation,14.58780087251789,-0.5559911304588665
0.05º,SWA,Elevation,14.978586022014436,-0.5481653916001344
0.05º,SWA,Elevation,8.588859039789902,-0.6761240277097826
0.05º,SWA,Elevation,14.45385389798018,-0.5586735098814208
0.05º,SWA,Elevation,14.710420769531526,-0.5535355834808159
0.05º,SWA,Elevation,31.501093691075866,-0.2172909188212897
0.05º,SWA,Elevation,16.113163829208418,-0.5254446980286113
0.05º,SWA,Elevation,9.416216041622135,-0.6595556400737019
0.05º,SWA,Elevation,7.15166622171849,-0.7049047930442939
0.05º,SWA,Elevation,18.30093544574771,-0.4816330808890152
0.05º,SWA,Elevation,9.226418956474202,-0.6633564560116406
0.05º,SWA,Elevation,7.904565404256655,-0.689827473967335
0.05º,SWA,Elevation,14.390095404364123,-0.5599503171544408
0.05º,SWA,Elevation,24.98300873105877,-0.34782001088591363
0.05º,SWA,Elevation,2.5666750257299054,-0.7967223654766598
0.05º,SWA,Elevation,35.550112033509095,-0.13620656793712577
0.05º,SWA,Elevation,32.87045413968892,-0.18986854289905275
0.05º,SWA,Elevation,13.348797298301166,-0.5808030211597985
0.05º,SWA,Elevation,5.572832066251522,-0.7365220226597208
0.05º,SWA,Elevation,7.361944402324253,-0.7006938292161392
0.05º,SWA,Elevation,3.170657193860142,-0.7846272110696733
0.05º,SWA,Elevation,7.250805630339389,-0.702919458843453
0.05º,SWA,Elevation,7.663252374158453,-0.6946599318004713
0.05º,SWA,Elevation,18.82095923980586,-0.47121925012326327
0.05º,SWA,Elevation,9.53481420374745,-0.6571806310767787
0.05º,SWA,Elevation,17.655562065143002,-0.49455712252543915
0.05º,SWA,Elevation,17.174741701570564,-0.5041858778866041
0.05º,SWA,Elevation,14.55165647347617,-0.5567149466746841
0.05º,SWA,Elevation,11.986008990384626,-0.6080937854870196
0.05º,SWA,Elevation,9.683907101063003,-0.6541949442317531
0.05º,SWA,Elevation,12.019686265075778,-0.6074193751171623
0.05º,SWA,Elevation,9.603811262484966,-0.655798917968192
0.05º,SWA,Elevation,11.127429416375865,-0.6252874264027253
0.05º,SWA,Elevation,8.717059470190785,-0.6735567267486615
0.05º,SWA,Elevation,12.524555486376585,-0.5973090249956144
0.05º,SWA,Elevation,14.820990989637169,-0.5513213394922353
0.05º,SWA,Elevation,21.802050248394167,-0.4115208716731571
0.05º,SWA,Elevation,15.21394126159641,-0.5434522425811001
0.05º,SWA,Elevation,18.696078099446044,-0.4737200800398955
0.05º,SWA,Elevation,12.375411163868344,-0.6002957416651595
0.05º,SWA,Elevation,6.482109882466344,-0.7183131149033675
0.05º,SWA,Elevation,11.630584706416307,-0.6152113989223594
0.05º,SWA,Elevation,6.493155754608405,-0.7180919137882227
0.05º,SWA,Elevation,15.648585496267666,-0.5347481956607585
0.05º,SWA,Elevation,20.64723947508597,-0.434646744175741
0.05º,SWA,Elevation,36.19903162406499,-0.12321151103041328
0.05º,SWA,Elevation,13.196908797397944,-0.5838446918712987
0.05º,SWA,Elevation,10.459339946799641,-0.6386663731971671
0.05º,SWA,Elevation,13.010224964424923,-0.5875831628133911
0.05º,SWA,Elevation,11.98825899324408,-0.6080487276468428
0.05º,SWA,Elevation,15.631837540127679,-0.5350835848927646
0.05º,SWA,Elevation,10.603135874130897,-0.6357867617848774
0.05º,SWA,Elevation,17.139319673525875,-0.5048952281310581
0.05º,SWA,Elevation,79.55416956337758,0.7450046638535913
0.05º,SWA,Elevation,12.003467797800093,-0.6077441609739225
0.05º,SWA,Elevation,23.730864968908694,-0.37289504280255853
0.05º,SWA,Elevation,15.364679564766428,-0.5404336053628316
0.05º,SWA,Elevation,12.023717352096423,-0.6073386498532134
0.05º,SWA,Elevation,8.927229512141915,-0.6693479284707401
0.05º,SWA,Elevation,29.068895268196613,-0.2659973492846641
0.05º,SWA,Elevation,59.89385065569917,0.3512933832455687
0.05º,SWA,Elevation,20.28485601107706,-0.4419037199326499
0.05º,SWA,Elevation,16.640699043856173,-0.5148804459480574
0.05º,SWA,Elevation,16.24898153635716,-0.5227248559109998
0.05º,SWA,Elevation,12.195994384133094,-0.6038886849151566
0.05º,SWA,Elevation,16.505479069212274,-0.517588318065027
0.05º,SWA,Elevation,12.967422424536535,-0.5884403128358228
0.05º,SWA,Elevation,4.405825734458795,-0.7598921195297333
0.05º,SWA,Elevation,10.089331803695814,-0.6460760383476093
0.05º,SWA,Elevation,5.415204319410712,-0.7396786256812422
0.05º,SWA,Elevation,31.044680141403113,-0.22643091110586716
0.05º,SWA,Elevation,15.946260375436136,-0.5287870534009305
0.05º,SWA,Elevation,17.78932717406244,-0.49187838508579496
0.05º,SWA,Elevation,13.536258109535481,-0.5770489906986722
0.05º,SWA,Elevation,6.646264936610174,-0.7150257981060797
0.05º,SWA,Elevation,12.140201126432027,-0.6050059829123016
0.05º,SWA,Elevation,8.681169580492387,-0.6742754462414831
0.05º,SWA,Elevation,6.884502804339364,-0.7102549224944765
0.05º,SWA,Elevation,7.981336554362283,-0.6882900793826504
0.05º,SWA,Elevation,13.314521766227289,-0.5814894120413349
0.05º,SWA,Elevation,15.078065006972142,-0.5461732571517971
0.05º,SWA,Elevation,8.934099801328468,-0.6692103462490839
0.05º,SWA,Elevation,10.420028474620697,-0.6394536122102695
0.05º,SWA,Elevation,18.47059957640539,-0.47823544108122995
0.05º,SWA,Elevation,18.02755628556069,-0.48710768482368194
0.05º,SWA,Elevation,13.805884894250774,-0.5716495306393025
0.05º,SWA,Elevation,32.11311143396568,-0.2050348465551439
0.05º,SWA,Elevation,8.609718078683033,-0.6757063112447838
0.05º,SWA,Elevation,13.265385550113372,-0.5824733982452864
0.05º,SWA,Elevation,8.965902505916075,-0.6685734754226857
0.05º,SWA,Elevation,12.042106789311378,-0.6069703888443478
0.05º,SWA,Elevation,13.08169330375348,-0.5861519606272969
0.05º,SWA,Elevation,30.251646363531975,-0.24231195279787768
0.05º,SWA,Elevation,8.451418795037764,-0.6788763622483291
0.05º,SWA,Elevation,16.784272477336046,-0.5120052901267256
0.05º,SWA,Elevation,9.26612111037712,-0.6625613933308461
0.05º,SWA,Elevation,13.710038824869741,-0.5735689134781289
0.05º,SWA,Elevation,21.10400589504183,-0.4254996854233355
0.05º,SWA,Elevation,22.00179209906652,-0.4075209050302704
0.05º,SWA,Elevation,13.388129875563287,-0.5800153595030267
0.05º,SWA,Elevation,9.18870286948295,-0.6641117463494312
0.05º,SWA,Elevation,14.323699427180385,-0.5612799418328086
0.05º,SWA,Elevation,8.851964253271875,-0.6708551665574756
0.05º,SWA,Elevation,9.813218991021863,-0.6516053855357512
0.05º,SWA,Elevation,6.490888805902873,-0.7181373109805123
0.05º,SWA,Elevation,19.60866985511366,-0.45544480838822887
0.05º,SWA,Elevation,11.766961994510767,-0.6124803508150701
0.05º,SWA,Elevation,6.588353655934769,-0.7161855109562848
0.05º,SWA,Elevation,16.144529184239744,-0.5248165854250418
0.05º,SWA,Elevation,11.281983420333894,-0.6221923771765578
0.05º,SWA,Elevation,11.534927676260402,-0.617126996121911
0.05º,SWA,Elevation,9.53054551297295,-0.6572661145177768
0.05º,SWA,Elevation,8.34379697859942,-0.6810315624447387
0.05º,SWA,Elevation,17.004279352182547,-0.507599502568287
0.05º,SWA,Elevation,5.652260056771922,-0.7349314230356375
0.05º,SWA,Elevation,20.330708292225015,-0.440985496763721
0.05º,SWA,Elevation,11.755027018495193,-0.6127193568410244
0.05º,SWA,Elevation,12.303848558213048,-0.6017288315986696
0.05º,SWA,Elevation,35.869116623637105,-0.12981828368350237
0.05º,SWA,Elevation,19.612412416061858,-0.4553698610554523
0.05º,SWA,Elevation,1.2944192121655846,-0.8222001549251199
0.05º,SWA,Elevation,12.746417118513952,-0.5928660946587888
0.05º,SWA,Elevation,5.68385743569991,-0.7342986639954607
0.05º,SWA,Elevation,10.348149108037063,-0.6408930454971773
0.05º,SWA,Elevation,18.39513359127547,-0.4797466988480733
0.05º,SWA,Elevation,10.587158261993645,-0.636106724353397
0.05º,SWA,Elevation,11.412854667183622,-0.619571591296434
0.05º,SWA,Elevation,5.426159233910994,-0.7394592460548429
0.05º,SWA,Elevation,7.9392768336411486,-0.6891323539451789
0.05º,SWA,Elevation,4.3922285526227665,-0.7601644123596951
0.05º,SWA,Elevation,14.73744444592629,-0.5529944159499085
0.05º,SWA,Elevation,25.863441050266186,-0.33018875385943364
0.05º,SWA,Elevation,6.2922462703559745,-0.7221152630890535
0.05º,SWA,Elevation,12.04752285761819,-0.6068619283865623
0.05º,SWA,Elevation,11.689659877963095,-0.6140283783645015
0.05º,SWA,Elevation,16.80491787904835,-0.5115918518918227
0.05º,SWA,Elevation,8.363657455242585,-0.680633842869111
0.05º,SWA,Elevation,21.36269290450236,-0.4203193018166592
0.05º,SWA,Elevation,15.668908889441656,-0.5343412058662181
0.05º,SWA,Elevation,14.342541036388708,-0.5609026257717132
0.05º,SWA,Elevation,11.30317871645655,-0.6217679269314472
0.05º,SWA,Elevation,27.372211743202634,-0.29997459281508426
0.05º,SWA,Elevation,31.698749570328257,-0.21333272517725013
0.05º,SWA,Elevation,10.56090215217496,-0.6366325208406789
0.05º,SWA,Elevation,7.39652188910318,-0.7000013914859139
0.05º,SWA,Elevation,17.425886625578197,-0.49915652967950896
0.05º,SWA,Elevation,10.270587308020374,-0.6424462733849969
0.05º,SWA,Elevation,17.65267883094532,-0.4946148612545815
0.05º,SWA,Elevation,5.739337055663201,-0.7331876468076945
0.05º,SWA,Elevation,19.969701720687066,-0.4482148993108286
0.05º,SWA,Elevation,10.896319140379205,-0.6299155671338902
0.05º,SWA,Elevation,26.984715160071506,-0.30773447589186415
0.05º,SWA,Elevation,11.060867708998273,-0.6266203699411361
0.05º,SWA,Elevation,10.800940548377191,-0.6318255884197116
0.05º,SWA,Elevation,11.622868852612372,-0.6153659141515577
0.05º,SWA,Elevation,12.945878995120527,-0.5888717346873144
0.05º,SWA,Elevation,9.163361927386246,-0.664619215979581
0.05º,SWA,Elevation,10.893306962760574,-0.6299758880428855
0.05º,SWA,Elevation,4.376486962234545,-0.76047964843189
0.05º,SWA,Elevation,9.72855118754948,-0.6533009159840575
0.05º,SWA,Elevation,41.37498140442761,-0.0195595903286847
0.05º,SWA,Elevation,16.56419412245949,-0.516412509121465
0.05º,SWA,Elevation,13.315327582879085,-0.5814732750138836
0.05º,SWA,Elevation,12.192278974536281,-0.6039630885236237
0.05º,SWA,Elevation,12.244118664273003,-0.6029249634185117
0.05º,SWA,Elevation,9.839696594988288,-0.6510751534772579
0.05º,SWA,Elevation,16.06797974855074,-0.5263495400274806
0.05º,SWA,Elevation,19.399458446065996,-0.4596344093891463
0.05º,SWA,Elevation,10.21982249958238,-0.6434628732597903
0.05º,SWA,Elevation,15.005457548067088,-0.5476272709834873
0.05º,SWA,Elevation,10.753436857391534,-0.632776882195738
0.05º,SWA,Elevation,13.83067434681932,-0.5711531049626812
0.05º,SWA,Elevation,19.142772302310952,-0.46477472429688993
0.05º,SWA,Elevation,14.631204766625924,-0.5551219379084865
0.05º,SWA,Elevation,12.32798862665563,-0.6012454102815931
0.05º,SWA,Elevation,2.6446705302082094,-0.7951604523615154
0.05º,SWA,Elevation,13.336460945257038,-0.5810500650342059
0.05º,SWA,Elevation,19.616942753401183,-0.455279137963735
0.05º,SWA,Elevation,8.88543850691358,-0.6701848218224506
0.05º,SWA,Elevation,5.938009024308302,-0.7292091052813091
0.05º,SWA,Elevation,11.690476781448083,-0.6140120193156622
0.05º,SWA,Elevation,10.014557522098556,-0.6475734442799568
0.05º,SWA,Elevation,10.053102953761323,-0.6468015457500906
0.05º,SWA,Elevation,11.83271790813847,-0.6111635438454841
0.05º,SWA,Elevation,7.205836393772731,-0.7038199984430272
0.05º,SWA,Elevation,9.17034578332464,-0.6644793595063467
0.05º,SWA,Elevation,12.44945135629692,-0.5988130363685463
0.05º,SWA,Elevation,9.499475154053421,-0.6578883196232281
0.05º,SWA,Elevation,19.429618941783872,-0.45903042491419355
0.05º,SWA,Elevation,19.48856418115835,-0.45785000633660844
0.05º,SWA,Elevation,4.21066720959541,-0.7638003019506974
0.05º,SWA,Elevation,16.195824759965824,-0.5237893565736953
0.05º,SWA,Elevation,6.710687037111711,-0.7137357016530658
0.05º,SWA,Elevation,7.434372983760928,-0.6992433975276217
0.05º,SWA,Elevation,5.839226240455026,-0.7311872978282117
0.05º,SWA,Elevation,14.920022774588661,-0.54933816052869755
0.05º,SWA,Elevation,6.718316836750233,-0.7135829097171581
0.05º,SWA,Elevation,7.486527632388755,-0.6981989651561354
0.05º,SWA,Elevation,5.414403347273431,-0.7396946656939897
0.05º,SWA,Elevation,12.236238457681445,-0.6030827699242549
0.05º,SWA,Elevation,11.05257357167179,-0.6267864656918553
0.05º,SWA,Elevation,5.9100985276449665,-0.7297680319922809
0.05º,SWA,Elevation,16.15175821526919,-0.5246718191535726
0.05º,SWA,Elevation,10.615077373906384,-0.6355476251161862
0.05º,SWA,Elevation,10.292003268059599,-0.6420174041946197
0.05º,SWA,Elevation,14.126255242048948,-0.5652338961578499
0.05º,SWA,Elevation,9.560091097545584,-0.6566744440574436
0.05º,SWA,Elevation,14.119047567694471,-0.5653782347473525
0.05º,SWA,Elevation,1.3292703547351072,-0.8215022370512475
0.05º,SWA,Elevation,12.499174575986778,-0.5978172950180638
0.05º,SWA,Elevation,51.897837807743144,0.19116777831972712
0.05º,SWA,Elevation,11.72388486833169,-0.6133429996150473
0.05º,SWA,Elevation,17.904918802540966,-0.48956358397348576
0.05º,SWA,Elevation,21.719763296377973,-0.4131687239489904
0.05º,SWA,Elevation,13.05251641068758,-0.5867362477890201
0.05º,SWA,Elevation,18.868440349163652,-0.4702684085597195
0.05º,SWA,Elevation,13.711353236960015,-0.5735425914805184
0.05º,SWA,Elevation,11.580240053478368,-0.6162195848970142
0.05º,SWA,Elevation,19.08706865190047,-0.4658902278469919
0.05º,SWA,Elevation,12.972887734656597,-0.5883308662771788
0.05º,SWA,Elevation,11.580081159839459,-0.6162227668503869
0.05º,SWA,Elevation,24.994465625586503,-0.347590578767468
0.05º,SWA,Elevation,20.466858860471405,-0.4382589888758525
0.05º,SWA,Elevation,11.430733533874054,-0.6192135548101713
0.05º,SWA,Elevation,5.575537454257266,-0.7364678454217377
0.05º,SWA,Elevation,82.22507345814769,0.7984913340204827
0.05º,SWA,Elevation,13.160324911523572,-0.5845773091103604
0.05º,SWA,Elevation,19.6801746354685,-0.4540128764457565
0.05º,SWA,Elevation,16.23642406296925,-0.5229763278709396
0.05º,SWA,Elevation,20.518418460974523,-0.43722647274846693
0.05º,SWA,Elevation,25.13765790984651,-0.3447230557189392
0.05º,SWA,Elevation,12.962899122153491,-0.5885308950477477
0.05º,SWA,Elevation,7.6960840072165695,-0.694002455980447
0.05º,SWA,Elevation,11.122465636566213,-0.6253868294752131
0.05º,SWA,Elevation,6.737008563529533,-0.7132085951538181
0.05º,SWA,Elevation,9.04743917200071,-0.6669406481337983
0.05º,SWA,Elevation,14.189158967447574,-0.5639742062007335
0.05º,SWA,Elevation,11.60350243094123,-0.6157537399397733
0.05º,SWA,Elevation,16.426104534269793,-0.5191778472047434
0.05º,SWA,Elevation,17.485143809935796,-0.49796986419111017
0.05º,SWA,Elevation,25.15683247555405,-0.3443390719771053
0.05º,SWA,Elevation,8.19257440162941,-0.6840598975757857
0.05º,SWA,Elevation,25.68877793885684,-0.3336865016625528
0.05º,SWA,Elevation,15.670552379881624,-0.5343082938504556
0.05º,SWA,Elevation,8.697180732171878,-0.6739548120207797
0.05º,SWA,Elevation,4.606592069051595,-0.7558716368983637
0.05º,SWA,Elevation,11.841648005947867,-0.6109847125528178
0.05º,SWA,Elevation,9.543058568690729,-0.657015532051943
0.05º,SWA,Elevation,12.876533190503842,-0.5902604316697303
0.05º,SWA,Elevation,11.866526002092748,-0.6104865137307561
0.05º,SWA,Elevation,27.126460472811164,-0.3048959294338451
0.05º,SWA,Elevation,18.712810540784464,-0.47338500150236096
0.05º,SWA,Elevation,38.33899867374099,-0.08035721291127876
0.05º,SWA,Elevation,35.64352829453474,-0.1343358436660329
0.05º,SWA,Elevation,5.295593435765876,-0.7420739151165562
0.05º,SWA,Elevation,15.93586168160432,-0.5289952943294932
0.05º,SWA,Elevation,10.593359523957458,-0.6359825398576813
0.05º,SWA,Elevation,10.362557375577625,-0.6406045101233935
0.05º,SWA,Elevation,5.987674329670483,-0.7282145237046951
0.05º,SWA,Elevation,16.887126948442237,-0.5099455592685621
0.05º,SWA,Elevation,11.032013922740964,-0.627198186668886
0.05º,SWA,Elevation,20.867521159044657,-0.43023545337760477
0.05º,SWA,Elevation,9.640998332088342,-0.6550542215640107
0.05º,SWA,Elevation,8.968961065110896,-0.6685122256910278
0.05º,SWA,Elevation,9.955373749206116,-0.6487586396537509
0.05º,SWA,Elevation,17.08582020571396,-0.5059665914229247
0.05º,SWA,Elevation,8.358689593162772,-0.6807333276918401
0.05º,SWA,Elevation,13.613886620081056,-0.5754944268870622
0.05º,SWA,Elevation,18.49335093155701,-0.4777798296939287
0.05º,SWA,Elevation,6.712439880132166,-0.7137005997773775
0.05º,SWA,Elevation,5.777718844678008,-0.7324190253333428
0.05º,SWA,Elevation,12.653273556620396,-0.594731357943973
0.05º,SWA,Elevation,7.501408970278741,-0.6979009562263038
0.05º,SWA,Elevation,11.79174949812315,-0.6119839641676238
0.05º,SWA,Elevation,7.658025203620712,-0.694764609451736
0.05º,SWA,Elevation,8.873497302762523,-0.6704239525710611
0.05º,SWA,Elevation,10.915821408314319,-0.6295250209316872
0.05º,SWA,Elevation,3.829436464998758,-0.7714347073419384
0.05º,SWA,Elevation,2.9137975734040285,-0.7897709999665448
0.05º,SWA,Elevation,15.896619524939,-0.529781145252211
0.05º,SWA,Elevation,6.801627864564384,-0.7119145496257728
0.05º,SWA,Elevation,14.11778267205975,-0.5654035651442052
0.05º,SWA,Elevation,9.166595151942614,-0.6645544684550592
0.05º,SWA,Elevation,6.528980486671236,-0.7173744991214448
0.05º,SWA,Elevation,14.003931392622247,-0.5676835145812763
0.05º,SWA,Elevation,22.639400419229503,-0.39475236401949076
0.05º,SWA,Elevation,7.537298028134261,-0.6971822533917026
0.05º,SWA,Elevation,12.73419973640367,-0.5931107560591916
0.05º,SWA,Elevation,14.299262358775158,-0.5617693107764817
0.05º,SWA,Elevation,29.396086245473693,-0.25944512705103395
0.05º,SWA,Elevation,12.703986851869088,-0.5937157896558911
0.05º,SWA,Elevation,6.029685266232197,-0.7273732260781954
0.05º,SWA,Elevation,7.366577156250988,-0.700601055162483
0.05º,SWA,Elevation,13.131109300629845,-0.5851623716229641
0.05º,SWA,Elevation,41.06386481834127,-0.025789911927313912
0.05º,SWA,Elevation,7.36587190546909,-0.7006151782898746
0.05º,SWA,Elevation,13.809984088677583,-0.5715674414781441
0.05º,SWA,Elevation,8.593502473756624,-0.6760310397810495
0.05º,SWA,Elevation,8.5740677069717,-0.6764202342267317
0.05º,SWA,Elevation,12.283018923210047,-0.602145959230736
0.05º,SWA,Elevation,19.526529980895038,-0.45708971533096243
0.05º,SWA,Elevation,10.5173667990447,-0.6375043459475414
0.05º,SWA,Elevation,13.899763884685525,-0.5697695398965369
0.05º,SWA,Elevation,17.307076340143535,-0.5015357865902205
0.05º,SWA,Elevation,21.915661759919388,-0.4092457237518821
0.05º,SWA,Elevation,40.603652142225705,-0.0350059843072355
0.05º,SWA,Elevation,10.971517924698588,-0.6284096602453204
0.05º,SWA,Elevation,17.445638064725557,-0.49876099365402154
0.05º,SWA,Elevation,8.706787231092038,-0.6737624353350415
0.05º,SWA,Elevation,9.855708172013067,-0.6507545107387254
0.05º,SWA,Elevation,12.570616687701419,-0.5963866180578072
0.05º,SWA,Elevation,10.307172085374999,-0.6417136382934358
0.05º,SWA,Elevation,18.02112024254241,-0.4872365709699685
0.05º,SWA,Elevation,10.890181867265735,-0.6300384702092824
0.05º,SWA,Elevation,10.461590706122106,-0.6386213002083031
0.05º,SWA,Elevation,7.38177709913682,-0.7002966659505455
0.05º,SWA,Elevation,17.75047462434607,-0.4926564338639226
0.05º,SWA,Elevation,29.532831566546363,-0.25670670883261687
0.05º,SWA,Elevation,15.783100113569823,-0.5320544488051138
0.05º,SWA,Elevation,12.786384708839806,-0.5920657164327845
0.05º,SWA,Elevation,4.156596487639098,-0.7648831049959982
0.05º,SWA,Elevation,10.291546947275405,-0.6420265423292124
0.05º,SWA,Elevation,15.129557811711473,-0.5451420786550891
0.05º,SWA,Elevation,17.312809247064543,-0.501420981223325
0.05º,SWA,Elevation,6.8161170329029845,-0.7116243941583907
0.05º,SWA,Elevation,17.525109066312453,-0.4971695327040285
0.05º,SWA,Elevation,14.090738972069655,-0.565945133661251
0.05º,SWA,Elevation,12.630706034713215,-0.5951832879453097
0.05º,SWA,Elevation,18.053211593085837,-0.48659391981165184
0.05º,SWA,Elevation,15.670073649464351,-0.5343178807532183
0.05º,SWA,Elevation,14.423310353659442,-0.5592851651656151
0.05º,SWA,Elevation,14.049838324113432,-0.5667641970019913
0.05º,SWA,Elevation,8.62588184799854,-0.6753826207519414
0.05º,SWA,Elevation,14.339915591404015,-0.5609552020962348
0.05º,SWA,Elevation,21.819014565531315,-0.41118114966477715
0.05º,SWA,Elevation,9.28501538943083,-0.6621830225202131
0.05º,SWA,Elevation,11.063248525633847,-0.6265726924659698
0.05º,SWA,Elevation,18.264498139156807,-0.4823627627780618
0.05º,SWA,Elevation,8.842548018527644,-0.6710437330734648
0.05º,SWA,Elevation,18.412743330077586,-0.47939405183112965
0.05º,SWA,Elevation,11.233873233757738,-0.6231558164399867
0.05º,SWA,Elevation,27.57863277270924,-0.2958408710655488
0.05º,SWA,Elevation,22.163199932614443,-0.40428860319708393
0.05º,SWA,Elevation,6.313592220777548,-0.721687795888967
0.05º,SWA,Elevation,14.245073617755736,-0.5628544772339272
0.05º,SWA,Elevation,45.36049944601188,0.060253123768525915
0.05º,SWA,Elevation,1.046243723827091,-0.8271700381598781
0.05º,SWA,Elevation,11.065316664483117,-0.6265312765765
0.05º,SWA,Elevation,12.045825807720568,-0.6068959129669542
0.05º,SWA,Elevation,9.008438231720808,-0.6677216685340583
0.05º,SWA,Elevation,21.349645991516045,-0.42058057513800995
0.05º,SWA,Elevation,12.16070562547718,-0.6045953663493047
0.05º,SWA,Elevation,26.999305582079106,-0.30744229275077684
0.05º,SWA,Elevation,19.017270060346227,-0.46728799219631406
0.05º,SWA,Elevation,7.997239954103303,-0.687971602967926
0.05º,SWA,Elevation,12.03012767496466,-0.6072102787704545
0.05º,SWA,Elevation,12.256808506541786,-0.6026708406815501
0.05º,SWA,Elevation,8.413606615176612,-0.6796335769113071
0.05º,SWA,Elevation,8.883203365571156,-0.6702295820506238
0.05º,SWA,Elevation,19.243660949938167,-0.46275436039319917
0.05º,SWA,Elevation,7.990413822354217,-0.6881083009068125
0.05º,SWA,Elevation,24.41847667509923,-0.35912514991950806
0.05º,SWA,Elevation,10.822572386465449,-0.6313923961243258
0.05º,SWA,Elevation,21.340389761562903,-0.42076593744904706
0.05º,SWA,Elevation,11.751077477259324,-0.6127984490950763
0.05º,SWA,Elevation,20.52922370112154,-0.4370100904529642
0.05º,SWA,Elevation,5.300292321676358,-0.7419798167248701
0.05º,SWA,Elevation,9.390346252241557,-0.6600737002310124
0.05º,SWA,Elevation,22.7619053484172,-0.3922991193504815
0.05º,SWA,Elevation,22.96387855999396,-0.3882544681852685
0.05º,SWA,Elevation,10.43427924926252,-0.639168230739082
0.05º,SWA,Elevation,15.787882757121919,-0.5319586731095907
0.05º,SWA,Elevation,9.161568547004483,-0.6646551296435472
0.05º,SWA,Elevation,24.889203402235946,-0.34969852650471506
0.05º,SWA,Elevation,2.6680142373111457,-0.7946929787228225
0.05º,SWA,Elevation,7.841698557758826,-0.6910864253993376
0.05º,SWA,Elevation,9.525778599670225,-0.6573615752043392
0.05º,SWA,Elevation,10.695715758410952,-0.6339327865279344
0.05º,SWA,Elevation,14.759619539763333,-0.5525503445880356
0.05º,SWA,Elevation,18.15987501074485,-0.48445791220375095
0.05º,SWA,Elevation,15.899663887299514,-0.5297201798218321
0.05º,SWA,Elevation,30.04745314514521,-0.24640106111194118
0.05º,SWA,Elevation,24.895159962833432,-0.34957924232057397
0.05º,SWA,Elevation,14.05770959083318,-0.5666065695232718
0.05º,SWA,Elevation,7.856384379657454,-0.690792331810437
0.05º,SWA,Elevation,21.21566330229927,-0.4232636697713448
0.05º,SWA,Elevation,16.931278270968974,-0.5090613989548781
0.05º,SWA,Elevation,13.197780422362406,-0.5838272369875515
0.05º,SWA,Elevation,14.945159099290139,-0.5488347885012921
0.05º,SWA,Elevation,8.830087647969593,-0.6712932604830809
0.05º,SWA,Elevation,3.774739193082064,-0.7725300574770615
0.05º,SWA,Elevation,27.701058357699488,-0.2933892153181504
0.05º,SWA,Elevation,3.7608212851555467,-0.7728087730654944
0.05º,SWA,Elevation,14.652560399948836,-0.5546942768017038
0.05º,SWA,Elevation,11.627683969251406,-0.615269488160345
0.05º,SWA,Elevation,22.084947934244454,-0.40585565277715724
0.05º,SWA,Elevation,18.4577672728836,-0.4784924167018411
0.05º,SWA,Elevation,39.67241145792939,-0.05365471346011815
0.05º,SWA,Elevation,11.891793689623071,-0.60998051107320606
0.05º,SWA,Elevation,12.7134262457776,-0.5935267593618591
0.05º,SWA,Elevation,13.320329077359064,-0.5813731166794277
0.05º,SWA,Elevation,10.244246806030718,-0.6429737598829987
0.05º,SWA,Elevation,7.200469503087418,-0.7039274740854377
0.05º,SWA,Elevation,13.903726878594203,-0.5696901782435467
0.05º,SWA,Elevation,7.442344723066697,-0.6990837580169157
0.05º,SWA,Elevation,24.251395263937255,-0.36247106900979736
0.05º,SWA,Elevation,9.783188246141018,-0.6522067716617937
0.05º,SWA,Elevation,50.87874019557586,0.17075965432972112
0.05º,SWA,Elevation,40.5368796843986,-0.03634314826698123
0.05º,SWA,Elevation,8.274309890110608,-0.6824230887329501
0.05º,SWA,Elevation,4.067083650356115,-0.7666756605472602
0.05º,SWA,Elevation,4.798582876154496,-0.7520268901837044
0.05º,SWA,Elevation,17.964400685596907,-0.4883724187405665
0.05º,SWA,Elevation,16.82287553999045,-0.5112322374969882
0.05º,SWA,Elevation,4.819512172642195,-0.7516077667625081
0.05º,SWA,Elevation,14.553316597126411,-0.5566817015675537
0.05º,SWA,Elevation,19.262195030326584,-0.4623832028062403
0.05º,SWA,Elevation,21.08993191996876,-0.42578152636270605
0.05º,SWA,Elevation,12.25178352768382,-0.6027714693066751
0.05º,SWA,Elevation,12.02190641235657,-0.6073749151552885
0.05º,SWA,Elevation,10.984601015927934,-0.6281476624300049
0.05º,SWA,Elevation,12.682298627409303,-0.5941501111267825
0.05º,SWA,Elevation,23.766060248562493,-0.3721902333491146
0.05º,SWA,Elevation,6.763575437428269,-0.712676575404111
0.05º,SWA,Elevation,8.406058782314922,-0.6797847274066651
0.05º,SWA,Elevation,4.716810387672709,-0.7536644399767596
0.05º,SWA,Elevation,6.081115445357502,-0.7263433017020748
0.05º,SWA,Elevation,9.706221162628797,-0.653748089946434
0.05º,SWA,Elevation,12.301313611352434,-0.6017795956366007
0.05º,SWA,Elevation,9.284251470968444,-0.6621983205078764
0.05º,SWA,Elevation,12.217087933768163,-0.6034662722127793
0.05º,SWA,Elevation,8.900621402875263,-0.6698807739867831
0.05º,SWA,Elevation,32.42006195885359,-0.19888795317033084
0.05º,SWA,Elevation,19.437706231584187,-0.45886847142611015
0.05º,SWA,Elevation,12.213256662071387,-0.6035429960387344
0.05º,SWA,Elevation,13.564708887104656,-0.5764792444944701
0.05º,SWA,Elevation,5.689045314800272,-0.7341947731819984
0.05º,SWA,Elevation,5.699533989491531,-0.733984730325422
0.05º,SWA,Elevation,16.104673969879528,-0.5256147132457731
0.05º,SWA,Elevation,3.594523650914425,-0.7761389964889601
0.05º,SWA,Elevation,10.875414310349786,-0.6303342005975905
0.05º,SWA,Elevation,10.99159089755175,-0.6280076852883149
0.05º,SWA,Elevation,3.998739487388365,-0.7680442989732427
0.05º,SWA,Elevation,4.564163327975312,-0.7567213013449157
0.05º,SWA,Elevation,11.45356885484943,-0.6187562619500439
0.05º,SWA,Elevation,11.015060536143412,-0.6275376897857637
0.05º,SWA,Elevation,12.521685739159206,-0.5973664936387876
0.05º,SWA,Elevation,8.345959169051412,-0.6809882631078475
0.05º,SWA,Elevation,13.787113441858033,-0.5720254417623684
0.05º,SWA,Elevation,7.978669872723395,-0.6883434814992667
0.05º,SWA,Elevation,10.662978914757403,-0.6345883641255526
0.05º,SWA,Elevation,21.079114813746223,-0.4259981462844553
0.05º,SWA,Elevation,8.311597290978249,-0.6816763831268468
0.05º,SWA,Elevation,14.460840523082842,-0.5585335979537855
0.05º,SWA,Elevation,8.014309690616061,-0.6876297698647277
0.05º,SWA,Elevation,9.598307505410446,-0.6559091344532928
0.05º,SWA,Elevation,18.803918003219334,-0.4715605124960219
0.05º,SWA,Elevation,13.311834921505428,-0.5815432179374246
0.05º,SWA,Elevation,8.489434596178922,-0.678115069930493
0.05º,SWA,Elevation,11.807673947861455,-0.6116650662123624
0.05º,SWA,Elevation,15.075926287551788,-0.5462160864652891
0.05º,SWA,Elevation,9.318766407126255,-0.6615071353964544
0.05º,SWA,Elevation,8.007437010234879,-0.6877673999716852
0.05º,SWA,Elevation,10.565091459648695,-0.6365486271043621
0.05º,SWA,Elevation,13.647184875556036,-0.5748276066352326
0.05º,SWA,Elevation,27.39555960546208,-0.2995070359665513
0.05º,SWA,Elevation,18.69938885311919,-0.4736537799419901
0.05º,SWA,Elevation,15.193855763181098,-0.5438544683710214
0.05º,SWA,Elevation,7.919959644818217,-0.6895191938120668
0.05º,SWA,Elevation,21.9722411832157,-0.40811268225308145
0.05º,SWA,Elevation,14.27183707901403,-0.562318520688411
0.05º,SWA,Elevation,42.21791331589894,-0.002679304515969184
0.05º,SWA,Elevation,12.942646111700334,-0.5889364753803519
0.05º,SWA,Elevation,15.665458153700103,-0.5344103092004127
0.05º,SWA,Elevation,19.619928457629335,-0.4552193472024202
0.05º,SWA,Elevation,11.274582403782448,-0.622340587575278
0.05º,SWA,Elevation,9.264724134232583,-0.6625893687298937
0.05º,SWA,Elevation,11.153477030079804,-0.6247658051921885
0.05º,SWA,Elevation,19.928778256033866,-0.4490344195714708
0.05º,SWA,Elevation,17.453349551324262,-0.4986065658810833
0.05º,SWA,Elevation,4.993009411833022,-0.7481333663448679
0.05º,SWA,Elevation,9.889849811756799,-0.6500708011423204
0.05º,SWA,Elevation,14.368005143581039,-0.5603926896766117
0.05º,SWA,Elevation,21.30836196172228,-0.42140731596124326
0.05º,SWA,Elevation,8.18985351894468,-0.6841143851052718
0.05º,SWA,Elevation,12.018688754657822,-0.6074393509428809
0.05º,SWA,Elevation,2.1660913400050057,-0.8047443266990607
0.05º,SWA,Elevation,14.262022094642438,-0.5625150724373543
0.05º,SWA,Elevation,13.388466777169615,-0.5800086128188305
0.05º,SWA,Elevation,11.106329342526282,-0.6257099697569432
0.05º,SWA,Elevation,10.008397079987649,-0.6476968113303077
0.05º,SWA,Elevation,16.131807478200546,-0.5250713462557146
0.05º,SWA,Elevation,15.611594192973781,-0.5354889717112175
0.05º,SWA,Elevation,7.1366942406119485,-0.705204617166292
0.05º,SWA,Elevation,15.464228024149829,-0.5384400796417871
0.05º,SWA,Elevation,5.308336326819939,-0.7418187300415274
0.05º,SWA,Elevation,13.476775456360656,-0.5782401713537468
0.05º,SWA,Elevation,6.768690064991416,-0.7125741515025876
0.05º,SWA,Elevation,12.754304989558104,-0.5927081346671607
0.05º,SWA,Elevation,30.940193818453643,-0.22852332090896516
0.05º,SWA,Elevation,13.614265683079322,-0.575486835892268
0.05º,SWA,Elevation,12.806911343861445,-0.5916546565817774
0.05º,SWA,Elevation,4.091316099536265,-0.7661903892429754
0.05º,SWA,Elevation,12.452012502625886,-0.598761747668412
0.05º,SWA,Elevation,19.94964280676086,-0.44861659272824356
0.05º,SWA,Elevation,3.4466609154354475,-0.7791000485051052
0.05º,SWA,Elevation,5.085146518321235,-0.7462882580148689
0.05º,SWA,Elevation,10.71574299578554,-0.6335317274550467
0.05º,SWA,Elevation,18.475788365660126,-0.47813153204130643
0.05º,SWA,Elevation,16.01113507838657,-0.5274878932755215
0.05º,SWA,Elevation,17.7490112908687,-0.49268573811376903
0.05º,SWA,Elevation,13.811436604552853,-0.5715383538581496
0.05º,SWA,Elevation,4.136488612209961,-0.7652857789008667
0.05º,SWA,Elevation,14.133274737372059,-0.5650933259816558
0.05º,SWA,Elevation,11.047368348551142,-0.62689070383114
0.05º,SWA,Elevation,35.39964151909774,-0.1392198425030589
0.05º,SWA,Elevation,14.861854688907158,-0.5505030160741098
0.05º,SWA,Elevation,18.452037285169805,-0.47860716360962324
0.05º,SWA,Elevation,18.960961422354256,-0.46841561103491053
0.05º,SWA,Elevation,10.916998538101183,-0.6295014481057323
0.05º,SWA,Elevation,4.410139558508591,-0.7598057322641484
0.05º,SWA,Elevation,10.323225269998053,-0.6413921623344008
0.05º,SWA,Elevation,12.395727115236335,-0.5998889008978544
0.05º,SWA,Elevation,20.915937023071105,-0.4292658927149772
0.05º,SWA,Elevation,25.80217019716524,-0.3314157444363209
0.05º,SWA,Elevation,12.112308243905014,-0.6055645568881932
0.05º,SWA,Elevation,12.03215758750951,-0.6071696283887741
0.05º,SWA,Elevation,11.27915999824663,-0.6222489181274394
0.05º,SWA,Elevation,29.588002792322015,-0.2556018674485657
0.05º,SWA,Elevation,17.23563405826394,-0.5029664669581462
0.05º,SWA,Elevation,9.920987751793303,-0.6494472426789589
0.05º,SWA,Elevation,10.352886944055289,-0.6407981671030473
0.05º,SWA,Elevation,7.615983139646528,-0.6956065304258772
0.05º,SWA,Elevation,7.266636780570265,-0.7026024292743922
0.05º,SWA,Elevation,18.398856165353077,-0.4796721517659972
0.05º,SWA,Elevation,11.707562937404383,-0.6136698574019205
0.05º,SWA,Elevation,13.687623315962327,-0.5740177993155795
0.05º,SWA,Elevation,15.801644627091427,-0.5316830822875548
0.05º,SWA,Elevation,7.1001006824443245,-0.7059374280996158
0.05º,SWA,Elevation,9.079224911667191,-0.6663041170415037
0.05º,SWA,Elevation,42.8874901256191,0.010729427278172847
0.05º,SWA,Elevation,6.8813816688045035,-0.7103174253599769
0.05º,SWA,Elevation,2.2812591224303276,-0.8024380133927312
0.05º,SWA,Elevation,7.602170089145821,-0.6958831461729195
0.05º,SWA,Elevation,29.418384577786558,-0.25899858775472107
0.05º,SWA,Elevation,28.628756440844924,-0.27481142916687135
0.05º,SWA,Elevation,12.497333991702046,-0.5978541539723469
0.05º,SWA,Elevation,16.862496498702487,-0.5104388008052089
0.05º,SWA,Elevation,7.045497625030395,-0.707030891525133
0.05º,SWA,Elevation,15.39843585358119,-0.539757612681317
0.05º,SWA,Elevation,17.06331580109024,-0.5064172574576585
0.05º,SWA,Elevation,8.260139304722511,-0.6827068643596991
0.05º,SWA,Elevation,9.696967098936973,-0.6539334088766122
0.05º,SWA,Elevation,9.13399660183077,-0.665207276630286
0.05º,SWA,Elevation,21.814466775331784,-0.41127222226191057
0.05º,SWA,Elevation,10.439011002676189,-0.6390734741532522
0.05º,SWA,Elevation,12.080146104518244,-0.6062086256413258
0.05º,SWA,Elevation,15.49635188559261,-0.5377967774305613
0.05º,SWA,Elevation,18.635526414040854,-0.47493266879370977
0.05º,SWA,Elevation,15.26871950910234,-0.5423552708546344
0.05º,SWA,Elevation,10.31838008192241,-0.6414891905266191
0.05º,SWA,Elevation,40.09034902608317,-0.045285228918961445
0.05º,SWA,Elevation,12.279804821256969,-0.6022103238120988
0.05º,SWA,Elevation,8.163547981177537,-0.6846411714208965
0.05º,SWA,Elevation,14.390960565638238,-0.5599329917104964
0.05º,SWA,Elevation,15.85006856020509,-0.5307133600359584
0.05º,SWA,Elevation,6.321001273539694,-0.7215394245596527
0.05º,SWA,Elevation,26.00622453937175,-0.3273294172123827
0.05º,SWA,Elevation,7.123037843679394,-0.7054780958189046
0.05º,SWA,Elevation,10.623745318300811,-0.6353740436242585
0.05º,SWA,Elevation,5.847096710852924,-0.7310296862963798
0.05º,SWA,Elevation,15.959852494981767,-0.5285148619467828
0.05º,SWA,Elevation,10.54118750680771,-0.6370273200456522
0.05º,SWA,Elevation,21.570579796697256,-0.4161562251681055
0.05º,SWA,Elevation,22.67392063225219,-0.39406107323525447
0.05º,SWA,Elevation,14.204845184959064,-0.5636600790081205
0.05º,SWA,Elevation,12.670330963379943,-0.594389771752483
0.05º,SWA,Elevation,17.726685492680733,-0.4931328274329432
0.05º,SWA,Elevation,23.431887928578313,-0.37888226172681
0.05º,SWA,Elevation,31.78359623422925,-0.2116336129270042
0.05º,SWA,Elevation,19.68721686273023,-0.45387185104700434
0.05º,SWA,Elevation,26.385524485763007,-0.31973367737064834
0.05º,SWA,Elevation,16.21712848036535,-0.5233627350585714
0.05º,SWA,Elevation,9.710788820333924,-0.6536566194889653
0.05º,SWA,Elevation,16.816159962122143,-0.5113667215190922
0.05º,SWA,Elevation,17.703362217965452,-0.4935998918991528
0.05º,SWA,Elevation,25.14375344432296,-0.3446009884881896
0.05º,SWA,Elevation,2.7544336807908425,-0.7929623704899859
0.05º,SWA,Elevation,38.7669237328534,-0.07178772205924527
0.05º,SWA,Elevation,15.22605205112741,-0.5432097157697185
0.05º,SWA,Elevation,13.176957631801542,-0.5842442275550009
0.05º,SWA,Elevation,17.57576858998752,-0.4961550412283428
0.05º,SWA,Elevation,15.014941686855451,-0.5474373446427516
0.05º,SWA,Elevation,13.432258477712578,-0.5791316541803804
0.05º,SWA,Elevation,15.054267702738546,-0.5466498143820651
0.05º,SWA,Elevation,7.968732712276798,-0.68854247990735
0.05º,SWA,Elevation,12.701205895045057,-0.5937714802109451
0.05º,SWA,Elevation,11.452024630772403,-0.6187871860892589
0.05º,SWA,Elevation,14.728336843680836,-0.5531768018898398
0.05º,SWA,Elevation,9.71336062301223,-0.6536051173881753
0.05º,SWA,Elevation,3.4224371075581086,-0.7795851467614139
0.05º,SWA,Elevation,11.894660426995106,-0.6099231027042366
0.05º,SWA,Elevation,28.96381961414191,-0.2681015608446528
0.05º,SWA,Elevation,8.077326234170458,-0.6863678206471795
0.05º,SWA,Elevation,22.723142718365825,-0.3930753674260558
0.05º,SWA,Elevation,8.315372250090173,-0.6816007869987688
0.05º,SWA,Elevation,7.791365273540306,-0.6920943837076406
0.05º,SWA,Elevation,15.608317404075144,-0.5355545916413734
0.05º,SWA,Elevation,14.269685634685597,-0.5623616048268567
0.05º,SWA,Elevation,13.692761535839555,-0.5739149029618932
0.05º,SWA,Elevation,11.595528036384767,-0.6159134326236836
0.05º,SWA,Elevation,15.751184729293609,-0.5326935761190444
0.05º,SWA,Elevation,13.802550083343261,-0.5717163124997162
0.05º,SWA,Elevation,15.409425675445025,-0.5395375340111802
0.05º,SWA,Elevation,11.110374253209667,-0.6256289676647299
0.05º,SWA,Elevation,10.521870250924678,-0.6374141612554645
0.05º,SWA,Elevation,10.434189474028072,-0.6391700285493153
0.05º,SWA,Elevation,27.256529516636633,-0.3022912082158192
0.05º,SWA,Elevation,8.509054307752669,-0.6777221718394125
0.05º,SWA,Elevation,14.182671904375821,-0.5641041140583505
0.05º,SWA,Elevation,16.318189308367735,-0.5213389231255622
0.05º,SWA,Elevation,11.580283631800967,-0.6162187122114144
0.05º,SWA,Elevation,7.704659371660619,-0.6938307284651
0.05º,SWA,Elevation,56.05041611078425,0.2743259879699723
0.05º,SWA,Elevation,21.089242905801317,-0.4257953243408311
0.05º,SWA,Elevation,20.81724886808236,-0.4312421902543975
0.05º,SWA,Elevation,23.98136090101193,-0.36787869110050414
0.05º,SWA,Elevation,3.429955851664033,-0.7794345787882081
0.05º,SWA,Elevation,4.958733420359383,-0.7488197664261975
0.05º,SWA,Elevation,12.924313475419625,-0.5893035989118109
0.05º,SWA,Elevation,14.819219102285103,-0.5513568227436388
0.05º,SWA,Elevation,10.09212789545473,-0.6460200447051729
0.05º,SWA,Elevation,22.438366571550112,-0.3987782037826748
0.05º,SWA,Elevation,3.6479705205223953,-0.7750686865119626
0.05º,SWA,Elevation,11.07898038931298,-0.6262576511777511
0.05º,SWA,Elevation,18.33722738316879,-0.48090631011663376
0.05º,SWA,Elevation,10.420184886092366,-0.639450479963987
0.05º,SWA,Elevation,13.645200649186304,-0.5748673421201305
0.05º,SWA,Elevation,16.288452389875474,-0.5219344251779908
0.05º,SWA,Elevation,54.49774545095235,0.24323270017970297
0.05º,SWA,Elevation,12.619815334878373,-0.5954013816292844
0.05º,SWA,Elevation,11.688154888012694,-0.6140585168136009
0.05º,SWA,Elevation,23.996538774389176,-0.3675747438455118
0.05º,SWA,Elevation,19.22824790347276,-0.4630630171495042
0.05º,SWA,Elevation,11.884231843419478,-0.6101319421952829
0.05º,SWA,Elevation,37.393494224430086,-0.09929158367641384
0.05º,SWA,Elevation,8.716918822612222,-0.6735595433122447
0.05º,SWA,Elevation,31.63391857832869,-0.21463100996108797
0.05º,SWA,Elevation,12.107504522610412,-0.60566075467987
0.05º,SWA,Elevation,14.950074676035436,-0.5487363507280084
0.05º,SWA,Elevation,12.197532684547859,-0.6038578794013141
0.05º,SWA,Elevation,12.429372040079503,-0.5992151383557427
0.05º,SWA,Elevation,8.90813902219205,-0.6697302285382463
0.05º,SWA,Elevation,31.483382798552814,-0.21764559151041066
0.05º,SWA,Elevation,14.108678010153543,-0.5655858922018399
0.05º,SWA,Elevation,8.492169982813303,-0.6780602919495337
0.05º,SWA,Elevation,12.678546346017734,-0.5942252531180602
0.05º,SWA,Elevation,18.817811352654903,-0.47128228870810174
0.05º,SWA,Elevation,16.116148505379112,-0.5253849278548475
0.05º,SWA,Elevation,31.319184354683546,-0.22093377721651158
0.05º,SWA,Elevation,16.198281637904543,-0.5237401559191132
0.05º,SWA,Elevation,19.883377187954416,-0.4499436068912935
0.05º,SWA,Elevation,11.384291400188179,-0.6201435901780358
0.05º,SWA,Elevation,23.478671808314807,-0.37794538266145195
0.05º,SWA,Elevation,13.24168063594297,-0.582948105301594
0.05º,SWA,Elevation,8.670912382675843,-0.6744808536159393
0.05º,SWA,Elevation,12.080340234481648,-0.6062047380565488
0.05º,SWA,Elevation,16.424399981888637,-0.5192119820274794
0.05º,SWA,Elevation,14.16833343318714,-0.5643912517126362
0.05º,SWA,Elevation,10.421705948499708,-0.6394200196529873
0.05º,SWA,Elevation,3.7046327039830533,-0.7739339876844867
0.05º,SWA,Elevation,3.741320627163883,-0.7731992870274831
0.05º,SWA,Elevation,7.916008834238735,-0.6895983114855895
0.05º,SWA,Elevation,16.405731694748997,-0.5195858271960659
0.05º,SWA,Elevation,29.03126668270269,-0.26675088734535624
0.05º,SWA,Elevation,23.796496424275794,-0.371580728194434
0.05º,SWA,Elevation,17.50043081851014,-0.4976637314294427
0.05º,SWA,Elevation,5.726469756104052,-0.7334453232477964
0.05º,SWA,Elevation,12.302380929282654,-0.6017582218678894
0.05º,SWA,Elevation,3.9537790115141,-0.7689446631339831
0.05º,SWA,Elevation,14.616576136271565,-0.5554148861977488
0.05º,SWA,Elevation,21.143116025148384,-0.4247164784224061
0.05º,SWA,Elevation,9.025082824244912,-0.6673883492288815
0.05º,SWA,Elevation,5.123692924421454,-0.7455163399712289
0.05º,SWA,Elevation,8.7858544458071,-0.672179060492255
0.05º,SWA,Elevation,11.630276257107665,-0.61521757582991
0.05º,SWA,Elevation,8.013938398193735,-0.6876372052484444
0.05º,SWA,Elevation,78.17161505785882,0.7173180679527691
0.05º,SWA,Elevation,1.7448158859072673,-0.8131806546803312
0.05º,SWA,Elevation,2.852986198804681,-0.790988789173397
0.05º,SWA,Elevation,26.247460566974542,-0.3224985014066785
0.05º,SWA,Elevation,13.0660358993683,-0.5864655108174253
0.05º,SWA,Elevation,13.629036403916908,-0.5751910421442735
0.05º,SWA,Elevation,22.914343383544875,-0.38924644384174156
0.05º,SWA,Elevation,9.457762125180844,-0.6587236514452897
0.05º,SWA,Elevation,13.242550308730358,-0.5829306895115226
0.05º,SWA,Elevation,7.67366784143302,-0.6944513549722897
0.05º,SWA,Elevation,10.795940645564972,-0.6319257148799362
0.05º,SWA,Elevation,18.193462074497877,-0.4837853083693898
0.05º,SWA,Elevation,11.452548331111196,-0.61877669863318
0.05º,SWA,Elevation,20.51733852755607,-0.43724809915092494
0.05º,SWA,Elevation,17.992384182187,-0.4878120301563268
0.05º,SWA,Elevation,12.71461196716133,-0.5935030144833234
0.05º,SWA,Elevation,32.13974902169299,-0.2045014107128426
0.05º,SWA,Elevation,34.18426896209189,-0.1635585059846435
0.05º,SWA,Elevation,11.580645303857604,-0.6162114694820748
0.05º,SWA,Elevation,16.795159317573194,-0.5117872737338242
0.05º,SWA,Elevation,43.35338891475124,0.02005936794517306
0.05º,SWA,Elevation,16.680624909758862,-0.5140809032820535
0.05º,SWA,Elevation,12.449689913262754,-0.5988082591027778
0.05º,SWA,Elevation,16.94228235404638,-0.5088410346942236
0.05º,SWA,Elevation,7.566931781789655,-0.6965888172854179
0.05º,SWA,Elevation,14.163788908777356,-0.5644822589101048
0.05º,SWA,Elevation,8.680492015082299,-0.6742890149504421
0.05º,SWA,Elevation,4.184727572926426,-0.7643197608475449
0.05º,SWA,Elevation,35.890035858767675,-0.1293993617478373
0.05º,SWA,Elevation,17.62119670408976,-0.4952453122934874
0.05º,SWA,Elevation,7.697825895687799,-0.6939675734770703
0.05º,SWA,Elevation,4.375319149288765,-0.7605030346817546
0.05º,SWA,Elevation,14.449431364423308,-0.5587620741289483
0.05º,SWA,Elevation,8.707353481808557,-0.6737510957786593
0.05º,SWA,Elevation,19.038608539811587,-0.4668606746072157
0.05º,SWA,Elevation,19.92660984938369,-0.44907784339196566
0.05º,SWA,Elevation,3.635916328360278,-0.7753100799224726
0.05º,SWA,Elevation,7.754461443838086,-0.6928334080398312
0.05º,SWA,Elevation,13.027101564378192,-0.5872451974013795
0.05º,SWA,Elevation,11.445529377116022,-0.6189172579689133
0.05º,SWA,Elevation,24.807005491325015,-0.3513445956717522
0.05º,SWA,Elevation,5.739930634706383,-0.7331757599829523
0.05º,SWA,Elevation,10.508131146422961,-0.6376892961834979
0.05º,SWA,Elevation,12.192796631088564,-0.6039527220984873
0.05º,SWA,Elevation,7.542675349979081,-0.6970745688582163
0.05º,SWA,Elevation,43.217872608821715,0.01734556159231958
0.05º,SWA,Elevation,21.91616570172354,-0.4092356319739208
0.05º,SWA,Elevation,9.38283311451754,-0.660224155932601
0.05º,SWA,Elevation,6.598098757649991,-0.7159903586551459
0.05º,SWA,Elevation,8.03804899192938,-0.6871543741824554
0.05º,SWA,Elevation,13.502710256938933,-0.5777208093029106
0.05º,SWA,Elevation,1.8436570148064737,-0.8112012937341334
0.05º,SWA,Elevation,18.166317081587522,-0.48432890534617423
0.05º,SWA,Elevation,8.265081134259283,-0.6826079008563803
0.05º,SWA,Elevation,28.229631170085895,-0.2828041846359695
0.05º,SWA,Elevation,42.63498359962947,0.005672812063735319
0.05º,SWA,Elevation,28.414867240797694,-0.2790947061195118
0.05º,SWA,Elevation,5.369218187508677,-0.7405995293027133
0.05º,SWA,Elevation,22.22033171388174,-0.40314450035359545
0.05º,SWA,Elevation,13.554488759847505,-0.5766839095057187
0.05º,SWA,Elevation,29.618704766996032,-0.25498703948860924
0.05º,SWA,Elevation,15.975412864974816,-0.528203254936466
0.05º,SWA,Elevation,9.8072794466932791,-0.6517243289575144
0.05º,SWA,Elevation,6.488465134014139,-0.7181858466613202
0.05º,SWA,Elevation,11.978451299204014,-0.6082451334019304
0.05º,SWA,Elevation,14.392114636935778,-0.5599098806464998
0.05º,SWA,Elevation,11.331952427003671,-0.621191713774349
0.05º,SWA,Elevation,10.28010029279611,-0.64225576938371165
0.05º,SWA,Elevation,13.958721712442127,-0.5685888692280233
0.05º,SWA,Elevation,15.318109436584551,-0.5413662039076805
0.05º,SWA,Elevation,10.29486654711575,-0.641960065080782
0.05º,SWA,Elevation,10.190074716587688,-0.6440585928812821
0.05º,SWA,Elevation,16.43559518047072,-0.5189877905486376
0.05º,SWA,Elevation,7.587469888080307,-0.6961775277144334
0.05º,SWA,Elevation,14.659062824945586,-0.5545640613110726
0.05º,SWA,Elevation,8.049491083678738,-0.6869252384997317
0.05º,SWA,Elevation,14.084176875214755,-0.5660765441214958
0.05º,SWA,Elevation,4.526854461076059,-0.757468436822927
0.05º,SWA,Elevation,9.45595992984368,-0.6587597416347435
0.05º,SWA,Elevation,33.2615448475785,-0.18203668502532472
0.05º,SWA,Elevation,6.804414214423281,-0.7118587510715214
0.05º,SWA,Elevation,31.20701743280092,-0.22317999624600154
0.05º,SWA,Elevation,12.40697695617329,-0.5996636151686288
0.05º,SWA,Elevation,10.010208217678022,-0.6476605420641385
0.05º,SWA,Elevation,19.78366764783105,-0.45194035836389934
0.05º,SWA,Elevation,10.41533632955932,-0.6395475756118597
0.05º,SWA,Elevation,12.810109521130268,-0.5915906109030662
0.05º,SWA,Elevation,31.19184684159051,-0.22348379767064164
0.05º,SWA,Elevation,16.268597734794824,-0.522332028172863
0.05º,SWA,Elevation,38.20745551950596,-0.08299145419456047
0.05º,SWA,Elevation,22.15968517592234,-0.40435898859443026
0.05º,SWA,Elevation,13.836768714235044,-0.5710310611031179
0.05º,SWA,Elevation,16.49204232330233,-0.5178573980562647
0.05º,SWA,Elevation,13.119833755335682,-0.5853881720994552
0.05º,SWA,Elevation,11.238876125188014,-0.6230556301306492
0.05º,SWA,Elevation,9.6488559960734,-0.6548968664893209
0.05º,SWA,Elevation,13.460067385806452,-0.5785747618497237
0.05º,SWA,Elevation,24.003204801766465,-0.36744125210574885
0.05º,SWA,Elevation,27.47386930568841,-0.29793883086749273
0.05º,SWA,Elevation,9.798710323600583,-0.6518959314855485
0.05º,SWA,Elevation,5.772057746103226,-0.7325323926891822
0.05º,SWA,Elevation,19.468908458778785,-0.45824362556860937
0.05º,SWA,Elevation,19.717929486721005,-0.4532568098272245
0.05º,SWA,Elevation,16.082745998971646,-0.5260538358026258
0.05º,SWA,Elevation,23.9706401249044,-0.3680933819460712
0.05º,SWA,Elevation,28.131914131660196,-0.28476103490459764
0.05º,SWA,Elevation,15.165131007100873,-0.5444297011815674
0.05º,SWA,Elevation,29.478569704694824,-0.25779333958454237
0.05º,SWA,Elevation,20.689320941250926,-0.43380403414588503
0.05º,SWA,Elevation,11.804452717514303,-0.61172957354467306
0.05º,SWA,Elevation,7.912278707580747,-0.6896730098132333
0.05º,SWA,Elevation,14.62912906017756,-0.5551635053442839
0.05º,SWA,Elevation,8.835451228010996,-0.6711858511385702
0.05º,SWA,Elevation,15.855676293192491,-0.5306010613623638
0.05º,SWA,Elevation,3.9126725483671154,-0.7697678480641394
0.05º,SWA,Elevation,20.916455388952613,-0.4292555120850398
0.05º,SWA,Elevation,10.341503551833151,-0.64102612728774655
0.05º,SWA,Elevation,21.028351711063692,-0.4270147120003334
0.05º,SWA,Elevation,21.665677616732825,-0.4142518265322008
0.05º,SWA,Elevation,3.134105019217676,-0.7853591932697114
0.05º,SWA,Elevation,18.3639083605701,-0.4803720053665495
0.05º,SWA,Elevation,18.357857943645968,-0.48049316908757556
0.05º,SWA,Elevation,19.711638013401036,-0.4533828008668077
0.05º,SWA,Elevation,19.885041943203394,-0.4499102690332429
0.05º,SWA,Elevation,2.755987528024664,-0.7929312536404999
0.05º,SWA,Elevation,19.43547395597014,-0.45891317426612027
0.05º,SWA,Elevation,17.724274027887475,-0.4931811186583477
0.05º,SWA,Elevation,21.924704054538626,-0.40906464564165956
0.05º,SWA,Elevation,8.39509949111194,-0.6800041946795177
0.05º,SWA,Elevation,4.141332488319165,-0.7651887769816701
0.05º,SWA,Elevation,15.067101421330026,-0.5463928104237192
0.05º,SWA,Elevation,9.024881474005547,-0.6673923814046038
0.05º,SWA,Elevation,15.672807608385114,-0.5342631313631968
0.05º,SWA,Elevation,11.305964947208064,-0.6217121307624024
0.05º,SWA,Elevation,12.177547274780371,-0.6042581008478727
0.05º,SWA,Elevation,15.029948323428467,-0.5471368265214268
0.05º,SWA,Elevation,32.91002301266451,-0.18907614925963154
0.05º,SWA,Elevation,13.965253531494128,-0.5684580651014098
0.05º,SWA,Elevation,12.580715817365766,-0.5961843761057897
0.05º,SWA,Elevation,16.129568368078417,-0.5251161859614053
0.05º,SWA,Elevation,9.026566284292175,-0.6673586419307608
0.05º,SWA,Elevation,6.927583206181875,-0.7093922080971072
0.05º,SWA,Elevation,12.159127506907781,-0.6046269692488215
0.05º,SWA,Elevation,8.539999644073722,-0.6771024703966729
0.05º,SWA,Elevation,19.85298636877624,-0.450552203750457
0.05º,SWA,Elevation,6.073373856370261,-0.7264983322958521
0.05º,SWA,Elevation,4.283963270771829,-0.7623324983893818
0.05º,SWA,Elevation,7.650138685660098,-0.6949225423469444
0.05º,SWA,Elevation,3.2159340761653916,-0.7837205106545861
0.05º,SWA,Elevation,8.16768338919863,-0.6845583570578404
0.05º,SWA,Elevation,43.76040010006831,0.028210044225932037
0.05º,SWA,Elevation,6.555212600176926,-0.7168491831766791
0.05º,SWA,Elevation,6.574738445861448,-0.7164581648139808
0.05º,SWA,Elevation,30.439945215669677,-0.23854113999670784
0.05º,SWA,Elevation,33.5023975292758,-0.17721344598254984
0.05º,SWA,Elevation,15.416304165101893,-0.5393997875695192
0.05º,SWA,Elevation,11.117183540014809,-0.6254926070573222
0.05º,SWA,Elevation,26.96481358381505,-0.3081330185152489
0.05º,SWA,Elevation,8.408222926239175,-0.6797413889501609
0.05º,SWA,Elevation,10.179415026780141,-0.6442720604320742
0.05º,SWA,Elevation,14.444822635543662,-0.5588543670646682
0.05º,SWA,Elevation,31.605533383213736,-0.21519944283196335
0.05º,SWA,Elevation,2.792151640685012,-0.7922070426460384
0.05º,SWA,Elevation,16.873100003076527,-0.5102264584060017
0.05º,SWA,Elevation,15.602467358262802,-0.535671742794374
0.05º,SWA,Elevation,11.93507424030199,-0.6091137885590274
0.05º,SWA,Elevation,7.475531712730992,-0.69841916593875
0.05º,SWA,Elevation,11.960315174417438,-0.6086083216568372
0.05º,SWA,Elevation,8.0145914154005,-0.6876241281339814
0.05º,SWA,Elevation,15.30756933771279,-0.5415772765685066
0.05º,SWA,Elevation,13.39684299038631,-0.579840873442492
0.05º,SWA,Elevation,5.797542206899253,-0.7320220489992999
0.05º,SWA,Elevation,46.410800244522534,0.0812861128236403
0.05º,SWA,Elevation,7.912429062152364,-0.6896699988605008
0.05º,SWA,Elevation,12.741802467512185,-0.592958506189039
0.05º,SWA,Elevation,5.9364800123201595,-0.7292397247880802
0.05º,SWA,Elevation,10.707360310966989,-0.6336995964296215
0.05º,SWA,Elevation,12.423024455146653,-0.5993422530686024
0.05º,SWA,Elevation,8.362580839723854,-0.6806554028283667
0.05º,SWA,Elevation,14.131450199414104,-0.5651298635973129
0.05º,SWA,Elevation,23.29387345221791,-0.3816460956445334
0.05º,SWA,Elevation,20.88058186026592,-0.4299739039374553
0.05º,SWA,Elevation,16.715085937173612,-0.513390797729939
0.05º,SWA,Elevation,18.058743925355095,-0.48648313108880825
0.05º,SWA,Elevation,10.794340005677213,-0.631957768784197
0.05º,SWA,Elevation,9.33730384368707,-0.6611359105998568
0.05º,SWA,Elevation,14.663840862942635,-0.5544683778449272
0.05º,SWA,Elevation,34.92564093848022,-0.14871202706426587
0.05º,SWA,Elevation,4.456711456815038,-0.7588730982713491
0.05º,SWA,Elevation,7.7132727050799765,-0.6936582405951542
0.05º,SWA,Elevation,12.646575927322276,-0.594865482533731
0.05º,SWA,Elevation,20.854425350044682,-0.4304977058749416
0.05º,SWA,Elevation,7.4525281940037065,-0.6988798270734518
0.05º,SWA,Elevation,21.999282706985298,-0.40757115731633375
0.05º,SWA,Elevation,13.033868110767223,-0.5871096926999233
0.05º,SWA,Elevation,7.0368005832377145,-0.7072050557122846
0.05º,SWA,Elevation,13.785470691926625,-0.5720583389489425
0.05º,SWA,Elevation,16.80211383015564,-0.5116480048812844
0.05º,SWA,Elevation,6.264068839358256,-0.7226795353419325
0.05º,SWA,Elevation,9.5279597338435,-0.657317896506523
0.05º,SWA,Elevation,17.698180598483262,-0.4937036573594964
0.05º,SWA,Elevation,38.45577085245043,-0.07801877047629228
0.05º,SWA,Elevation,6.88196320416505,-0.7103057797181848
0.05º,SWA,Elevation,15.216963874507341,-0.5433917126982669
0.05º,SWA,Elevation,11.293213140004045,-0.6219674943894085
0.05º,SWA,Elevation,14.77832433492519,-0.5521757683214317
0.05º,SWA,Elevation,20.59767875400487,-0.43563923138087357
0.05º,SWA,Elevation,11.475637517430622,-0.6183143219465806
0.05º,SWA,Elevation,11.591315319163446,-0.6159977951561447
0.05º,SWA,Elevation,18.19656159024445,-0.48372323845487936
0.05º,SWA,Elevation,14.781465327548814,-0.5521128678042001
0.05º,SWA,Elevation,10.39556945956473,-0.6399434206505759
0.05º,SWA,Elevation,30.622249961622863,-0.23489036325563895
0.05º,SWA,Elevation,20.009533489103433,-0.4474172410110965
0.05º,SWA,Elevation,12.315859666864172,-0.6014883009648198
0.05º,SWA,Elevation,7.204317416925745,-0.7038504169892598
0.05º,SWA,Elevation,10.136290231958084,-0.6451356638291035
0.05º,SWA,Elevation,17.515999188114076,-0.4973519642214677
0.05º,SWA,Elevation,13.52997173418179,-0.5771748796480075
0.05º,SWA,Elevation,11.254798041922399,-0.622736782900517
0.05º,SWA,Elevation,14.934832491516325,-0.5490415858574315
0.05º,SWA,Elevation,13.521361653160978,-0.5773473023864565
0.05º,SWA,Elevation,10.691352743908656,-0.634020158865844
0.05º,SWA,Elevation,4.833277185163565,-0.75133211300873
0.05º,SWA,Elevation,17.94847360697165,-0.4886913693410802
0.05º,SWA,Elevation,18.096268966980517,-0.4857316665646268
0.05º,SWA,Elevation,9.238397825363096,-0.6631165710009942
0.05º,SWA,Elevation,8.322173259596841,-0.6814645921499023
0.05º,SWA,Elevation,22.085637833703238,-0.4058418370704699
0.05º,SWA,Elevation,11.11535651222714,-0.6255291945335156
0.05º,SWA,Elevation,17.258796081021178,-0.5025026316722565
0.05º,SWA,Elevation,21.733277673106375,-0.41289808934772354
0.05º,SWA,Elevation,11.140814652524433,-0.6250193779295524
0.05º,SWA,Elevation,14.068337608813856,-0.5663937362223906
0.05º,SWA,Elevation,12.557832538651597,-0.5966426293523098
0.05º,SWA,Elevation,14.628604145107651,-0.555174017126181
0.05º,SWA,Elevation,15.62655405557205,-0.5351893902706039
0.05º,SWA,Elevation,21.284069259370053,-0.4218937938763491
0.05º,SWA,Elevation,26.54183329567162,-0.31660348695977963
0.05º,SWA,Elevation,19.39241551561743,-0.45977544886969385
0.05º,SWA,Elevation,6.508897707615915,-0.7177766704543295
0.05º,SWA,Elevation,28.697512648762515,-0.27343453926004413
0.05º,SWA,Elevation,24.374283510592115,-0.3600101481473559
0.05º,SWA,Elevation,11.700307790439037,-0.6138151466627987
0.05º,SWA,Elevation,20.62956198951444,-0.4350007478678978
0.05º,SWA,Elevation,14.178719681167118,-0.5641832600207357
0.05º,SWA,Elevation,10.73340689717546,-0.6331779957953816
0.05º,SWA,Elevation,15.70375900161898,-0.5336433086266515
0.05º,SWA,Elevation,12.134689462169028,-0.6051163577442387
0.05º,SWA,Elevation,18.99254278268186,-0.4677831727781197
0.05º,SWA,Elevation,8.908480026809956,-0.6697233996884479
0.05º,SWA,Elevation,26.287441916396403,-0.32169784764540255
0.05º,SWA,Elevation,10.0173118043886,-0.6475182879006193
0.05º,SWA,Elevation,11.609309763075446,-0.6156374441572778
0.05º,SWA,Elevation,9.846918518764905,-0.6509305295333687
0.05º,SWA,Elevation,21.25872164902503,-0.42240139704271457
0.05º,SWA,Elevation,15.241494378956872,-0.5429004726341491
0.05º,SWA,Elevation,9.604293868361676,-0.6557892534567137
0.05º,SWA,Elevation,12.79580017621586,-0.5918771652838658
0.05º,SWA,Elevation,9.6612129211282909,-0.6546494106463825
0.05º,SWA,Elevation,7.565779947693626,-0.6966118835479299
0.05º,SWA,Elevation,11.162346680981061,-0.6245881843900399
0.05º,SWA,Elevation,41.29766747192418,-0.02110785450068036
0.05º,SWA,Elevation,13.451202304310836,-0.5787522911464114
0.05º,SWA,Elevation,15.003110778299925,-0.5476742666469178
0.05º,SWA,Elevation,8.04492777153741,-0.6870166219343248
0.05º,SWA,Elevation,9.867798728027916,-0.6505123891172898
0.05º,SWA,Elevation,15.36333505328011,-0.5404605301213543
0.05º,SWA,Elevation,8.25224740573108,-0.6828649050137158
0.05º,SWA,Elevation,19.6552490486676,-0.45451202830312826
0.05º,SWA,Elevation,15.257361916117027,-0.5425827143920394
0.05º,SWA,Elevation,13.921829030785293,-0.56932767031301
0.05º,SWA,Elevation,12.63755787518367,-0.5950460751717624
0.05º,SWA,Elevation,6.643534263121713,-0.7150804817030809
0.05º,SWA,Elevation,8.840909539221288,-0.6710765447378627
0.05º,SWA,Elevation,13.919451261234636,-0.569375286768225
0.05º,SWA,Elevation,10.571993000802316,-0.6364104190407737
0.05º,SWA,Elevation,27.575830953181992,-0.2958969794104483
0.05º,SWA,Elevation,8.051833887259772,-0.6868783222618806
0.05º,SWA,Elevation,24.372742979550942,-0.36004099833101183
0.05º,SWA,Elevation,10.919607008854362,-0.629449211701761
0.05º,SWA,Elevation,12.29685290760277,-0.601868924268244
0.05º,SWA,Elevation,22.771092922933722,-0.39211513191133734
0.05º,SWA,Elevation,11.481057746342174,-0.6182057781698507
0.05º,SWA,Elevation,15.805994692158821,-0.5315959692709016
0.05º,SWA,Elevation,28.58421756780572,-0.2757033504436038
0.05º,SWA,Elevation,29.010342787871192,-0.267169902594707
0.05º,SWA,Elevation,22.98094387447602,-0.3879127236362477
0.05º,SWA,Elevation,22.42875247532919,-0.3989707326095368
0.05º,SWA,Elevation,10.255055726258838,-0.6427573038913645
0.05º,SWA,Elevation,8.193742959324652,-0.6840364964118056
0.05º,SWA,Elevation,10.006254403925851,-0.6477397198782401
0.05º,SWA,Elevation,11.229658191291682,-0.6232402255370578
0.05º,SWA,Elevation,19.183041694847525,-0.46396830227599944
0.05º,SWA,Elevation,7.3595073834229146,-0.7007426321799679
0.05º,SWA,Elevation,10.369328323957612,-0.6404689172690693
0.05º,SWA,Elevation,17.385146882584568,-0.4999723707887495
0.05º,SWA,Elevation,10.355301037405285,-0.6407498232390033
0.05º,SWA,Elevation,2.727008876970473,-0.7935115708708771
0.05º,SWA,Elevation,17.574376586639726,-0.4961829170437476
0.05º,SWA,Elevation,5.543834848826145,-0.7371027116943303
0.05º,SWA,Elevation,8.689908225544563,-0.6741004489207159
0.05º,SWA,Elevation,13.26494644438368,-0.5824821916366841
0.05º,SWA,Elevation,9.147582093985413,-0.6649352178941581
0.05º,SWA,Elevation,19.563904674012797,-0.45634126163807864
0.05º,SWA,Elevation,5.732955091518729,-0.7333154499876893
0.05º,SWA,Elevation,7.622156675674416,-0.6954829011609179
0.05º,SWA,Elevation,9.49288043294072,-0.6580203834064621
0.05º,SWA,Elevation,2.180149950506499,-0.8044627934457038
0.05º,SWA,Elevation,15.686844428361544,-0.5339820344799501
0.05º,SWA,Elevation,13.327483018887415,-0.5812298541263761
0.05º,SWA,Elevation,11.993218180362147,-0.6079494165461329
0.05º,SWA,Elevation,20.654833251839097,-0.43449467362265565
0.05º,SWA,Elevation,7.357983800389929,-0.7007731429682132
0.05º,SWA,Elevation,12.92143360357489,-0.5893612703075447
0.05º,SWA,Elevation,7.982937676279253,-0.6882580158254265
0.05º,SWA,Elevation,8.718472164528906,-0.6735284365820786
0.05º,SWA,Elevation,7.150287691812569,-0.704932399044846
0.05º,SWA,Elevation,27.361113968888194,-0.30019683330659175
0.05º,SWA,Elevation,11.002051688096325,-0.627798200830773
0.05º,SWA,Elevation,22.646275356647866,-0.3946146887138259
0.05º,SWA,Elevation,22.688286637811515,-0.39377338418643776
0.05º,SWA,Elevation,14.616730431846324,-0.5554117963237435
0.05º,SWA,Elevation,19.77316510419412,-0.4521506789555619
0.05º,SWA,Elevation,7.450891144372444,-0.698912610107632
0.05º,SWA,Elevation,14.56861732074686,-0.556375294152744
0.05º,SWA,Elevation,27.99298661480725,-0.2875431530802343
0.05º,SWA,Elevation,13.930868953747487,-0.5691466396968355
0.05º,SWA,Elevation,12.870148799835867,-0.5903882834425116
0.05º,SWA,Elevation,10.758268293936693,-0.6326801293872865
0.05º,SWA,Elevation,8.756605477067,-0.6727647910184589
0.05º,SWA,Elevation,11.263082974741216,-0.6225708714763349
0.05º,SWA,Elevation,13.255721702089254,-0.5826669233859031
0.05º,SWA,Elevation,46.11639590601293,0.07539046536870998
0.05º,SWA,Elevation,18.56248098214135,-0.47639545333300265
0.05º,SWA,Elevation,13.29214148330848,-0.5819375924543643
0.05º,SWA,Elevation,13.218136465415462,-0.5834195933569387
0.05º,SWA,Elevation,15.593328063070146,-0.5358547634071652
0.05º,SWA,Elevation,8.446317715294432,-0.6789785148455307
0.05º,SWA,Elevation,13.893093780985332,-0.5699031132674433
0.05º,SWA,Elevation,12.260127105602853,-0.6026043834744065
0.05º,SWA,Elevation,29.524123009320807,-0.2568811036241573
0.05º,SWA,Elevation,8.527402076463053,-0.6773547452707396
0.05º,SWA,Elevation,29.943117705002294,-0.24849044938404216
0.05º,SWA,Elevation,19.2521280755327,-0.4625848004345563
0.05º,SWA,Elevation,10.945290568789169,-0.6289348809159794
0.05º,SWA,Elevation,8.246685271218515,-0.6829762905467857
0.05º,SWA,Elevation,8.881108082801322,-0.670271541515596
0.05º,SWA,Elevation,13.61216346069609,-0.5755289343277263
0.05º,SWA,Elevation,14.0526207203715,-0.5667084776212902
0.05º,SWA,Elevation,19.84726062547789,-0.4506668656609282
0.05º,SWA,Elevation,17.70506310402294,-0.49356583049704605
0.05º,SWA,Elevation,9.50303302165755,-0.6578170709004971
0.05º,SWA,Elevation,30.31458910133139,-0.24105148159085651
0.05º,SWA,Elevation,16.38032143568617,-0.5200946849456877
0.05º,SWA,Elevation,18.412742050238077,-0.47939407746078777
0.05º,SWA,Elevation,13.602411759872389,-0.5757242187805084
0.05º,SWA,Elevation,12.287997977998804,-0.6020462502663847
0.05º,SWA,Elevation,3.593349746937671,-0.7761625047158699
0.05º,SWA,Elevation,8.142913998808773,-0.6850543809756651
0.05º,SWA,Elevation,13.556742012008183,-0.576638786596071
0.05º,SWA,Elevation,18.1935760236792,-0.4837830264594008
0.05º,SWA,Elevation,12.632296972478311,-0.5951514283326653
0.05º,SWA,Elevation,15.342043103221272,-0.5408869159273869
0.05º,SWA,Elevation,20.96495745464057,-0.42828422517541187
0.05º,SWA,Elevation,17.943172842502904,-0.48879752076095245
0.05º,SWA,Elevation,11.073638968173881,-0.6263646167751464
0.05º,SWA,Elevation,13.118273367479995,-0.5854194199293501
0.05º,SWA,Elevation,11.758855808589999,-0.6126426827108394
0.05º,SWA,Elevation,9.465492371609246,-0.6585688479939809
0.05º,SWA,Elevation,8.518489675218795,-0.6775332221776325
0.05º,SWA,Elevation,5.778761383713838,-0.7323981477788734
0.05º,SWA,Elevation,18.024515425149044,-0.48716858012514885
0.05º,SWA,Elevation,17.798702710175533,-0.4916906335876221
0.05º,SWA,Elevation,22.689596031623864,-0.3937471626832617
0.05º,SWA,Elevation,87.73285596959573,0.9087884312382584
0.05º,SWA,Elevation,11.990525217450218,-0.6080033449631471
0.05º,SWA,Elevation,24.515794522211763,-0.35717629372889326
0.05º,SWA,Elevation,5.896555949788554,-0.7300392313403495
0.05º,SWA,Elevation,3.2334331007441097,-0.7833700807653952
0.05º,SWA,Elevation,22.07341880596595,-0.4060865314256746
0.05º,SWA,Elevation,11.75239737402583,-0.6127720172630876
0.05º,SWA,Elevation,13.282582762349636,-0.5821290123538764
0.05º,SWA,Elevation,9.654988654276755,-0.6547740558306477
0.05º,SWA,Elevation,53.442651519791966,0.22210372537773923
0.05º,SWA,Elevation,21.231480914728756,-0.4229469113059802
0.05º,SWA,Elevation,11.260337968743038,-0.622625842091608
0.05º,SWA,Elevation,35.5533596705581,-0.13614153179261973
0.05º,SWA,Elevation,10.563839919052233,-0.6365736900574749
0.05º,SWA,Elevation,13.122798029254916,-0.5853288104946768
0.05º,SWA,Elevation,14.204859170103406,-0.5636597989460771
0.05º,SWA,Elevation,21.089632489378637,-0.42578752266427383
0.05º,SWA,Elevation,13.443484213930159,-0.5789068511645826
0.05º,SWA,Elevation,27.10593300317605,-0.30530700599855565
QDS,Cape,Elevation,145.55485666754905,1.2130904820450434
QDS,Cape,Elevation,218.29103661044272,2.3320579898897074
QDS,Cape,Elevation,136.3435864647626,1.0713850464421835
QDS,Cape,Elevation,132.7685666066865,1.016387230166606
QDS,Cape,Elevation,176.8616106610605,1.6947110527476714
QDS,Cape,Elevation,122.52918541486832,0.858865418283224
QDS,Cape,Elevation,98.3289304492549,0.4865706537061139
QDS,Cape,Elevation,153.00558989410942,1.3277119592340476
QDS,Cape,Elevation,164.25479370803214,1.5007688006406825
QDS,Cape,Elevation,142.64577527501532,1.1683374092485832
QDS,Cape,Elevation,106.71278536271724,0.6155471994363623
QDS,Cape,Elevation,170.87950946275544,1.6026828918682112
QDS,Cape,Elevation,78.12265607933239,0.17571896349789418
QDS,Cape,Elevation,111.11111384240824,0.6832107289407446
QDS,Cape,Elevation,99.49445978549109,0.5045010627228095
QDS,Cape,Elevation,184.0298957584763,1.804987370768124
QDS,Cape,Elevation,202.51350886032088,2.0893377793924737
QDS,Cape,Elevation,165.37179343127352,1.517952634017138
QDS,Cape,Elevation,112.06906034269292,0.6979477004027274
QDS,Cape,Elevation,144.8626606486164,1.202441794488821
QDS,Cape,Elevation,15.378868917600736,-0.7895263821914249
QDS,Cape,Elevation,21.811698521440405,-0.6905642519853951
QDS,Cape,Elevation,34.63298143445462,-0.4933226729003972
QDS,Cape,Elevation,5.0874721595487244,-0.9478483973376602
QDS,Cape,Elevation,61.070442504030765,-0.08661091061112429
QDS,Cape,Elevation,150.81299911019215,1.2939813199960601
QDS,Cape,Elevation,229.17388318592396,2.4994788211786605
QDS,Cape,Elevation,152.51911187743733,1.3202280207819024
QDS,Cape,Elevation,128.4879761479027,0.9505349728507898
QDS,Cape,Elevation,94.16575330319598,0.4225246732944558
QDS,Cape,Elevation,37.003868141739815,-0.4568491436015555
QDS,Cape,Elevation,47.89793504641633,-0.2892556996759938
QDS,Cape,Elevation,117.62894765358016,0.7834805569954867
QDS,Cape,Elevation,214.58921893619834,2.275109526268211
QDS,Cape,Elevation,192.51719986836318,1.935555370567071
QDS,Cape,Elevation,89.80633423698315,0.3554597230592286
QDS,Cape,Elevation,72.50896698293538,0.08935842458944637
QDS,Cape,Elevation,77.39006450173196,0.16444883393514917
QDS,Cape,Elevation,71.98713266225711,0.0813305676168144
QDS,Cape,Elevation,95.3522240288729,0.4407772429521376
QDS,Cape,Elevation,190.9863444653317,1.9120048148938757
QDS,Cape,Elevation,212.1170302608199,2.237077575687607
QDS,Cape,Elevation,130.10905955209148,0.9754735887942941
QDS,Cape,Elevation,100.04077499527192,0.512905531712878
QDS,Cape,Elevation,52.33632719523543,-0.22097583392691758
QDS,Cape,Elevation,48.435012377183675,-0.2809933454693193
QDS,Cape,Elevation,20.519339789610058,-0.7104457941633436
QDS,Cape,Elevation,69.93122456076735,0.0497026437075878
QDS,Cape,Elevation,150.92037767876934,1.2956332232080667
QDS,Cape,Elevation,233.2724344028147,2.562530601524268
QDS,Cape,Elevation,296.8112334874934,3.5400063463193043
QDS,Cape,Elevation,144.22448175973489,1.1926241020912893
QDS,Cape,Elevation,101.95464827819195,0.5423484034639225
QDS,Cape,Elevation,53.64752324871885,-0.20080449991660781
QDS,Cape,Elevation,48.17684832407731,-0.28496492037669424
QDS,Cape,Elevation,54.77303680764902,-0.18348969038068966
QDS,Cape,Elevation,69.35510454055645,0.040839659925088714
QDS,Cape,Elevation,115.24976268095384,0.7468793678539714
QDS,Cape,Elevation,224.22370202822742,2.423325634721025
QDS,Cape,Elevation,258.0841509968514,2.9442320423254613
QDS,Cape,Elevation,228.46220802021014,2.48853046800423
QDS,Cape,Elevation,166.55927714238896,1.5362207873608553
QDS,Cape,Elevation,123.42359043929459,0.8726248728211411
QDS,Cape,Elevation,91.15751561493785,0.37624618806636995
QDS,Cape,Elevation,74.05243119261476,0.11310295312405376
QDS,Cape,Elevation,58.65829064078415,-0.12371925973090275
QDS,Cape,Elevation,70.677626728151,0.06118523426627355
QDS,Cape,Elevation,117.26278847867991,0.7778475938712992
QDS,Cape,Elevation,153.23804209775986,1.3312879851294954
QDS,Cape,Elevation,188.20446353988305,1.8692085837924646
QDS,Cape,Elevation,191.44414777757595,1.9190476240129022
QDS,Cape,Elevation,158.9126209500062,1.4185852471159144
QDS,Cape,Elevation,125.51446959301644,0.904790788568729
QDS,Cape,Elevation,81.56052151608289,0.2286068072516663
QDS,Cape,Elevation,76.53538936108909,0.15130058071518648
QDS,Cape,Elevation,74.14661899355649,0.11455193063389656
QDS,Cape,Elevation,64.34609505829964,-0.03621853671833841
QDS,Cape,Elevation,62.18501029780637,-0.06946448984082558
QDS,Cape,Elevation,88.95178907406292,0.34231346940603574
QDS,Cape,Elevation,97.08412804208979,0.4674207141794826
QDS,Cape,Elevation,106.10844021971425,0.6062500026482576
QDS,Cape,Elevation,174.49298630888043,1.6582723273367412
QDS,Cape,Elevation,152.23116359700452,1.3157982477308978
QDS,Cape,Elevation,105.23088412214467,0.5927497506380163
QDS,Cape,Elevation,112.05529309075963,0.6977359061127639
QDS,Cape,Elevation,93.21464780902897,0.40789294331714615
QDS,Cape,Elevation,49.782287692471435,-0.2602669710142436
QDS,Cape,Elevation,63.530195553948325,-0.04877026868656208
QDS,Cape,Elevation,81.25095219563828,0.22384441787027407
QDS,Cape,Elevation,103.09091074548466,0.5598285733364974
QDS,Cape,Elevation,79.03174346801806,0.18970429033976677
QDS,Cape,Elevation,166.4094543818691,1.5339159261337612
QDS,Cape,Elevation,165.82956943798513,1.5249950230700597
QDS,Cape,Elevation,137.05658927481738,1.082353823989748
QDS,Cape,Elevation,144.27720011215973,1.1934351169600497
QDS,Cape,Elevation,90.26166695224879,0.3624645247142091
QDS,Cape,Elevation,30.380426664148576,-0.5587436314527745
QDS,Cape,Elevation,53.3498000637463,-0.20538464930825667
QDS,Cape,Elevation,61.90058599020518,-0.07384005037887999
QDS,Cape,Elevation,77.73652041568599,0.1697786836869447
QDS,Cape,Elevation,167.89634286777317,1.556790098310816
QDS,Cape,Elevation,166.0641194100013,1.5286033208643353
QDS,Cape,Elevation,136.84719250171116,1.0791324809725957
QDS,Cape,Elevation,180.27447092568735,1.7472142189564257
QDS,Cape,Elevation,154.79750291806718,1.3552786042278684
QDS,Cape,Elevation,58.61538059548518,-0.124379384396336
QDS,Cape,Elevation,79.94063149201206,0.20368655017135123
QDS,Cape,Elevation,36.93745257616053,-0.4578708752893716
QDS,Cape,Elevation,72.38532670569147,0.08745635256689227
QDS,Cape,Elevation,131.27173964145936,0.9933601652276733
QDS,Cape,Elevation,148.15324785238246,1.25306392182125
QDS,Cape,Elevation,137.2045778121728,1.08463046767607
QDS,Cape,Elevation,199.2781094124563,2.0395646560321126
QDS,Cape,Elevation,238.19859541016586,2.638314263932234
QDS,Cape,Elevation,223.67949469696234,2.4149535931635135
QDS,Cape,Elevation,86.95835859917733,0.31164669625001357
QDS,Cape,Elevation,82.28356967350483,0.23973012161045335
QDS,Cape,Elevation,56.07858377108013,-0.16340526151473012
QDS,Cape,Elevation,100.36567453500103,0.5179037599475199
QDS,Cape,Elevation,132.83238239081211,1.0173689670268624
QDS,Cape,Elevation,138.63049926730827,1.106566727984047
QDS,Cape,Elevation,146.20962342128163,1.2231633608134764
QDS,Cape,Elevation,176.30238727429864,1.6861080054072055
QDS,Cape,Elevation,260.53230625730936,2.9818942647952444
QDS,Cape,Elevation,272.8086939591909,3.170753220034499
QDS,Cape,Elevation,151.46022991378214,1.303938266317162
QDS,Cape,Elevation,111.53688086800928,0.6897606944178053
QDS,Cape,Elevation,25.35413631665201,-0.6360676755290184
QDS,Cape,Elevation,19.262906573558023,-0.7297746611129524
QDS,Cape,Elevation,28.37929734723633,-0.5895288429716942
QDS,Cape,Elevation,59.702347938484486,-0.10765756672788827
QDS,Cape,Elevation,99.6454353286336,0.5068236582645097
QDS,Cape,Elevation,162.92582523096266,1.4803240571037235
QDS,Cape,Elevation,282.9856908065502,3.327315316209653
QDS,Cape,Elevation,222.7610610596227,2.400824484388466
QDS,Cape,Elevation,171.25352139107017,1.608436661115635
QDS,Cape,Elevation,159.45528961501498,1.4269336179562173
QDS,Cape,Elevation,284.93471388090495,3.3572989295084916
QDS,Cape,Elevation,269.8617209910654,3.1254172263045836
QDS,Cape,Elevation,181.93104934734617,1.772698887377123
QDS,Cape,Elevation,41.42222683958929,-0.3888774708414788
QDS,Cape,Elevation,56.58135418513104,-0.15567068213937293
QDS,Cape,Elevation,29.48707025266062,-0.572486954214082
QDS,Cape,Elevation,23.707030214902684,-0.6614066225465438
QDS,Cape,Elevation,14.37691299851707,-0.8049403909918251
QDS,Cape,Elevation,58.52995038513794,-0.12569363584096713
QDS,Cape,Elevation,95.68945300838712,0.44596514629097517
QDS,Cape,Elevation,190.63276664168114,1.9065654022594751
QDS,Cape,Elevation,227.99070356038678,2.481276881539276
QDS,Cape,Elevation,253.47420514376626,2.873313008268745
QDS,Cape,Elevation,235.85322999248604,2.6022333520879948
QDS,Cape,Elevation,164.4673569533301,1.5040388564098632
QDS,Cape,Elevation,196.10212119488034,1.9907055102321116
QDS,Cape,Elevation,281.91815079821004,3.3108923670859194
QDS,Cape,Elevation,238.45076936800103,2.642193687698559
QDS,Cape,Elevation,177.88716339778196,1.710488073081616
QDS,Cape,Elevation,96.37443458419699,0.45650284743784947
QDS,Cape,Elevation,129.21205955745427,0.9616742134445863
QDS,Cape,Elevation,10.131196952306553,-0.8702561431659732
QDS,Cape,Elevation,9.437528928569797,-0.8809274759250162
QDS,Cape,Elevation,50.84120507098364,-0.24397667173020798
QDS,Cape,Elevation,106.789054733544,0.6167205212669273
QDS,Cape,Elevation,195.3180833947361,1.9786439361437802
QDS,Cape,Elevation,289.19510855388467,3.422840496489348
QDS,Cape,Elevation,215.80113922645148,2.2937536099684497
QDS,Cape,Elevation,242.9734372425761,2.7117700443947124
QDS,Cape,Elevation,192.04019392319665,1.9282171496966714
QDS,Cape,Elevation,134.6645609099825,1.0455550531415336
QDS,Cape,Elevation,175.33222413877058,1.6711830942169712
QDS,Cape,Elevation,188.11894540064645,1.8678929796569133
QDS,Cape,Elevation,198.06516404914672,2.0209048026909024
QDS,Cape,Elevation,228.91928205488725,2.495562057976162
QDS,Cape,Elevation,5.078036737158942,-0.9479935511123739
QDS,Cape,Elevation,10.909896778049282,-0.8582766880439897
QDS,Cape,Elevation,34.96659133832032,-0.4881904451285513
QDS,Cape,Elevation,56.85084310205458,-0.1515248864432222
QDS,Cape,Elevation,172.04151391265543,1.620559074318676
QDS,Cape,Elevation,319.537476530451,3.8896250307266493
QDS,Cape,Elevation,234.59932851642822,2.582943433221638
QDS,Cape,Elevation,210.70849163604126,2.215408731435559
QDS,Cape,Elevation,250.80312566296274,2.832221337627857
QDS,Cape,Elevation,150.9693563160861,1.2963867066021493
QDS,Cape,Elevation,99.94844717636082,0.5114851680161208
QDS,Cape,Elevation,119.12553372821748,0.8065039160930738
QDS,Cape,Elevation,138.65407425208912,1.1069294036426864
QDS,Cape,Elevation,143.23612035742488,1.1774192302371311
QDS,Cape,Elevation,212.68875636634226,2.245872963842008
QDS,Cape,Elevation,93.01039907054364,0.40475079724812263
QDS,Cape,Elevation,28.65787272947921,-0.5852432618281708
QDS,Cape,Elevation,37.54513012758971,-0.44852241299963197
QDS,Cape,Elevation,60.855016921086325,-0.08992500035109387
QDS,Cape,Elevation,50.84947361082493,-0.243849469182219
QDS,Cape,Elevation,110.83770650390045,0.6790046525639443
QDS,Cape,Elevation,169.88169981336955,1.5873326689454061
QDS,Cape,Elevation,21.296208313797134,-0.6984945116363388
QDS,Cape,Elevation,27.637957003686964,-0.6009335628420176
QDS,Cape,Elevation,29.603146933390324,-0.5707012399484033
QDS,Cape,Elevation,115.19536282300807,0.746042484840312
QDS,Cape,Elevation,289.948297047175,3.434427487336765
QDS,Cape,Elevation,240.7486373047467,2.677543902138679
QDS,Cape,Elevation,239.8779746490239,2.6641496982801254
QDS,Cape,Elevation,132.25401960768372,1.0084714807610813
QDS,Cape,Elevation,99.36415982007583,0.5024965385961997
QDS,Cape,Elevation,111.8999186620612,0.6953456384715436
QDS,Cape,Elevation,157.8353372888721,1.402012402425866
QDS,Cape,Elevation,120.00482896116311,0.8200309228212433
QDS,Cape,Elevation,107.72488387381762,0.6311172410518063
QDS,Cape,Elevation,253.67393806771358,2.876385683412247
QDS,Cape,Elevation,144.30402237613924,1.1938477484991745
QDS,Cape,Elevation,157.4884237009215,1.3966755118543333
QDS,Cape,Elevation,219.0561531788373,2.3438284812795405
QDS,Cape,Elevation,262.58364736950824,3.0134519305106924
QDS,Cape,Elevation,101.31226141971344,0.5324659760025379
QDS,Cape,Elevation,43.1272567760675,-0.36264742823655416
QDS,Cape,Elevation,70.39387694038605,0.05682005048681091
QDS,Cape,Elevation,66.38237516263503,-0.004892568329418959
QDS,Cape,Elevation,78.28150207210075,0.1781626373999148
QDS,Cape,Elevation,152.35813362806962,1.3177515444168582
QDS,Cape,Elevation,171.2679046489026,1.6086579319905159
QDS,Cape,Elevation,165.55168326098527,1.520720044604238
QDS,Cape,Elevation,40.048306635292555,-0.41001374811348246
QDS,Cape,Elevation,45.52635814797201,-0.3257398468197906
QDS,Cape,Elevation,82.30598833929818,0.24007500855133593
QDS,Cape,Elevation,66.80331201931853,0.0015830902197776046
QDS,Cape,Elevation,50.925017888432166,-0.24268730212708275
QDS,Cape,Elevation,14.06370697151101,-0.8097587271727471
QDS,Cape,Elevation,8.115699811270247,-0.9012623881288526
QDS,Cape,Elevation,19.702783224895256,-0.7230076342950427
QDS,Cape,Elevation,39.63762098600754,-0.416331702917389
QDS,Cape,Elevation,109.72118229042609,0.6618281343912753
QDS,Cape,Elevation,125.05750717043831,0.8977609156282974
QDS,Cape,Elevation,25.20942631660048,-0.6382938824626928
QDS,Cape,Elevation,33.02540021400361,-0.518053572341614
QDS,Cape,Elevation,101.02309309047708,0.528017433819442
QDS,Cape,Elevation,212.15717233391658,2.2376951180926103
QDS,Cape,Elevation,231.69874482906118,2.5383210884339933
QDS,Cape,Elevation,203.64891249064678,2.106804736986631
QDS,Cape,Elevation,276.7975275759081,3.2321171136952502
QDS,Cape,Elevation,164.534127008079,1.5050660415303863
QDS,Cape,Elevation,133.59203673698872,1.0290554280319906
QDS,Cape,Elevation,122.30854622932355,0.8554711229026343
QDS,Cape,Elevation,145.3000911118166,1.2091711893463286
QDS,Cape,Elevation,165.85831301480138,1.52543721193043
QDS,Cape,Elevation,185.45657685487626,1.8269353173358587
QDS,Cape,Elevation,201.68937528838404,2.0766593751946547
QDS,Cape,Elevation,200.18196694753763,2.053469527229234
QDS,Cape,Elevation,156.79449016576928,1.3860000944891548
QDS,Cape,Elevation,193.00871488593452,1.9431167978335542
QDS,Cape,Elevation,149.85468243952354,1.2792386538628382
QDS,Cape,Elevation,134.54896011508097,1.043776659864936
QDS,Cape,Elevation,72.16370711932328,0.08404697477934998
QDS,Cape,Elevation,129.28887641839825,0.9628559578188223
QDS,Cape,Elevation,234.65485194630776,2.583797601175029
QDS,Cape,Elevation,216.85841233812403,2.310018613984446
QDS,Cape,Elevation,128.72587453716193,0.9541947824250435
QDS,Cape,Elevation,88.44605471026235,0.3345332928675149
QDS,Cape,Elevation,60.07121917781833,-0.10198288142386182
QDS,Cape,Elevation,117.32773412962707,0.7788467125113316
QDS,Cape,Elevation,172.7094091728727,1.6308339209687661
QDS,Cape,Elevation,140.3708655264917,1.133340381718741
QDS,Cape,Elevation,73.75558825571005,0.10853634539746794
QDS,Cape,Elevation,146.6865525290488,1.2305003996235404
QDS,Cape,Elevation,175.43641607411917,1.672785974521189
QDS,Cape,Elevation,109.64679930433205,0.660683832550829
QDS,Cape,Elevation,291.10836023596954,3.4522738055834323
QDS,Cape,Elevation,201.8939589705797,2.0798066740106202
QDS,Cape,Elevation,219.71086482393528,2.353900512261197
QDS,Cape,Elevation,200.94346180839975,2.0651843025633854
QDS,Cape,Elevation,154.97594025217842,1.3580236697401575
QDS,Cape,Elevation,126.62002655044023,0.9217985873615728
QDS,Cape,Elevation,117.21899819449486,0.7771739276820544
QDS,Cape,Elevation,128.73109335023432,0.9542750682231442
QDS,Cape,Elevation,130.29530443316335,0.9783387649773908
QDS,Cape,Elevation,147.41199305390774,1.2416605179694342
QDS,Cape,Elevation,125.955256483245,0.9115718184281041
QDS,Cape,Elevation,145.20558117025303,1.2077172560512206
QDS,Cape,Elevation,205.07060760684422,2.1286759796382984
QDS,Cape,Elevation,218.77251306191351,2.339464984667426
QDS,Cape,Elevation,242.53888595213527,2.7050849424980083
QDS,Cape,Elevation,242.52855991840528,2.7049260876304877
QDS,Cape,Elevation,243.86345782048042,2.7254620489620396
QDS,Cape,Elevation,197.70164720485838,2.015312488967083
QDS,Cape,Elevation,178.24181128107378,1.7159439474269695
QDS,Cape,Elevation,136.98991503565546,1.0813281128884635
QDS,Cape,Elevation,143.0287969040492,1.1742297830029806
QDS,Cape,Elevation,177.91025567241533,1.7108433227663984
QDS,Cape,Elevation,186.96446185893345,1.8501324982495515
QDS,Cape,Elevation,189.84383089785268,1.894428478601752
QDS,Cape,Elevation,139.24466783956098,1.1160150476130086
QDS,Cape,Elevation,0,-1.0261136574608725
QDS,Cape,Elevation,91.41882550509818,0.38026615827648325
QDS,Cape,Elevation,166.04898453076072,1.5283704871065182
QDS,Cape,Elevation,157.9291841195669,1.4034561344770151
QDS,Cape,Elevation,193.6209354413661,1.9525351493293353
QDS,Cape,Elevation,141.38285667608596,1.1489087716934607
QDS,Cape,Elevation,123.69727133763563,0.876835157620285
QDS,Cape,Elevation,127.00691173747894,0.9277503977797528
QDS,Cape,Elevation,154.82762591511096,1.3557420139774228
QDS,Cape,Elevation,170.4731534595857,1.596431543989871
QDS,Cape,Elevation,182.05527789984606,1.7746100093786232
QDS,Cape,Elevation,154.67744983719243,1.353431717344051
QDS,Cape,Elevation,111.06468140453296,0.682496416072881
QDS,Cape,Elevation,93.01340727018969,0.4047970751481124
QDS,Cape,Elevation,110.61405002701578,0.675563939417482
QDS,Cape,Elevation,130.16628065857543,0.9763538736672244
QDS,Cape,Elevation,165.66689947657792,1.5224925215438605
QDS,Cape,Elevation,164.29939030869178,1.501454871137341
QDS,Cape,Elevation,198.18923520693178,2.0228135033448433
QDS,Cape,Elevation,275.9084338840424,3.2184393682677555
QDS,Cape,Elevation,269.43738719362074,3.118889309493532
QDS,Cape,Elevation,311.20459400802264,3.761432640136374
QDS,Cape,Elevation,234.30919032685364,2.578479970785561
QDS,Cape,Elevation,176.37072062400705,1.6871592401309143
QDS,Cape,Elevation,140.7518054588684,1.139200730820175
QDS,Cape,Elevation,159.0601388408302,1.4208546504140729
QDS,Cape,Elevation,136.17520809292154,1.068794727191683
QDS,Cape,Elevation,145.41468406806726,1.2109340781146558
QDS,Cape,Elevation,170.20670532308824,1.5923325274137947
QDS,Cape,Elevation,106.86614419047233,0.6179064592357333
QDS,Cape,Elevation,75.97161526768917,0.14262752567195525
QDS,Cape,Elevation,76.84021365443971,0.15598997298364006
QDS,Cape,Elevation,95.94262238939403,0.4498598835668439
QDS,Cape,Elevation,193.29806907300016,1.9475681992384597
QDS,Cape,Elevation,147.02768580832796,1.2357483663941018
QDS,Cape,Elevation,143.18842338550436,1.1766854638798172
QDS,Cape,Elevation,124.45808748578386,0.8885394916929542
QDS,Cape,Elevation,96.85489304427429,0.46389418151832595
QDS,Cape,Elevation,85.02907482822948,0.28196675079786604
QDS,Cape,Elevation,81.66009489217512,0.2301386360139286
QDS,Cape,Elevation,98.47214122054008,0.4887737966257353
QDS,Cape,Elevation,105.7589129432612,0.6008729033042518
QDS,Cape,Elevation,101.79071573997317,0.5398264785581969
QDS,Cape,Elevation,95.33240412144542,0.44047233509971473
QDS,Cape,Elevation,84.51473711692311,0.27405422105733157
QDS,Cape,Elevation,90.11450560042786,0.36020060638323
QDS,Cape,Elevation,81.3909064689578,0.22599746308864413
QDS,Cape,Elevation,71.55599846432015,0.07469803399474512
QDS,Cape,Elevation,95.5499267992886,0.4438186863779503
QDS,Cape,Elevation,67.02230117180378,0.004952001625268261
QDS,Cape,Elevation,73.75937472696967,0.10859459616499828
QDS,Cape,Elevation,72.53318440596182,0.08973098346608238
QDS,Cape,Elevation,65.56282272386635,-0.017500496745195004
QDS,Cape,Elevation,42.13320368633386,-0.37793986054957684
QDS,Cape,Elevation,8.827412342607525,-0.8903134601246937
QDS,Cape,Elevation,26.56414097029561,-0.6174530618274047
QDS,Cape,Elevation,43.01076808913592,-0.3644394807723109
QDS,Cape,Elevation,60.936673067037965,-0.08866880880780077
QDS,Cape,Elevation,53.004703409292034,-0.21069358832187268
QDS,Cape,Elevation,40.62835340984655,-0.4010903554598457
QDS,SWA,Elevation,11.952917543927779,-0.8422309409626663
QDS,SWA,Elevation,7.10551418622972,-0.9168030020599056
QDS,SWA,Elevation,8.698988366023755,-0.8922891241908883
QDS,SWA,Elevation,6.451195219431485,-0.9268689921103667
QDS,SWA,Elevation,9.153005567028913,-0.8853045603008654
QDS,SWA,Elevation,11.060734822136345,-0.8559562077766346
QDS,SWA,Elevation,21.948682174656078,-0.6884569065463778
QDS,SWA,Elevation,10.887277549955966,-0.8586246604190693
QDS,SWA,Elevation,23.4732606711768,-0.6650029142951387
QDS,SWA,Elevation,26.415439913788028,-0.6197406668507204
QDS,SWA,Elevation,31.26735042458806,-0.5450992680747916
QDS,SWA,Elevation,26.701102809714804,-0.6153460519700678
QDS,SWA,Elevation,28.704296779420645,-0.5845290779996029
QDS,SWA,Elevation,32.718864732068006,-0.5227692893968229
QDS,SWA,Elevation,32.01065534601578,-0.5336643252973229
QDS,SWA,Elevation,20.87334213053106,-0.7049998507895983
QDS,SWA,Elevation,23.974942587438495,-0.6572850802817107
QDS,SWA,Elevation,29.702394254951898,-0.5691744271826626
QDS,SWA,Elevation,25.519513920889345,-0.63352351984457
QDS,SWA,Elevation,19.645263537313443,-0.7238925125154271
QDS,SWA,Elevation,19.746698323349136,-0.7223320479731836
QDS,SWA,Elevation,33.679132882393695,-0.507996601858432
QDS,SWA,Elevation,26.395506724400875,-0.6200473174236465
QDS,SWA,Elevation,18.27117154269462,-0.7450314325958477
QDS,SWA,Elevation,13.269907338211718,-0.8219704765125981
QDS,SWA,Elevation,12.214725914723587,-0.8382033021667842
QDS,SWA,Elevation,16.308184850061263,-0.7752298610686201
QDS,SWA,Elevation,45.37141705171588,-0.3281234481097754
QDS,SWA,Elevation,44.3614446789677,-0.34366078138481504
QDS,SWA,Elevation,29.73031507932902,-0.5687448954792551
QDS,SWA,Elevation,13.392201273243131,-0.8200891165097213
QDS,SWA,Elevation,10.203627451152878,-0.8691418782313884
QDS,SWA,Elevation,12.093026144436799,-0.840075521587298
QDS,SWA,Elevation,20.134874614924534,-0.7163603753072624
QDS,SWA,Elevation,17.7646094219985,-0.7528243432794837
QDS,SWA,Elevation,18.315911568291085,-0.7443431556615643
QDS,SWA,Elevation,42.621663236605386,-0.3704254383448449
QDS,SWA,Elevation,52.70104396153549,-0.21536506069994366
QDS,SWA,Elevation,38.7239021095236,-0.43038828019286024
QDS,SWA,Elevation,17.338844399829426,-0.7593742779359092
QDS,SWA,Elevation,11.387379026495305,-0.8509311397624716
QDS,SWA,Elevation,12.682200769596042,-0.8310117068183983
QDS,SWA,Elevation,16.134689962750464,-0.7778988923791781
QDS,SWA,Elevation,17.911680978090047,-0.7505618063587408
QDS,SWA,Elevation,18.55368954303865,-0.7406851985344162
QDS,SWA,Elevation,16.26069510760096,-0.7759604394246834
QDS,SWA,Elevation,13.23271389187023,-0.8225426574821454
QDS,SWA,Elevation,49.697310100308044,-0.26157425941735146
QDS,SWA,Elevation,56.800687651166065,-0.1522964738420877
QDS,SWA,Elevation,39.69527279117521,-0.4154447922107522
QDS,SWA,Elevation,17.417858508458572,-0.758158731281043
QDS,SWA,Elevation,10.20322028831554,-0.8691481419915382
QDS,SWA,Elevation,17.570675877232148,-0.7558078012428392
QDS,SWA,Elevation,23.441555801261945,-0.6654906594489676
QDS,SWA,Elevation,18.03986818606444,-0.7485897847216781
QDS,SWA,Elevation,16.703903605479475,-0.7691421557491306
QDS,SWA,Elevation,15.594660996907251,-0.7862066543010708
QDS,SWA,Elevation,33.16918362925371,-0.5158416199135636
QDS,SWA,Elevation,57.50933936330957,-0.1413946332327838
QDS,SWA,Elevation,36.60966732536923,-0.46291349706953855
QDS,SWA,Elevation,45.48632975852624,-0.32635564032470576
QDS,SWA,Elevation,65.03408393272392,-0.025634571532872234
QDS,SWA,Elevation,57.57008799597513,-0.14046008118245454
QDS,SWA,Elevation,29.992411917168013,-0.5647128189297177
QDS,SWA,Elevation,24.36309838070905,-0.6513137229600529
QDS,SWA,Elevation,20.076109447387406,-0.7172644138905193
QDS,SWA,Elevation,24.525308056285763,-0.6488183024338323
QDS,SWA,Elevation,17.41283086290308,-0.7582360761735295
QDS,SWA,Elevation,21.500636396817736,-0.6953496065454938
QDS,SWA,Elevation,22.167990750392512,-0.6850830811594324
QDS,SWA,Elevation,27.162633752781687,-0.608245897280033
QDS,SWA,Elevation,25.468331848041643,-0.6343109007126013
QDS,SWA,Elevation,28.275143141785616,-0.5911311428422156
QDS,SWA,Elevation,53.67382398683643,-0.20039989148915102
QDS,SWA,Elevation,73.50375449839005,0.10466215524834602
QDS,SWA,Elevation,40.841344728375844,-0.39781371424670536
QDS,SWA,Elevation,23.978194984726812,-0.657235045664948
QDS,SWA,Elevation,26.85507807025671,-0.612977309018574
QDS,SWA,Elevation,22.70621403893712,-0.6768030976310211
QDS,SWA,Elevation,24.301209565531767,-0.6522658154859011
QDS,SWA,Elevation,14.069218607200128,-0.8096739366152
QDS,SWA,Elevation,25.157940937226492,-0.6390859293737868
QDS,SWA,Elevation,14.211727450225851,-0.8074815921031359
QDS,SWA,Elevation,14.287217539754074,-0.8063202586730233
QDS,SWA,Elevation,20.370333822823966,-0.7127380899017165
QDS,SWA,Elevation,51.00280011792188,-0.24149070660123798
QDS,SWA,Elevation,62.883911534920806,-0.05871264975055016
QDS,SWA,Elevation,61.15381457709081,-0.0853283213840149
QDS,SWA,Elevation,46.16557459277542,-0.31590619274589565
QDS,SWA,Elevation,37.15614086327946,-0.4545065923723362
QDS,SWA,Elevation,33.00159165665478,-0.518419841261743
QDS,SWA,Elevation,15.410799123564402,-0.789035170486051
QDS,SWA,Elevation,17.314621945987785,-0.7597469142061992
QDS,SWA,Elevation,21.373440087382903,-0.6973063842795882
QDS,SWA,Elevation,26.130193854485697,-0.624128869150465
QDS,SWA,Elevation,17.211971362017582,-0.7613260824855083
QDS,SWA,Elevation,25.415395499201637,-0.6351252692205763
QDS,SWA,Elevation,24.095668736008424,-0.6554278389789225
QDS,SWA,Elevation,52.230565521423735,-0.22260286296065931
QDS,SWA,Elevation,73.00902643763006,0.09705129878538543
QDS,SWA,Elevation,52.190676205869416,-0.22321651696407946
QDS,SWA,Elevation,56.44463828144007,-0.1577739085413633
QDS,SWA,Elevation,35.35773171999839,-0.48217317314028707
QDS,SWA,Elevation,15.302901909314137,-0.7906950525011333
QDS,SWA,Elevation,15.08712528880546,-0.7940145425745919
QDS,SWA,Elevation,21.032582627469495,-0.7025501078673408
QDS,SWA,Elevation,32.09572132339912,-0.5323556771831418
QDS,SWA,Elevation,27.817907591223033,-0.5981652175614639
QDS,SWA,Elevation,21.097534282433823,-0.701550896861994
QDS,SWA,Elevation,18.733219055483666,-0.737923331038998
QDS,SWA,Elevation,35.99295121133641,-0.4724010078751479
QDS,SWA,Elevation,47.59404993260307,-0.2939306436824248
QDS,SWA,Elevation,18.200536553190556,-0.7461180755599688
QDS,SWA,Elevation,21.753960346251688,-0.6914524914014483
QDS,SWA,Elevation,65.33904539685908,-0.020943069040166466
QDS,SWA,Elevation,68.52195460378174,0.028022548700032863
QDS,SWA,Elevation,46.368346491274394,-0.31278676626374513
QDS,SWA,Elevation,20.306643422418183,-0.7137178978689708
QDS,SWA,Elevation,14.433482784922534,-0.8040701259742902
QDS,SWA,Elevation,12.756360006258578,-0.8298708471211048
QDS,SWA,Elevation,22.122714393106364,-0.6857796089770404
QDS,SWA,Elevation,21.324865941875903,-0.698053645004393
QDS,SWA,Elevation,23.591439072226006,-0.6631848673340951
QDS,SWA,Elevation,14.434539770950254,-0.8040538653867505
QDS,SWA,Elevation,15.892019869077963,-0.7816321094680924
QDS,SWA,Elevation,14.468795822539064,-0.8035268730604416
QDS,SWA,Elevation,13.982009368573959,-0.8110155564869499
QDS,SWA,Elevation,37.54056462341612,-0.4485926483464867
QDS,SWA,Elevation,41.06286861577506,-0.3944058086843597
QDS,SWA,Elevation,24.477323302166244,-0.6495564960092142
QDS,SWA,Elevation,14.814307355852375,-0.7982115515840219
QDS,SWA,Elevation,54.62065405848834,-0.18583393426592965
QDS,SWA,Elevation,81.1192917956415,0.22181896492812217
QDS,SWA,Elevation,42.73830312670533,-0.36863105971177834
QDS,SWA,Elevation,9.369033017329533,-0.8819812114821797
QDS,SWA,Elevation,16.058975073329798,-0.7790636841126496
QDS,SWA,Elevation,18.421836454589304,-0.7427136157801338
QDS,SWA,Elevation,16.792973379117015,-0.7677719135572841
QDS,SWA,Elevation,13.534889681234871,-0.8178940095847467
QDS,SWA,Elevation,20.87801860341055,-0.7049279083091494
QDS,SWA,Elevation,23.967158493433107,-0.6574048301541522
QDS,SWA,Elevation,10.4326358838273,-0.8656188310300327
QDS,SWA,Elevation,8.325600736215904,-0.8980332892805886
QDS,SWA,Elevation,10.773134345622825,-0.8603806302402826
QDS,SWA,Elevation,23.75508648975194,-0.6606673287020419
QDS,SWA,Elevation,42.395313185093144,-0.3739075892254661
QDS,SWA,Elevation,31.454531407053707,-0.5422196909835841
QDS,SWA,Elevation,20.87427215229392,-0.7049855434100377
QDS,SWA,Elevation,10.47785741387643,-0.8649231466702035
QDS,SWA,Elevation,61.83121482030328,-0.07490725084448516
QDS,SWA,Elevation,83.24621977510296,0.2545394528945183
QDS,SWA,Elevation,41.727693061674614,-0.3841782031933029
QDS,SWA,Elevation,11.163406808845163,-0.8543767102393262
QDS,SWA,Elevation,16.39932022205856,-0.7738278418787153
QDS,SWA,Elevation,16.900165706551213,-0.7661228754639545
QDS,SWA,Elevation,17.339925357739283,-0.7593576485668739
QDS,SWA,Elevation,16.285843259060513,-0.7755735622971288
QDS,SWA,Elevation,17.90458058602104,-0.7506710382159048
QDS,SWA,Elevation,20.5653159550986,-0.709738500552965
QDS,SWA,Elevation,21.047050003234933,-0.702327542928984
QDS,SWA,Elevation,19.67156373505863,-0.7234879124010155
QDS,SWA,Elevation,29.630441577558443,-0.5702813413506725
QDS,SWA,Elevation,31.222754389994794,-0.5457853298631308
QDS,SWA,Elevation,54.55177699828968,-0.1868935333878339
QDS,SWA,Elevation,89.0236321978702,0.3434186982105389
QDS,SWA,Elevation,50.881589947135716,-0.2433553940626431
QDS,SWA,Elevation,7.757220637537257,-0.9067772027363994
QDS,SWA,Elevation,14.007144836456396,-0.8106288744825195
QDS,SWA,Elevation,19.1320098394132,-0.7317883658814189
QDS,SWA,Elevation,12.652395112790133,-0.8314702346314065
QDS,SWA,Elevation,10.630653451816082,-0.8625725447838231
QDS,SWA,Elevation,17.036081422679324,-0.7640319590826955
QDS,SWA,Elevation,17.12932041628273,-0.7625975779481864
QDS,SWA,Elevation,17.928022954040298,-0.7503104027227969
QDS,SWA,Elevation,40.025016177932216,-0.41037204662530313
QDS,SWA,Elevation,56.4712403507495,-0.15736466445922906
QDS,SWA,Elevation,50.057532921468074,-0.2560326206788492
QDS,SWA,Elevation,80.31368865014302,0.20942563131150946
QDS,SWA,Elevation,57.21400569831945,-0.14593802244233656
QDS,SWA,Elevation,22.794312976691323,-0.6754477906998628
QDS,SWA,Elevation,22.046882000680306,-0.6869462083672407
QDS,SWA,Elevation,21.206182184201857,-0.6998794663308694
QDS,SWA,Elevation,11.789865845680986,-0.8447393150975232
QDS,SWA,Elevation,13.453059029532747,-0.8191528857103877
QDS,SWA,Elevation,16.39429728924643,-0.7739051142707392
QDS,SWA,Elevation,13.266214292571476,-0.8220272900279583
QDS,SWA,Elevation,22.68952649593046,-0.6770598174426042
QDS,SWA,Elevation,30.041177737991365,-0.563962609487353
QDS,SWA,Elevation,38.834864363840865,-0.4286812458493506
QDS,SWA,Elevation,35.11461441805939,-0.48591327004499374
QDS,SWA,Elevation,29.56289945780362,-0.5713204038567862
QDS,SWA,Elevation,39.856688000725796,-0.4129615936856049
QDS,SWA,Elevation,57.5898520277156,-0.14015603291708012
QDS,SWA,Elevation,66.5178303215194,-0.002808737123538399
QDS,SWA,Elevation,40.67355728542994,-0.40039494269488907
QDS,SWA,Elevation,29.95995354238446,-0.5652121559414875
QDS,SWA,Elevation,24.286109588248557,-0.6524981123148296
QDS,SWA,Elevation,11.044205868710971,-0.8562104878589292
QDS,SWA,Elevation,21.281569134755216,-0.6987197195824022
QDS,SWA,Elevation,19.14113278825816,-0.7316480191744396
QDS,SWA,Elevation,22.195154373621378,-0.6846651981772316
QDS,SWA,Elevation,19.05992846975685,-0.7328972598407898
QDS,SWA,Elevation,28.164900406338365,-0.59282710816563855
QDS,SWA,Elevation,32.467681224037726,-0.5266334761634773
QDS,SWA,Elevation,31.447322771831256,-0.5423305880446638
QDS,SWA,Elevation,39.227549319333484,-0.4226402122624802
QDS,SWA,Elevation,68.39472572963687,0.026065269993073938
QDS,SWA,Elevation,30.773930950848825,-0.5526899933408902
QDS,SWA,Elevation,54.527411903040836,-0.1872683640419926
QDS,SWA,Elevation,50.765342808013,-0.24514373064644965
QDS,SWA,Elevation,41.87644567491793,-0.38188980502533565
QDS,SWA,Elevation,24.321116465929176,-0.6519595693406665
QDS,SWA,Elevation,12.214562168725195,-0.8382058212219764
QDS,SWA,Elevation,20.702017935437418,-0.7076354883466976
QDS,SWA,Elevation,31.226734681100293,-0.5457240973867714
QDS,SWA,Elevation,15.501304396639929,-0.7876428446869832
QDS,SWA,Elevation,20.001839794205004,-0.7184069722266218
QDS,SWA,Elevation,21.538269749180998,-0.6947706580972963
QDS,SWA,Elevation,27.7222377445309,-0.5996369947432326
QDS,SWA,Elevation,34.993800824635144,-0.48777185659234645
QDS,SWA,Elevation,40.40148474247749,-0.40458048468485175
QDS,SWA,Elevation,31.72763718656747,-0.5380182537659516
QDS,SWA,Elevation,50.566524080177686,-0.24820234187092413
QDS,SWA,Elevation,20.407751774931114,-0.712162455153633
QDS,SWA,Elevation,32.012601279868626,-0.5336343892083579
QDS,SWA,Elevation,56.67290363982754,-0.15426229273472306
QDS,SWA,Elevation,59.57505330238783,-0.10961585711139343
QDS,SWA,Elevation,40.02136754336087,-0.4104281769243722
QDS,SWA,Elevation,16.45693594685584,-0.7729414862295778
QDS,SWA,Elevation,23.88681105146347,-0.658640888701261
QDS,SWA,Elevation,26.886045937175403,-0.6125009018592142
QDS,SWA,Elevation,19.91079829621494,-0.719807547266394
QDS,SWA,Elevation,16.88409067664991,-0.7663701724234774
QDS,SWA,Elevation,18.502795110204246,-0.7414681543717531
QDS,SWA,Elevation,16.491166666589834,-0.7724148836064739
QDS,SWA,Elevation,26.049151569708798,-0.6253756171031075
QDS,SWA,Elevation,38.543163336465376,-0.43316875085572215
QDS,SWA,Elevation,23.422670549362838,-0.6657811886363562
QDS,SWA,Elevation,19.693003780693907,-0.7231580804734737
QDS,SWA,Elevation,11.940995782546926,-0.8424143443752723
QDS,SWA,Elevation,23.598533607166132,-0.663075725582528
QDS,SWA,Elevation,47.66625812364169,-0.2928197987131689
QDS,SWA,Elevation,77.21325472267473,0.16172880659814087
QDS,SWA,Elevation,64.43925358234829,-0.03478539352094966
QDS,SWA,Elevation,21.006807281784024,-0.7029466337001266
QDS,SWA,Elevation,25.72703684255228,-0.6303310040064255
QDS,SWA,Elevation,24.625202479208912,-0.6472815347130962
QDS,SWA,Elevation,21.765370362596858,-0.6912769606330709
QDS,SWA,Elevation,21.24073954221453,-0.6993478387309117
QDS,SWA,Elevation,29.108296560291755,-0.5783139780544853
QDS,SWA,Elevation,22.85422948871451,-0.6745260399261768
QDS,SWA,Elevation,28.873811930185045,-0.5819212706341119
QDS,SWA,Elevation,28.60920792174783,-0.5859919172933007
QDS,SWA,Elevation,21.984660194389182,-0.6879034236014453
QDS,SWA,Elevation,10.801234427328843,-0.8599483408566292
QDS,SWA,Elevation,9.915470843206833,-0.8735748561760028
QDS,SWA,Elevation,9.498882704290963,-0.8799836144028759
QDS,SWA,Elevation,16.682766442454625,-0.7694673281550969
QDS,SWA,Elevation,38.34778067734192,-0.4361745018771132
QDS,SWA,Elevation,82.56192875230657,0.24401237515933735
QDS,SWA,Elevation,55.69669414819484,-0.16928022057811778
QDS,SWA,Elevation,22.861438416046425,-0.6744151383713087
QDS,SWA,Elevation,36.808193225430884,-0.4598593906838442
QDS,SWA,Elevation,22.46863164215847,-0.6804580460025178
QDS,SWA,Elevation,18.66732403658961,-0.7389370546787211
QDS,SWA,Elevation,14.760382175732104,-0.7990411321924156
QDS,SWA,Elevation,10.561000412758554,-0.8636440815017151
QDS,SWA,Elevation,21.27332078572919,-0.6988466115165226
QDS,SWA,Elevation,26.349757024087523,-0.6207511271120912
QDS,SWA,Elevation,28.671315262824027,-0.5850364629827025
QDS,SWA,Elevation,31.50257044346546,-0.5414806623338101
QDS,SWA,Elevation,14.364589508048129,-0.8051299745722222
QDS,SWA,Elevation,11.609613770686122,-0.8475122984367526
QDS,SWA,Elevation,11.123981036430564,-0.8549832331325858
QDS,SWA,Elevation,15.029254957074272,-0.794904815076203
QDS,SWA,Elevation,44.00322020550803,-0.34917167770396246
QDS,SWA,Elevation,84.54714305065211,0.2745527513201606
QDS,SWA,Elevation,60.88398059905782,-0.08947942547235778
QDS,SWA,Elevation,36.95291396539964,-0.457633018528152
QDS,SWA,Elevation,22.625470376449343,-0.6780452516025265
QDS,SWA,Elevation,14.40797116705277,-0.8044625946396947
QDS,SWA,Elevation,38.74144459291575,-0.4301184080475519
QDS,SWA,Elevation,15.809237434993415,-0.7829056277369048
QDS,SWA,Elevation,11.953850078525685,-0.8422165949258547
QDS,SWA,Elevation,11.759784549824051,-0.8452020833193931
QDS,SWA,Elevation,24.253410849732308,-0.6530011470628178
QDS,SWA,Elevation,31.70013304268361,-0.5384413752903605
QDS,SWA,Elevation,25.98453558753623,-0.626369664145382
QDS,SWA,Elevation,22.141955502536828,-0.6854836053061784
QDS,SWA,Elevation,15.376990150780179,-0.789555284988199
QDS,SWA,Elevation,10.851080560952836,-0.8591815119695372
QDS,SWA,Elevation,12.800335430905356,-0.8291943327459746
QDS,SWA,Elevation,8.94297279810858,-0.8885356874261697
QDS,SWA,Elevation,1.8920048816248283,-0.9970072074261879
QDS,SWA,Elevation,64.26999871791764,-0.03738919666253938
QDS,SWA,Elevation,97.97211661708292,0.48108145857841467
QDS,SWA,Elevation,62.06897319715681,-0.07124959520975345
QDS,SWA,Elevation,22.05939132058002,-0.6867537660019144
QDS,SWA,Elevation,26.197758650329714,-0.6230894577972296
QDS,SWA,Elevation,14.597595988881551,-0.8015454217214327
QDS,SWA,Elevation,16.60837467818304,-0.7706117650383164
QDS,SWA,Elevation,21.472619301376373,-0.6957806192751655
QDS,SWA,Elevation,24.370495589904344,-0.6511999248922308
QDS,SWA,Elevation,12.751160022168701,-0.8299508432556618
QDS,SWA,Elevation,20.18191643124774,-0.7156366878106549
QDS,SWA,Elevation,22.56212465441573,-0.679019757065588
QDS,SWA,Elevation,22.744879190251893,-0.6762082760712266
QDS,SWA,Elevation,29.390178954289834,-0.5739775221096589
QDS,SWA,Elevation,25.189496100674905,-0.6386004872921266
QDS,SWA,Elevation,27.23641804668428,-0.6071108056718253
QDS,SWA,Elevation,11.05419314198599,-0.8560568444548422
QDS,SWA,Elevation,16.984728348229737,-0.7648219706255361
QDS,SWA,Elevation,28.521152477313706,-0.5873465551267416
QDS,SWA,Elevation,31.87626386355738,-0.5357317929911184
QDS,SWA,Elevation,44.78723785413106,-0.33711041362500316
QDS,SWA,Elevation,8.791228838367259,-0.8908701042266607
QDS,SWA,Elevation,7.8054054603119045,-0.9060359313210128
QDS,SWA,Elevation,6.934454164358708,-0.9194345755975197
QDS,SWA,Elevation,1.3844638437059917,-1.0048151776931833
QDS,SWA,Elevation,72.74693441309647,0.09301929628334912
QDS,SWA,Elevation,105.60960269437327,0.5985759265146409
QDS,SWA,Elevation,56.63973444784652,-0.15477256490075322
QDS,SWA,Elevation,25.76592548418938,-0.6297327442895928
QDS,SWA,Elevation,24.243667914614207,-0.6531510315884658
QDS,SWA,Elevation,27.28917596513613,-0.6062991821225066
QDS,SWA,Elevation,26.171888165981056,-0.623487447235513
QDS,SWA,Elevation,26.976040472374454,-0.6111164332103193
QDS,SWA,Elevation,19.359988350982114,-0.7282811629030292
QDS,SWA,Elevation,13.540039147970289,-0.8178147906050837
QDS,SWA,Elevation,13.536791893761846,-0.8178647461011218
QDS,SWA,Elevation,20.705503325578306,-0.7075818693867402
QDS,SWA,Elevation,16.920916072332528,-0.7658036535154906
QDS,SWA,Elevation,17.793853502534155,-0.7523744547103853
QDS,SWA,Elevation,25.53842190422308,-0.6332326409586301
QDS,SWA,Elevation,27.704154458182764,-0.5999151865574646
QDS,SWA,Elevation,15.641499330051595,-0.7854860971732252
QDS,SWA,Elevation,19.764689657679266,-0.7220552707413577
QDS,SWA,Elevation,39.958651400494894,-0.411392996992452
QDS,SWA,Elevation,28.353978542662738,-0.5899183454129492
QDS,SWA,Elevation,16.442344286093363,-0.7731659631582743
QDS,SWA,Elevation,17.701092715042467,-0.7538014791607589
QDS,SWA,Elevation,6.5019619595920615,-0.9260880006867935
QDS,SWA,Elevation,16.96701524539382,-0.7650944675665641
QDS,SWA,Elevation,29.847865944125033,-0.5669365024851626
QDS,SWA,Elevation,38.36689581421488,-0.4358804361578847
QDS,SWA,Elevation,16.71804752677197,-0.7689245668082179
QDS,SWA,Elevation,9.096066600791032,-0.8861805047510753
QDS,SWA,Elevation,9.688416229412384,-0.877067845985774
QDS,SWA,Elevation,20.61412265308759,-0.7089876622595909
QDS,SWA,Elevation,2.426062657492592,-0.9887913058078048
QDS,SWA,Elevation,77.76333820404379,0.1701912463734674
QDS,SWA,Elevation,106.37938075027374,0.6104181298511473
QDS,SWA,Elevation,46.47469106229091,-0.3111507699865611
QDS,SWA,Elevation,22.036833464294432,-0.6871007942380689
QDS,SWA,Elevation,17.826671768664887,-0.7518695811592458
QDS,SWA,Elevation,24.883631051851125,-0.6433058904585814
QDS,SWA,Elevation,33.947975877580916,-0.5038607429700174
QDS,SWA,Elevation,25.523226355996655,-0.6334664080432172
QDS,SWA,Elevation,18.56298371354687,-0.7405422177672212
QDS,SWA,Elevation,16.30908132180793,-0.7752160698197945
QDS,SWA,Elevation,26.496127181225827,-0.6184993804561014
QDS,SWA,Elevation,17.316289460211692,-0.7597212613022813
QDS,SWA,Elevation,20.81088006742329,-0.7059607621152331
QDS,SWA,Elevation,18.329464955659034,-0.7441346514467722
QDS,SWA,Elevation,10.388758563210489,-0.8662938361807025
QDS,SWA,Elevation,19.702973581639696,-0.7230047058622862
QDS,SWA,Elevation,28.552768712767925,-0.5868601735182846
QDS,SWA,Elevation,34.47363255773204,-0.495774083128486
QDS,SWA,Elevation,28.567631745561673,-0.5866315218242132
QDS,SWA,Elevation,18.087484382480106,-0.7478572610081958
QDS,SWA,Elevation,32.20201800844218,-0.5307204175798994
QDS,SWA,Elevation,38.868040991856994,-0.42817085928795784
QDS,SWA,Elevation,34.652709393588864,-0.4930191795730787
QDS,SWA,Elevation,12.948710450281368,-0.8269117434515144
QDS,SWA,Elevation,15.677611349517898,-0.7849305527872377
QDS,SWA,Elevation,21.388723274484814,-0.6970712689656305
QDS,SWA,Elevation,15.008614938914693,-0.7952223394457812
QDS,SWA,Elevation,18.10714920844355,-0.7475547389164695
QDS,SWA,Elevation,26.784805519852362,-0.6140583762489066
QDS,SWA,Elevation,27.478908677510532,-0.6033803494248191
QDS,SWA,Elevation,28.82870319608117,-0.5826152197502446
QDS,SWA,Elevation,18.950758900731945,-0.7345767156587911
QDS,SWA,Elevation,16.589185340822123,-0.7709069722518488
QDS,SWA,Elevation,11.067010970314696,-0.8558596560208027
QDS,SWA,Elevation,10.13770962503889,-0.8701559527355378
QDS,SWA,Elevation,15.30553096543419,-0.7906546073144746
QDS,SWA,Elevation,6.223857488320017,-0.9303663373740385
QDS,SWA,Elevation,85.35057737082056,0.2869127199033553
QDS,SWA,Elevation,96.70510387735241,0.46158983709242546
QDS,SWA,Elevation,29.936156487606556,-0.5655782479069962
QDS,SWA,Elevation,16.91454205960527,-0.7659017108116257
QDS,SWA,Elevation,13.884901305052843,-0.8125094590800632
QDS,SWA,Elevation,22.036623102934787,-0.6871040304202074
QDS,SWA,Elevation,23.256275976682257,-0.668340989281062
QDS,SWA,Elevation,14.821560048913751,-0.7980999767407125
QDS,SWA,Elevation,12.499065591147907,-0.8338290435879081
QDS,SWA,Elevation,27.629346402360316,-0.6010660276362245
QDS,SWA,Elevation,15.259647935663168,-0.7913604681325096
QDS,SWA,Elevation,20.381959011076294,-0.7125592489461269
QDS,SWA,Elevation,20.57542153115222,-0.7095830371885027
QDS,SWA,Elevation,17.314941439312463,-0.7597419991467395
QDS,SWA,Elevation,13.931706388660984,-0.8117894134603925
QDS,SWA,Elevation,19.821965153002395,-0.7211741491549257
QDS,SWA,Elevation,20.91376035498166,-0.7043780600945068
QDS,SWA,Elevation,25.62697809161816,-0.6318702997359883
QDS,SWA,Elevation,33.47444418367958,-0.511145516240022
QDS,SWA,Elevation,26.57089993490123,-0.6173490824627157
QDS,SWA,Elevation,28.17992282260603,-0.5925960045290984
QDS,SWA,Elevation,30.656097179532637,-0.5545027385460017
QDS,SWA,Elevation,23.36694840974938,-0.6666384135242179
QDS,SWA,Elevation,19.148880220131268,-0.7315288333092752
QDS,SWA,Elevation,13.68673608471861,-0.8155580167980101
QDS,SWA,Elevation,23.60946741753297,-0.6629075207283959
QDS,SWA,Elevation,28.07792724226583,-0.5941650962855537
QDS,SWA,Elevation,28.879342109636294,-0.5818361948008284
QDS,SWA,Elevation,25.453279133559,-0.6345424704544295
QDS,SWA,Elevation,27.841316834083123,-0.5978050916631248
QDS,SWA,Elevation,27.6003797835584,-0.6015116477564578
QDS,SWA,Elevation,43.94131818537488,-0.3501239733737834
QDS,SWA,Elevation,30.216396506097215,-0.5612670581341069
QDS,SWA,Elevation,23.658976318609543,-0.662145879799531
QDS,SWA,Elevation,17.347295612541494,-0.7592442651632544
QDS,SWA,Elevation,12.455961489308795,-0.8344921536034556
QDS,SWA,Elevation,92.00126902921775,0.3892264223315384
QDS,SWA,Elevation,77.28851679489811,0.1628866322284825
QDS,SWA,Elevation,22.568945484456602,-0.6789148259680481
QDS,SWA,Elevation,17.365173889502405,-0.7589692271968502
QDS,SWA,Elevation,12.400088347380315,-0.8353517014987154
QDS,SWA,Elevation,21.23952240026151,-0.6993665631442495
QDS,SWA,Elevation,23.13932997516831,-0.670140077107357
QDS,SWA,Elevation,21.942044640507618,-0.6885590178347375
QDS,SWA,Elevation,16.31353048179714,-0.77514762430246
QDS,SWA,Elevation,11.51729780179766,-0.8489324798337202
QDS,SWA,Elevation,13.245303216264972,-0.8223489843341399
QDS,SWA,Elevation,15.918456224603782,-0.7812254147133988
QDS,SWA,Elevation,18.24763329768818,-0.7453935430527698
QDS,SWA,Elevation,15.488304238409695,-0.7878428380694772
QDS,SWA,Elevation,15.424083739934657,-0.7888308010225437
QDS,SWA,Elevation,11.048597758332626,-0.856142923384296
QDS,SWA,Elevation,12.689289656979023,-0.8309026519483934
QDS,SWA,Elevation,26.21098014752379,-0.6228860593540223
QDS,SWA,Elevation,36.68482683907681,-0.46175724919110694
QDS,SWA,Elevation,25.0882616853939,-0.6401578693468898
QDS,SWA,Elevation,21.265883759379857,-0.6989610221282212
QDS,SWA,Elevation,22.591901907127195,-0.6785616662188709
QDS,SWA,Elevation,27.099725165377052,-0.6092136778993267
QDS,SWA,Elevation,28.031498409737456,-0.5948793536890523
QDS,SWA,Elevation,27.19667263690259,-0.6077222458404814
QDS,SWA,Elevation,27.79291026961046,-0.5985497743348547
QDS,SWA,Elevation,30.522223735464692,-0.556562236779108
QDS,SWA,Elevation,28.986548408179022,-0.5801869417770954
QDS,SWA,Elevation,27.55427473851912,-0.6022209240394186
QDS,SWA,Elevation,31.02078964125336,-0.5488923392187102
QDS,SWA,Elevation,20.53224945392336,-0.7102471929319467
QDS,SWA,Elevation,10.382639174259365,-0.8663879763652647
QDS,SWA,Elevation,33.262510427400436,-0.5144058880010635
QDS,SWA,Elevation,47.8971514825312,-0.2892677539594119
QDS,SWA,Elevation,60.125913684257625,-0.10114146556161521
QDS,SWA,Elevation,34.571744428686976,-0.49426473804301935
QDS,SWA,Elevation,85.83152421024906,0.2943115671722605
QDS,SWA,Elevation,62.59295323644274,-0.06318872867565098
QDS,SWA,Elevation,20.560343584350026,-0.7098149951022935
QDS,SWA,Elevation,26.933814674959773,-0.6117660314616564
QDS,SWA,Elevation,19.87837504003271,-0.7203063440164421
QDS,SWA,Elevation,15.751432373974016,-0.7837948961191661
QDS,SWA,Elevation,17.60135496454985,-0.7553358366454986
QDS,SWA,Elevation,16.05295207321877,-0.7791563414590936
QDS,SWA,Elevation,25.829876775999942,-0.6287489227900737
QDS,SWA,Elevation,16.227222505252094,-0.7764753792312664
QDS,SWA,Elevation,14.03665757068403,-0.8101748529667581
QDS,SWA,Elevation,13.801269514670594,-0.8137960437774461
QDS,SWA,Elevation,9.15482541704554,-0.8852765638754364
QDS,SWA,Elevation,8.763867623345757,-0.8912910269450142
QDS,SWA,Elevation,13.097793598073729,-0.8246182603667851
QDS,SWA,Elevation,20.773014859590507,-0.7065432774092166
QDS,SWA,Elevation,30.645572409579806,-0.5546646507554964
QDS,SWA,Elevation,46.82997113118743,-0.3056851701490093
QDS,SWA,Elevation,65.37256263253917,-0.020427442598026632
QDS,SWA,Elevation,56.40943849442791,-0.15831541921707631
QDS,SWA,Elevation,44.97615201421162,-0.3342041734695828
QDS,SWA,Elevation,44.362555607815935,-0.34364369094528857
QDS,SWA,Elevation,44.11930732562655,-0.3473858028395707
QDS,SWA,Elevation,39.75294825989403,-0.41455751746595887
QDS,SWA,Elevation,38.6794079992678,-0.43107277398543753
QDS,SWA,Elevation,33.326100689176734,-0.5134276205583839
QDS,SWA,Elevation,34.053458221880305,-0.5022380111188951
QDS,SWA,Elevation,33.891188648515296,-0.504734353107845
QDS,SWA,Elevation,35.33121310857573,-0.4825811333130431
QDS,SWA,Elevation,30.71907854180295,-0.553533838364062
QDS,SWA,Elevation,20.51729404138214,-0.7104772657885797
QDS,SWA,Elevation,24.61655058034648,-0.6474146348252524
QDS,SWA,Elevation,48.3414237003555,-0.28243310610226874
QDS,SWA,Elevation,47.84830231142341,-0.29001924565580944
QDS,SWA,Elevation,27.716749425392766,-0.5997214266008457
QDS,SWA,Elevation,53.684654177631934,-0.2002332807101214
QDS,SWA,Elevation,59.42847747531527,-0.11187076777701298
QDS,SWA,Elevation,72.37873526655791,0.08735495040051265
QDS,SWA,Elevation,41.820126115615416,-0.3827562205693623
QDS,SWA,Elevation,13.876065626071291,-0.812645386450704
QDS,SWA,Elevation,14.34132705561082,-0.8054878422585726
QDS,SWA,Elevation,24.58222426620603,-0.6479427080649716
QDS,SWA,Elevation,26.374890245397964,-0.6203644796687428
QDS,SWA,Elevation,18.242400470470255,-0.7454740444433517
QDS,SWA,Elevation,21.34050114914677,-0.6978131142406346
QDS,SWA,Elevation,14.629807246454213,-0.8010498863408433
QDS,SWA,Elevation,17.278238782110023,-0.7603066298558767
QDS,SWA,Elevation,22.556551515693325,-0.6791054937808234
QDS,SWA,Elevation,13.653041247567595,-0.8160763754468106
QDS,SWA,Elevation,11.022060319329531,-0.8565511731990262
QDS,SWA,Elevation,24.46090316535729,-0.6498091020654849
QDS,SWA,Elevation,31.199311204947776,-0.5461459779253276
QDS,SWA,Elevation,49.44491443649983,-0.26545709389042954
QDS,SWA,Elevation,75.58268602149036,0.13664426961302184
QDS,SWA,Elevation,88.86814214797465,0.341026651862176
QDS,SWA,Elevation,83.03509341682091,0.25129150207894535
QDS,SWA,Elevation,74.54758626042621,0.12072037862894885
QDS,SWA,Elevation,61.90425084855139,-0.07378367049457091
QDS,SWA,Elevation,59.49889323382225,-0.110787497444815
QDS,SWA,Elevation,51.689215426334286,-0.23093094902799607
QDS,SWA,Elevation,50.93406568063589,-0.242548111623792
QDS,SWA,Elevation,50.50365988298152,-0.24916943959484192
QDS,SWA,Elevation,46.32048520570144,-0.31352306040899525
QDS,SWA,Elevation,44.26191805020647,-0.34519189098991904
QDS,SWA,Elevation,43.640969421919834,-0.35474451445239635
QDS,SWA,Elevation,40.38895340352366,-0.4047732657895253
QDS,SWA,Elevation,33.10665038781141,-0.5168036262409383
QDS,SWA,Elevation,30.89460473863717,-0.5508335575521298
QDS,SWA,Elevation,40.43571336078025,-0.4040539143899961
QDS,SWA,Elevation,44.507145666602625,-0.34141932917832907
QDS,SWA,Elevation,36.24533843945603,-0.4685183031760208
QDS,SWA,Elevation,30.10491434154418,-0.5629820907346226
QDS,SWA,Elevation,35.359855729285755,-0.4821404975532438
QDS,SWA,Elevation,55.28548913076622,-0.17560616529952836
QDS,SWA,Elevation,58.41255381288848,-0.1274996552110057
QDS,SWA,Elevation,35.7784481226774,-0.4757009060376607
QDS,SWA,Elevation,11.81811104545586,-0.8443047932292388
QDS,SWA,Elevation,17.552160645932563,-0.7560926380632597
QDS,SWA,Elevation,20.07587913956401,-0.7172679569274425
QDS,SWA,Elevation,28.853950332562132,-0.5822268198451286
QDS,SWA,Elevation,38.74808709611025,-0.4300162203157899
QDS,SWA,Elevation,29.186813665279242,-0.5771060772634345
QDS,SWA,Elevation,23.713518892519275,-0.6613068012550278
QDS,SWA,Elevation,27.823319892491345,-0.5980819551566103
QDS,SWA,Elevation,32.062021536360106,-0.5328741119806187
QDS,SWA,Elevation,28.5395738516804,-0.5870631621937836
QDS,SWA,Elevation,33.58982217700868,-0.5093705505247901
QDS,SWA,Elevation,55.21591158082352,-0.17667654069898495
QDS,SWA,Elevation,74.93962133846951,0.12675141455371425
QDS,SWA,Elevation,78.70369091250814,0.18465755636543352
QDS,SWA,Elevation,75.05888492513158,0.12858615592243405
QDS,SWA,Elevation,73.05225273858498,0.0977162887022446
QDS,SWA,Elevation,69.08661652563143,0.03670926202430963
QDS,SWA,Elevation,51.716744286022106,-0.23050744727765848
QDS,SWA,Elevation,55.7723367103261,-0.16811654152181513
QDS,SWA,Elevation,43.15557534322658,-0.36221177769036644
QDS,SWA,Elevation,52.32791329712893,-0.22110527265469898
QDS,SWA,Elevation,39.561577809788304,-0.41750154498841113
QDS,SWA,Elevation,39.49582796351052,-0.41851303530434997
QDS,SWA,Elevation,49.06398064709765,-0.27131734848884037
QDS,SWA,Elevation,37.57408888113276,-0.4480769138779047
QDS,SWA,Elevation,33.14674600067724,-0.5161867985763675
QDS,SWA,Elevation,32.524445113021606,-0.525760225087579
QDS,SWA,Elevation,29.315801319956105,-0.5751217416190576
QDS,SWA,Elevation,29.401251707350884,-0.5738071797723596
QDS,SWA,Elevation,34.782674186177694,-0.4910198117181151
QDS,SWA,Elevation,34.65815482929195,-0.49293540743076114
QDS,SWA,Elevation,24.611722480604154,-0.6474889099210924
QDS,SWA,Elevation,34.56926469265984,-0.4943028861014488
QDS,SWA,Elevation,46.22914699064991,-0.3149282001200363
QDS,SWA,Elevation,56.45122994480232,-0.1576725029254676
QDS,SWA,Elevation,60.58008319263104,-0.09415455858736074
QDS,SWA,Elevation,37.6412948922955,-0.4470430220391803
QDS,SWA,Elevation,25.528048458119404,-0.6333922252142716
QDS,SWA,Elevation,23.17358466545218,-0.6696131057232532
QDS,SWA,Elevation,24.127733515137848,-0.6549345570108537
QDS,SWA,Elevation,23.87628794781199,-0.6588027752765104
QDS,SWA,Elevation,23.210123771735894,-0.6690509910682183
QDS,SWA,Elevation,20.870934918280838,-0.7050368831481109
QDS,SWA,Elevation,34.552840233934376,-0.49455555864573364
QDS,SWA,Elevation,43.00704776813356,-0.3644967138896352
QDS,SWA,Elevation,56.63149761252938,-0.15489927970890766
QDS,SWA,Elevation,72.1522010115878,0.08386996574879792
QDS,SWA,Elevation,76.31625043398101,0.1479293651890151
QDS,SWA,Elevation,75.06141774868169,0.12862512067502216
QDS,SWA,Elevation,65.85903141612285,-0.012943646186966523
QDS,SWA,Elevation,43.91411770435752,-0.35054242337322067
QDS,SWA,Elevation,19.14331240216541,-0.7316144881704225
QDS,SWA,Elevation,42.03863751037493,-0.3793946589500735
QDS,SWA,Elevation,42.70618540841276,-0.3691251560916503
QDS,SWA,Elevation,53.97537348251596,-0.19576087844313655
QDS,SWA,Elevation,58.94901479417597,-0.11924678287486629
QDS,SWA,Elevation,43.8461469325275,-0.351588080228181
QDS,SWA,Elevation,34.28739009065717,-0.4986392221748482
QDS,SWA,Elevation,28.432133426953115,-0.588716016995799
QDS,SWA,Elevation,25.576525909054013,-0.6326464520309458
QDS,SWA,Elevation,23.240246061723557,-0.6685875921959579
QDS,SWA,Elevation,20.98893314221634,-0.7032216080172081
QDS,SWA,Elevation,28.28575242108951,-0.590967930547701
QDS,SWA,Elevation,49.874295517810864,-0.25885153007270534
QDS,SWA,Elevation,52.201665447815714,-0.2230474593550133
QDS,SWA,Elevation,57.513252468107524,-0.14133443434514442
QDS,SWA,Elevation,55.000642664225545,-0.17998822029655492
QDS,SWA,Elevation,44.1125308232216,-0.3474900520043458
QDS,SWA,Elevation,39.68097756751905,-0.4156647087749872
QDS,SWA,Elevation,44.1400215739033,-0.3470671365198753
QDS,SWA,Elevation,37.718260482587226,-0.4458589896246907
QDS,SWA,Elevation,47.79566688118252,-0.29082898485640013
QDS,SWA,Elevation,61.12454187295014,-0.08577865029633723
QDS,SWA,Elevation,49.948256653178355,-0.25771371794970827
QDS,SWA,Elevation,47.190471553283395,-0.3001392608201666
QDS,SWA,Elevation,47.46995162708009,-0.29583976197496936
QDS,SWA,Elevation,55.24401607147095,-0.17624418348853357
QDS,SWA,Elevation,55.89935385036226,-0.1661625201152551
QDS,SWA,Elevation,69.40300252080868,0.04157651857831618
QDS,SWA,Elevation,66.61133129477092,-0.0013703257153169434
QDS,SWA,Elevation,52.29327197548573,-0.22163819194435605
QDS,SWA,Elevation,36.8107757236228,-0.4598196617405853
QDS,SWA,Elevation,25.312801958627535,-0.6367035599488947
QDS,SWA,Elevation,45.89309388603642,-0.32009801389452996
QDS,SWA,Elevation,49.403329101394874,-0.26609683932140776
QDS,SWA,Elevation,52.08872001509501,-0.22478500275464128
QDS,SWA,Elevation,56.7147621478862,-0.1536183448331249
QDS,SWA,Elevation,62.683499654072534,-0.061795769912089
QDS,SWA,Elevation,67.48964912839807,0.01214164478080914
QDS,SWA,Elevation,64.22419331509876,-0.03809386327382293
QDS,SWA,Elevation,54.05959845458886,-0.19446516828661353
QDS,SWA,Elevation,49.73550875984026,-0.2609866143294004
QDS,SWA,Elevation,33.524691198206995,-0.5103725202335433
QDS,SWA,Elevation,20.182273446886796,-0.7156311955109464
QDS,SWA,Elevation,18.334717707536825,-0.7440538435368348
QDS,SWA,Elevation,27.806987055933142,-0.5983332181928863
QDS,SWA,Elevation,48.881982365829685,-0.27411719532410606
QDS,SWA,Elevation,33.34074045457876,-0.5132024035918042
QDS,SWA,Elevation,23.011365836444305,-0.6721086670651182
QDS,SWA,Elevation,21.61315140537833,-0.6936186847563235
QDS,SWA,Elevation,28.712345337145575,-0.5844052596386952
HDS,Cape,Elevation,229.78114651942,1.6698314219051513
HDS,Cape,Elevation,175.8277389536249,1.008732518155558
HDS,Cape,Elevation,142.92828876545812,0.6056107982375347
HDS,Cape,Elevation,232.7734494132482,1.7064965419049247
HDS,Cape,Elevation,220.19193282854536,1.5523334000957407
HDS,Cape,Elevation,150.093688117319,0.6934094725041517
HDS,Cape,Elevation,67.71877047523712,-0.31594230353025304
HDS,Cape,Elevation,22.8491779760456,-0.8657359078866187
HDS,Cape,Elevation,35.51056122910927,-0.7105941482424982
HDS,Cape,Elevation,182.79504600775803,1.0941039388569698
HDS,Cape,Elevation,291.5478935395886,2.426668303679778
HDS,Cape,Elevation,145.229920433475,0.6338130238468391
HDS,Cape,Elevation,50.84725368969878,-0.5226714380693551
HDS,Cape,Elevation,58.0095167728651,-0.4349111929565095
HDS,Cape,Elevation,156.6072859829523,0.7732215289193953
HDS,Cape,Elevation,233.4086878698447,1.7142802105594654
HDS,Cape,Elevation,299.8003499690533,2.527786845490271
HDS,Cape,Elevation,170.0431477347566,0.9378530855864502
HDS,Cape,Elevation,122.67035835564535,0.3573874479360566
HDS,Cape,Elevation,102.45155158425776,0.10964348523288804
HDS,Cape,Elevation,175.93364468875208,1.0100301964404372
HDS,Cape,Elevation,224.34804325112282,1.603258822014228
HDS,Cape,Elevation,253.00465611238698,1.9543924427156707
HDS,Cape,Elevation,204.83600737832725,1.3641750253198792
HDS,Cape,Elevation,143.5230850264109,0.6128989228215237
HDS,Cape,Elevation,109.95835546603966,0.20162543856655374
HDS,Cape,Elevation,91.1646577011319,-0.028656457431030583
HDS,Cape,Elevation,91.00681280139104,-0.03059055380953822
HDS,Cape,Elevation,205.56906064614319,1.3731572329988324
HDS,Cape,Elevation,196.59009939883708,1.2631367226137313
HDS,Cape,Elevation,226.30155451345212,1.6271954779597022
HDS,Cape,Elevation,167.78668537164867,0.910204326000993
HDS,Cape,Elevation,70.00617688823895,-0.28791438202740444
HDS,Cape,Elevation,188.11749536660633,1.1593206803965361
HDS,Cape,Elevation,219.91904818854462,1.5489897051468242
HDS,Cape,Elevation,233.02526114984067,1.7095820275215572
HDS,Cape,Elevation,315.1494275606233,2.7158613124640203
HDS,Cape,Elevation,181.11774871060413,1.0735517725631474
HDS,Cape,Elevation,27.580119916142507,-0.8077669922720309
HDS,Cape,Elevation,15.746795597996027,-0.9527624260618254
HDS,Cape,Elevation,81.89959193218073,-0.142182647886231
HDS,Cape,Elevation,223.7295525162909,1.595680365615936
HDS,Cape,Elevation,306.19650269275667,2.6061598296006574
HDS,Cape,Elevation,349.91845314031093,3.141891209966646
HDS,Cape,Elevation,270.6516429988252,2.1706235245223353
HDS,Cape,Elevation,277.4600689298526,2.2540481518505273
HDS,Cape,Elevation,122.9459493987886,0.36076430483398336
HDS,Cape,Elevation,213.363282924976,1.4686609655079117
HDS,Cape,Elevation,24.10694711661079,-0.8503242807528976
HDS,Cape,Elevation,73.20948233956165,-0.24866381718287572
HDS,Cape,Elevation,232.85424901094441,1.7074865910578951
HDS,Cape,Elevation,317.3090578853493,2.7423235750827377
HDS,Cape,Elevation,116.74145105357331,0.2847396895335328
HDS,Cape,Elevation,175.7984364474818,1.008373470311088
HDS,Cape,Elevation,218.0625824411567,1.5262421619272388
HDS,Cape,Elevation,273.31523450547763,2.203260896368354
HDS,Cape,Elevation,214.0349397209795,1.4768908733407469
HDS,Cape,Elevation,44.7742872561916,-0.5970843738381232
HDS,Cape,Elevation,39.38853257402091,-0.6630768046573501
HDS,Cape,Elevation,79.11960672104597,-0.1762462086220391
HDS,Cape,Elevation,133.29952642845402,0.48762818114896417
HDS,Cape,Elevation,59.39123177440681,-0.41798083926754814
HDS,Cape,Elevation,198.99615391264737,1.2926184564505052
HDS,Cape,Elevation,255.49434865945557,1.9848990054667515
HDS,Cape,Elevation,279.1296364181903,2.2745056036793114
HDS,Cape,Elevation,206.18201061286157,1.3806677975643182
HDS,Cape,Elevation,192.8064393420353,1.2167749888777777
HDS,Cape,Elevation,222.5689770158068,1.5814596662068574
HDS,Cape,Elevation,189.77246823939836,1.1795993022908786
HDS,Cape,Elevation,184.1510865459751,1.1107196996346753
HDS,Cape,Elevation,156.99488197554535,0.7779707986571505
HDS,Cape,Elevation,113.15841609881899,0.240836244180319
HDS,Cape,Elevation,192.6504607830931,1.214863761042921
HDS,Cape,Elevation,174.62995724901083,0.9940559257478212
HDS,Cape,Elevation,137.51446429071345,0.5392744241914318
HDS,Cape,Elevation,178.3520486916641,1.0396632503527237
HDS,Cape,Elevation,222.04687678290458,1.5750622965653172
HDS,Cape,Elevation,207.47061411538644,1.396457242593313
HDS,Cape,Elevation,192.03060049706326,1.207268523335784
HDS,Cape,Elevation,101.47605401407709,0.09769057246328426
HDS,Cape,Elevation,157.54758629832074,0.7847431646367946
HDS,Cape,Elevation,261.08332988724925,2.053381600532979
HDS,Cape,Elevation,222.50793859206905,1.5807117535755668
HDS,Cape,Elevation,259.8633273406904,2.0384327329360947
HDS,Cape,Elevation,261.22608480795816,2.0551307972166253
HDS,Cape,Elevation,225.84220638893967,1.6215670189752667
HDS,Cape,Elevation,214.52506858865846,1.482896493221631
HDS,Cape,Elevation,228.8413286812603,1.6583156980507499
HDS,Cape,Elevation,217.18835645660465,1.5155301445386806
HDS,Cape,Elevation,183.6450610914963,1.1045192965773272
HDS,Cape,Elevation,123.95030650801401,0.37307083770815486
HDS,Cape,Elevation,207.48731072362472,1.3966618285481334
HDS,Cape,Elevation,207.84575006043255,1.4010538375669415
HDS,Cape,Elevation,187.77541985204434,1.1551291796576673
HDS,Cape,Elevation,286.77073179460825,2.36813305011327
HDS,Cape,Elevation,271.2890222653639,2.178433424830626
HDS,Cape,Elevation,92.24435860749391,-0.015426726116971993
HDS,Cape,Elevation,179.6801802116054,1.055937037894275
HDS,Cape,Elevation,146.78872427293737,0.6529132726712072
HDS,Cape,Elevation,158.96633903398694,0.802127347037079
HDS,Cape,Elevation,160.32010075297333,0.8187151851132686
HDS,Cape,Elevation,154.92432513948637,0.7525999663737485
HDS,Cape,Elevation,145.98263138963682,0.6430361000232986
HDS,Cape,Elevation,125.46287754390167,0.39160458930575853
HDS,Cape,Elevation,184.3799315862329,1.1135237710004828
HDS,Cape,Elevation,244.29226530595818,1.847638258484689
HDS,SWA,Elevation,16.101435900870857,-0.9484169671550814
HDS,SWA,Elevation,37.473903771753584,-0.6865370281978698
HDS,SWA,Elevation,35.418523982288825,-0.7117218939349816
HDS,SWA,Elevation,53.383045995950326,-0.49160000830367806
HDS,SWA,Elevation,57.565124080107836,-0.44035640087331973
HDS,SWA,Elevation,31.1637221125036,-0.7638565964253947
HDS,SWA,Elevation,43.785978436368595,-0.6091942647019073
HDS,SWA,Elevation,48.88697993546775,-0.5466909558058552
HDS,SWA,Elevation,29.652482456610873,-0.7823740344314232
HDS,SWA,Elevation,25.11387677608161,-0.8379862260486174
HDS,SWA,Elevation,38.913640689329874,-0.6688957235826462
HDS,SWA,Elevation,44.856725170681,-0.5960742501526102
HDS,SWA,Elevation,22.959462156372496,-0.8643845798796504
HDS,SWA,Elevation,31.06424303375013,-0.7650755279605297
HDS,SWA,Elevation,32.28361302177493,-0.7501344111948223
HDS,SWA,Elevation,21.039056852011232,-0.887915583735522
HDS,SWA,Elevation,50.9636201788455,-0.5212455826530077
HDS,SWA,Elevation,49.16804355474047,-0.5432470426413624
HDS,SWA,Elevation,39.53264781906145,-0.6613109397229856
HDS,SWA,Elevation,29.753017338370114,-0.7811421659894053
HDS,SWA,Elevation,22.805485210317798,-0.8662712816623939
HDS,SWA,Elevation,16.95622246838068,-0.937943143754187
HDS,SWA,Elevation,36.16152341164277,-0.7026178145006389
HDS,SWA,Elevation,70.33140634138702,-0.28392929851472604
HDS,SWA,Elevation,68.04108725845191,-0.3119929093833951
HDS,SWA,Elevation,41.37813434585818,-0.6386979264807333
HDS,SWA,Elevation,25.43576479585522,-0.834042085602197
HDS,SWA,Elevation,17.561054663446367,-0.9305320474184685
HDS,SWA,Elevation,17.772653503414325,-0.9279392962383525
HDS,SWA,Elevation,29.63342908749553,-0.7826074981180222
HDS,SWA,Elevation,87.67551594098202,-0.07140941589522166
HDS,SWA,Elevation,86.03116245233977,-0.09155791694017494
HDS,SWA,Elevation,54.12973077165193,-0.4824507717876922
HDS,SWA,Elevation,19.79094264112504,-0.9032089076199296
HDS,SWA,Elevation,16.788079404008904,-0.9400034250328759
HDS,SWA,Elevation,10.166153365776147,-1.021142842209594
HDS,SWA,Elevation,9.581754257219323,-1.0283035689820044
HDS,SWA,Elevation,37.15695259075634,-0.6904206768449713
HDS,SWA,Elevation,42.72508290870933,-0.6221935709917481
HDS,SWA,Elevation,17.99854023746903,-0.9251714734261781
HDS,SWA,Elevation,93.13248727487137,-0.004544357145636524
HDS,SWA,Elevation,58.52868428853924,-0.4285497583231914
HDS,SWA,Elevation,18.13317082285198,-0.9235218253979365
HDS,SWA,Elevation,14.376268223613174,-0.9695556961376477
HDS,SWA,Elevation,14.568706031736452,-0.9671977278511196
HDS,SWA,Elevation,24.635442160865768,-0.8438485545632592
HDS,SWA,Elevation,48.25635980519864,-0.5544180354401661
HDS,SWA,Elevation,36.10205747862443,-0.7033464591757862
HDS,SWA,Elevation,32.47106473474215,-0.7478375382531551
HDS,SWA,Elevation,73.06384155834891,-0.2504483747325274
HDS,SWA,Elevation,75.17215601947296,-0.22461489281002212
HDS,SWA,Elevation,28.54058656449515,-0.7959982555608295
HDS,SWA,Elevation,22.768840240138047,-0.8667202977803142
HDS,SWA,Elevation,14.683968301689852,-0.9657854025922015
HDS,SWA,Elevation,20.162613257017988,-0.898654773825449
HDS,SWA,Elevation,63.101796121925396,-0.3725147578259744
HDS,SWA,Elevation,53.68367902249603,-0.48791630836242933
HDS,SWA,Elevation,68.13487630181139,-0.3108436986746357
HDS,SWA,Elevation,82.66612992740028,-0.13279014700101674
HDS,SWA,Elevation,45.29935977338727,-0.5906505843673879
HDS,SWA,Elevation,27.041750485862345,-0.8143637107413227
HDS,SWA,Elevation,29.334943819214672,-0.7862648812667185
HDS,SWA,Elevation,29.42744633871319,-0.7851314345208391
HDS,SWA,Elevation,37.180689480909066,-0.690129825297935
HDS,SWA,Elevation,37.2092226638786,-0.6897802040815431
HDS,SWA,Elevation,48.0194055225166,-0.5573214705258711
HDS,SWA,Elevation,38.199997289903955,-0.6776400993378433
HDS,SWA,Elevation,78.9383189595373,-0.17846755377527057
HDS,SWA,Elevation,62.2105509167432,-0.3834353141856355
HDS,SWA,Elevation,27.531361704619872,-0.808364433687517
HDS,SWA,Elevation,27.321130611424294,-0.8109404256686756
HDS,SWA,Elevation,26.469654213347397,-0.821373689084908
HDS,SWA,Elevation,34.25841876891322,-0.7259368308481234
HDS,SWA,Elevation,30.63852141938453,-0.7702919564542516
HDS,SWA,Elevation,20.97485720479296,-0.8887022312951846
HDS,SWA,Elevation,17.46979065107148,-0.9316503185574925
HDS,SWA,Elevation,83.87778113945319,-0.11794360951331093
HDS,SWA,Elevation,84.30250794466515,-0.11273937055998288
HDS,SWA,Elevation,22.152851393201676,-0.8742680981844871
HDS,SWA,Elevation,19.602909504667437,-0.9055129048276893
HDS,SWA,Elevation,20.137103523916576,-0.8989673482734619
HDS,SWA,Elevation,25.211085992013846,-0.8367951074708188
HDS,SWA,Elevation,40.16785078087669,-0.6535277059911319
HDS,SWA,Elevation,29.147824683070326,-0.7885576790964893
HDS,SWA,Elevation,15.108781049112466,-0.9605801105765402
HDS,SWA,Elevation,17.51782300149145,-0.9310617712230459
HDS,SWA,Elevation,112.07719089247378,0.2275878353981755
HDS,SWA,Elevation,95.14531429208067,0.020119103320542557
HDS,SWA,Elevation,41.34671586355087,-0.6390829016870817
HDS,SWA,Elevation,30.24446503382951,-0.7751203863210449
HDS,SWA,Elevation,21.475193775697328,-0.8825715349507999
HDS,SWA,Elevation,25.723858531302614,-0.8305120314077675
HDS,SWA,Elevation,32.45838666504209,-0.7479928844742469
HDS,SWA,Elevation,27.555906268252436,-0.8080636856005547
HDS,SWA,Elevation,24.422945880887127,-0.8464523022055824
HDS,SWA,Elevation,32.48812732678139,-0.7476284678459059
HDS,SWA,Elevation,37.128709685853266,-0.6907667412422451
HDS,SWA,Elevation,24.86943617855611,-0.840981392032507
HDS,SWA,Elevation,36.089518289550654,-0.7035001036724842
HDS,SWA,Elevation,32.994890679596196,-0.7414190232135573
HDS,SWA,Elevation,14.704477423400473,-0.9655341013585725
HDS,SWA,Elevation,8.421482187869705,-1.0425205504055208
HDS,SWA,Elevation,6.140325185235213,-1.0704718969795681
HDS,SWA,Elevation,127.15674092836561,0.4123597422625963
HDS,SWA,Elevation,95.78242737272762,0.027925742014615583
HDS,SWA,Elevation,32.81398595974982,-0.7436356749019186
HDS,SWA,Elevation,36.76000220807655,-0.6952845672769625
HDS,SWA,Elevation,19.842603883163765,-0.9025758949517957
HDS,SWA,Elevation,10.287951175981233,-1.019650436031032
HDS,SWA,Elevation,17.463414810517722,-0.9317284426536477
HDS,SWA,Elevation,27.243767637133228,-0.8118883653781789
HDS,SWA,Elevation,22.9979108400871,-0.8639134625989978
HDS,SWA,Elevation,34.72609102119274,-0.7202063751226151
HDS,SWA,Elevation,42.68715015301956,-0.622658366531717
HDS,SWA,Elevation,40.1004299130857,-0.6543538236322117
HDS,SWA,Elevation,36.14358632053369,-0.7028376002714303
HDS,SWA,Elevation,38.55664143013045,-0.67327008712230485
HDS,SWA,Elevation,47.14993785699051,-0.5679751835434234
HDS,SWA,Elevation,44.25703005534503,-0.6034224011076564
HDS,SWA,Elevation,27.032867744674014,-0.8144725522534133
HDS,SWA,Elevation,18.608621968655115,-0.917696053765373
HDS,SWA,Elevation,11.818100994668523,-1.0009012890661584
HDS,SWA,Elevation,18.167900555464648,-0.9230962769628398
HDS,SWA,Elevation,108.15531430265497,0.17953251449914603
HDS,SWA,Elevation,77.02093747693755,-0.20196150630589949
HDS,SWA,Elevation,25.058480735796927,-0.8386650017396543
HDS,SWA,Elevation,15.93873485962744,-0.9504105665375443
HDS,SWA,Elevation,11.693877743751576,-1.0024234145204454
HDS,SWA,Elevation,8.584951690260532,-1.0405175349575106
HDS,SWA,Elevation,11.749969163592791,-1.0017361182431606
HDS,SWA,Elevation,28.725184026481,-0.7937363561691186
HDS,SWA,Elevation,50.10196288955571,-0.5318035940012745
HDS,SWA,Elevation,76.16322193697434,-0.21247121882975037
HDS,SWA,Elevation,80.91313737926696,-0.15426981814947735
HDS,SWA,Elevation,66.52351250101367,-0.33058797230462045
HDS,SWA,Elevation,60.71993571610862,-0.40170003775940183
HDS,SWA,Elevation,59.39341569552387,-0.4179540793663389
HDS,SWA,Elevation,58.563238337550196,-0.4281263625646678
HDS,SWA,Elevation,54.707422430798175,-0.4753722323627053
HDS,SWA,Elevation,54.296830463750425,-0.48040327510032366
HDS,SWA,Elevation,45.03927446017972,-0.5938374473145188
HDS,SWA,Elevation,25.983446107963097,-0.827331267298513
HDS,SWA,Elevation,69.39902862610248,-0.2953538574678095
HDS,SWA,Elevation,59.22482245978027,-0.4200198766599347
HDS,SWA,Elevation,19.571349652371772,-0.9058996122609451
HDS,SWA,Elevation,21.132573729618684,-0.8867697079130732
HDS,SWA,Elevation,23.274645161839562,-0.8605225969429716
HDS,SWA,Elevation,32.24084340700324,-0.7506584734684586
HDS,SWA,Elevation,50.756301180525654,-0.5237858923146093
HDS,SWA,Elevation,78.343820798683,-0.18575202569565194
HDS,SWA,Elevation,94.38252380745374,0.01077252122445294
HDS,SWA,Elevation,103.37667095129494,0.12097910659544926
HDS,SWA,Elevation,85.48675465967521,-0.09822862433681852
HDS,SWA,Elevation,64.32414072182134,-0.357537192710926
HDS,SWA,Elevation,57.23302411695658,-0.44442566973843894
HDS,SWA,Elevation,57.01118368494391,-0.4471439126266581
HDS,SWA,Elevation,45.931192580429276,-0.582908645629244
HDS,SWA,Elevation,41.78036132128802,-0.6337693811948604
HDS,SWA,Elevation,44.88694626296522,-0.5957039467393392
HDS,SWA,Elevation,62.33360982715247,-0.3819274555639353
HDS,SWA,Elevation,35.23609986793382,-0.7139571629839386
HDS,SWA,Elevation,49.40712944290627,-0.540317488685467
HDS,SWA,Elevation,72.80857584535171,-0.2535761824214396
HDS,SWA,Elevation,47.755614698576885,-0.5605537376317639
HDS,SWA,Elevation,50.05405233307031,-0.5323906489770313
HDS,SWA,Elevation,58.82009144378333,-0.42497910431692265
HDS,SWA,Elevation,71.99855169694204,-0.26350152542913174
HDS,SWA,Elevation,80.34003968352943,-0.16129206707659968
HDS,SWA,Elevation,88.11027063815695,-0.06608230373179008
HDS,SWA,Elevation,103.48605722954309,0.12231943247842365
HDS,SWA,Elevation,44.98326158557377,-0.5945237811656792
HDS,SWA,Elevation,56.004300943467676,-0.45948139243796704
HDS,SWA,Elevation,71.56251058953036,-0.2688444001631898
HDS,SWA,Elevation,73.70738084866055,-0.2425629947623004
HDS,SWA,Elevation,77.61129312790415,-0.19472779315811628
HDS,SWA,Elevation,66.35501772357732,-0.33265256317434194
HDS,SWA,Elevation,50.97222887430967,-0.5211400990627982
3QDS,Cape,Elevation,256.0980669910551,1.5994872780525975
3QDS,Cape,Elevation,165.9240137926782,0.5934307517726297
3QDS,Cape,Elevation,31.358167919616516,-0.9078974313705769
3QDS,Cape,Elevation,36.19108218278984,-0.8539774315151797
3QDS,Cape,Elevation,259.76546925766434,1.6404038594188504
3QDS,Cape,Elevation,273.198989936655,1.7902793576431968
3QDS,Cape,Elevation,109.20711673916001,-0.039349991769107306
3QDS,Cape,Elevation,215.7469792324631,1.1492970765240065
3QDS,Cape,Elevation,245.51484007956878,1.481412021082844
3QDS,Cape,Elevation,242.19142523390926,1.4443332486819194
3QDS,Cape,Elevation,165.40089157064804,0.5875943663951451
3QDS,Cape,Elevation,140.67886094330396,0.3117748886922125
3QDS,Cape,Elevation,211.25033675439207,1.0991288036012083
3QDS,Cape,Elevation,210.80663621659568,1.0941785124040058
3QDS,Cape,Elevation,283.64428504204074,1.9068157329858402
3QDS,Cape,Elevation,244.25248946278637,1.4673281906302682
3QDS,Cape,Elevation,176.74619330585136,0.7141719621499536
3QDS,Cape,Elevation,238.32691749158414,1.4012175951527106
3QDS,Cape,Elevation,292.20119679702856,2.00228373747898
3QDS,Cape,Elevation,331.5937731348454,2.4417799906246223
3QDS,Cape,Elevation,304.5182682024637,2.1397032016438384
3QDS,Cape,Elevation,360.74507386948085,2.767016079204457
3QDS,Cape,Elevation,60.00972900157583,-0.5882368528314151
3QDS,Cape,Elevation,207.16157167166907,1.0535111491873643
3QDS,Cape,Elevation,194.6194441977718,0.9135807728651347
3QDS,Cape,Elevation,260.0487105993483,1.6435639347421425
3QDS,Cape,Elevation,308.9244755032805,2.188862504723818
3QDS,Cape,Elevation,319.3673881868484,2.305372299792722
3QDS,Cape,Elevation,296.1469386187477,2.0463057057720477
3QDS,Cape,Elevation,195.88469046795942,0.9276969096287038
3QDS,Cape,Elevation,149.67904797823357,0.4121884398532273
3QDS,Cape,Elevation,140.59557130483222,0.3108456404064373
3QDS,Cape,Elevation,119.07643039770574,0.07076025684354652
3QDS,Cape,Elevation,227.927641156882,1.2851946433829855
3QDS,Cape,Elevation,252.17306325732199,1.5556966810689135
3QDS,Cape,Elevation,154.56832974175978,0.4667373222927905
3QDS,Cape,Elevation,228.4413158819193,1.2909256246484273
3QDS,Cape,Elevation,226.57857655206067,1.2701433597607668
3QDS,Cape,Elevation,268.73898585189033,1.7405198530233739
3QDS,Cape,Elevation,284.83698601215673,1.920122494213994
3QDS,Cape,Elevation,276.4636102671857,1.826702169670191
3QDS,Cape,Elevation,221.34672859120585,1.211772524705331
3QDS,Cape,Elevation,123.41817011391491,0.11920030608134437
3QDS,Cape,Elevation,185.69153326502428,0.8139735938446114
3QDS,Cape,Elevation,184.1696387383875,0.7969940762724741
3QDS,Cape,Elevation,243.431183170251,1.4581650164535207
3QDS,Cape,Elevation,200.23115430577496,0.9761896650852471
3QDS,Cape,Elevation,105.10395085057618,-0.0851283135169137
3QDS,Cape,Elevation,139.87127551067633,0.3027647958084395
3QDS,Cape,Elevation,209.67601244119732,1.0815643358458726
3QDS,Cape,Elevation,228.69718305147416,1.2937802910037828
3QDS,Cape,Elevation,187.10960900563666,0.8297948229343566
3QDS,Cape,Elevation,253.22032608738672,1.5673808137827796
3QDS,Cape,Elevation,211.85485374199305,1.1058732964908107
3QDS,SWA,Elevation,61.251192479612996,-0.5743860566221126
3QDS,SWA,Elevation,70.9426157685459,-0.4662605005120527
3QDS,SWA,Elevation,54.115982557613464,-0.6539923763315434
3QDS,SWA,Elevation,61.27625808346841,-0.5741064039565236
3QDS,SWA,Elevation,46.5709675203862,-0.7381708217917239
3QDS,SWA,Elevation,32.69656478612535,-0.89296516588461
3QDS,SWA,Elevation,37.51848031581831,-0.8391678770220788
3QDS,SWA,Elevation,52.49303846376407,-0.6720992866842667
3QDS,SWA,Elevation,44.436091718448736,-0.7619892668671753
3QDS,SWA,Elevation,33.84081116743827,-0.8801990042365405
3QDS,SWA,Elevation,35.29922783588495,-0.8639276982978086
3QDS,SWA,Elevation,77.53960506978353,-0.3926590164387083
3QDS,SWA,Elevation,64.46004324678735,-0.538585456098232
3QDS,SWA,Elevation,34.19538063347127,-0.8762431331996985
3QDS,SWA,Elevation,18.69223679601705,-1.0492090638894884
3QDS,SWA,Elevation,33.96686062450191,-0.8787926919503005
3QDS,SWA,Elevation,53.5239262392465,-0.6605978476605077
3QDS,SWA,Elevation,22.860929519402205,-1.002699670425816
3QDS,SWA,Elevation,115.01355729293428,0.025431474810088447
3QDS,SWA,Elevation,81.94269086659646,-0.3435345394463176
3QDS,SWA,Elevation,35.732705741922466,-0.8590914592589819
3QDS,SWA,Elevation,18.77175937366197,-1.0483218440586324
3QDS,SWA,Elevation,38.945604496195536,-0.8232456960336978
3QDS,SWA,Elevation,39.36429668952982,-0.8185744186688025
3QDS,SWA,Elevation,37.385411344341094,-0.8406525048329803
3QDS,SWA,Elevation,82.52140183072177,-0.33707795995767914
3QDS,SWA,Elevation,85.64833053932072,-0.30219134986400314
3QDS,SWA,Elevation,51.30860512652751,-0.685313807342986
3QDS,SWA,Elevation,25.820139610057705,-0.9696842683368356
3QDS,SWA,Elevation,39.51006761658772,-0.816948077306661
3QDS,SWA,Elevation,46.6613505018635,-0.7371624342882829
3QDS,SWA,Elevation,100.22647927910958,-0.139545431658691
3QDS,SWA,Elevation,64.96758167189721,-0.5329229364841218
3QDS,SWA,Elevation,33.271362082348055,-0.8865522505210214
3QDS,SWA,Elevation,37.700928165086864,-0.8371323374965507
3QDS,SWA,Elevation,35.75848723441539,-0.8588038195460074
3QDS,SWA,Elevation,26.2195187735726,-0.9652284631504983
3QDS,SWA,Elevation,119.47204686526054,0.07517408227303826
3QDS,SWA,Elevation,87.11768689512746,-0.28579799169989517
3QDS,SWA,Elevation,34.94290181422355,-0.8679031669260978
3QDS,SWA,Elevation,34.54490827373866,-0.8723435129527007
3QDS,SWA,Elevation,30.298846695350807,-0.9197160975311726
3QDS,SWA,Elevation,43.433259093127546,-0.7731776993672795
3QDS,SWA,Elevation,40.68123050142891,-0.803881612821148
3QDS,SWA,Elevation,46.46602606800885,-0.7393416356710697
3QDS,SWA,Elevation,86.97563612902411,-0.2873828278609908
3QDS,SWA,Elevation,4.230643689634896,-1.2105545907792905
3QDS,SWA,Elevation,126.30601510201511,0.15141949989723683
3QDS,SWA,Elevation,94.50979674076416,-0.20332548337401823
3QDS,SWA,Elevation,32.63741970307572,-0.8936250374850198
3QDS,SWA,Elevation,19.057213609224256,-1.0451370798558974
3QDS,SWA,Elevation,23.439082660338556,-0.9962493144753223
3QDS,SWA,Elevation,35.566376158149446,-0.8609471700464316
3QDS,SWA,Elevation,51.3099003813314,-0.6852993564061318
3QDS,SWA,Elevation,67.13118590302508,-0.5087839732257604
3QDS,SWA,Elevation,59.023861744921845,-0.5992360056078849
3QDS,SWA,Elevation,70.37187990575914,-0.4726281031557474
3QDS,SWA,Elevation,74.87926812203344,-0.4223399418652244
3QDS,SWA,Elevation,72.34308714381167,-0.45063568032287027
3QDS,SWA,Elevation,30.01933164834626,-0.922834599220497
3QDS,SWA,Elevation,20.085584737123146,-1.0336637186398443
3QDS,SWA,Elevation,10.700959736950068,-1.1383663785873093
3QDS,SWA,Elevation,25.38139225769159,-0.9745792976892917
3QDS,SWA,Elevation,90.42086314704713,-0.2489450178362716
3QDS,SWA,Elevation,79.81853117021126,-0.3672334267604755
3QDS,SWA,Elevation,20.579656531494482,-1.0281514439272434
3QDS,SWA,Elevation,21.82324136675259,-1.014276980097367
3QDS,SWA,Elevation,38.19848724399654,-0.8315811557453466
3QDS,SWA,Elevation,68.83209189896776,-0.48980725523303226
3QDS,SWA,Elevation,95.30238392552313,-0.1944827233827552
3QDS,SWA,Elevation,97.72492545543308,-0.16745484086106735
3QDS,SWA,Elevation,83.75226424586894,-0.3233454379983155
3QDS,SWA,Elevation,72.34668726967364,-0.45059551433287215
3QDS,SWA,Elevation,68.7091746963894,-0.4911786214903967
3QDS,SWA,Elevation,52.278212343222584,-0.6744960650580933
3QDS,SWA,Elevation,62.52134488893275,-0.5602151829013186
3QDS,SWA,Elevation,13.552465285247314,-1.106552617701161
3QDS,SWA,Elevation,52.92639216835933,-0.6672644333397404
3QDS,SWA,Elevation,86.67125362387682,-0.29077877153799503
3QDS,SWA,Elevation,59.0252189114878,-0.5992208639320648
3QDS,SWA,Elevation,64.18530438069611,-0.5416506707520059
3QDS,SWA,Elevation,75.45119016604782,-0.41595910519995616
3QDS,SWA,Elevation,94.50818561482748,-0.20334345843120777
3QDS,SWA,Elevation,110.75978676162669,-0.02202711724082808
3QDS,SWA,Elevation,95.31009302486218,-0.1943967142767352
3QDS,SWA,Elevation,80.1934077976914,-0.363050992188121
3QDS,SWA,Elevation,61.78527817017235,-0.5684273536968053
3QDS,SWA,Elevation,46.293913746723774,-0.7412618634743062
3QDS,SWA,Elevation,45.74152424204804,-0.7474247789307625
3QDS,SWA,Elevation,45.302928775537545,-0.7523181137186418
3QDS,SWA,Elevation,59.978959119663806,-0.5885801471540331
3QDS,SWA,Elevation,67.07581091116086,-0.5094017825620574
3QDS,SWA,Elevation,72.15823509454788,-0.4526980430975472
3QDS,SWA,Elevation,67.61830345991191,-0.5033492857542609
0.05º,Cape,MAP,5.4159255793065215,-0.5555820632466889
0.05º,Cape,MAP,37.22177371272335,1.5506917961482651
0.05º,Cape,MAP,10.476285651878063,-0.22047060527600737
0.05º,Cape,MAP,69.70416970900548,3.701768582105821
0.05º,Cape,MAP,9.619624997362674,-0.27720111393621133
0.05º,Cape,MAP,42.867215568636695,1.9245490363628814
0.05º,Cape,MAP,15.142205650423783,0.08851990746682088
0.05º,Cape,MAP,8.58434801925847,-0.34576010431645093
0.05º,Cape,MAP,60.58142928135247,3.0976347257090517
0.05º,Cape,MAP,40.316202328528895,1.7556136732790026
0.05º,Cape,MAP,18.64305903587812,0.32035639050685527
0.05º,Cape,MAP,6.828801119769057,-0.4620174205126967
0.05º,Cape,MAP,19.041788454408998,0.34676138834563214
0.05º,Cape,MAP,3.6150131225586,-0.6748436158641633
0.05º,Cape,MAP,25.04234012556664,0.7441350120230049
0.05º,Cape,MAP,71.21530782440561,3.8018404524439853
0.05º,Cape,MAP,25.445397365240396,0.7708266105052592
0.05º,Cape,MAP,35.40683835818444,1.4305016072961514
0.05º,Cape,MAP,4.096076329549153,-0.6429862400334484
0.05º,Cape,MAP,31.561608773690676,1.1758595514321544
0.05º,Cape,MAP,8.298370827568897,-0.3646983285295658
0.05º,Cape,MAP,36.01878573570722,1.4710265057108967
0.05º,Cape,MAP,6.46924226077986,-0.48582843232492795
0.05º,Cape,MAP,5.579488118489583,-0.544750486009307
0.05º,Cape,MAP,62.32110595703126,3.2128410704797012
0.05º,Cape,MAP,11.114743338690863,-0.17819011866792694
0.05º,Cape,MAP,7.465624514921217,-0.41984516135351163
0.05º,Cape,MAP,21.770932562557288,0.5274930849003616
0.05º,Cape,MAP,6.020245351909129,-0.5155622865562808
0.05º,Cape,MAP,9.125001271565754,-0.30995650594816054
0.05º,Cape,MAP,3.4642697557991053,-0.6848262709894364
0.05º,Cape,MAP,14.334713114632496,0.03504545167933992
0.05º,Cape,MAP,10.570758701842509,-0.21421433080966604
0.05º,Cape,MAP,79.08721570615415,4.323140614770796
0.05º,Cape,MAP,51.0228295031889,2.4646370216166535
0.05º,Cape,MAP,2.618563899287472,-0.7408313217221084
0.05º,Cape,MAP,17.610387166341148,0.25196991783634715
0.05º,Cape,MAP,24.278147520842378,0.6935280010066086
0.05º,Cape,MAP,46.322242736816406,2.1533507767632725
0.05º,Cape,MAP,4.07950888739692,-0.6440833832435873
0.05º,Cape,MAP,25.5164119579174,0.7755293991107923
0.05º,Cape,MAP,2.1814746856689484,-0.7697766144558976
0.05º,Cape,MAP,9.276273586131914,-0.29993882239247144
0.05º,Cape,MAP,31.026869879828553,1.1404476187266024
0.05º,Cape,MAP,13.918205261230476,0.007463115243177826
0.05º,Cape,MAP,7.38305682900511,-0.4253130287012498
0.05º,Cape,MAP,10.335631052652994,-0.2297851534782348
0.05º,Cape,MAP,2.860214683744644,-0.7248285184555714
0.05º,Cape,MAP,33.288132467387634,1.2901948682709217
0.05º,Cape,MAP,6.778668156376597,-0.4653373681476287
0.05º,Cape,MAP,8.203511508894552,-0.3709801828101272
0.05º,Cape,MAP,21.134736237702548,0.48536235212242307
0.05º,Cape,MAP,11.13652118635766,-0.17674792756325813
0.05º,Cape,MAP,7.964763032065498,-0.38679078699857694
0.05º,Cape,MAP,13.778041109626676,-0.001818954120574756
0.05º,Cape,MAP,9.416788548599053,-0.2906335213340965
0.05º,Cape,MAP,6.49875013563368,-0.48387433680167113
0.05º,Cape,MAP,21.27412746570728,0.49459323628384444
0.05º,Cape,MAP,18.824264997317457,0.33235636542169494
0.05º,Cape,MAP,29.795248949969267,1.0588861725936571
0.05º,Cape,MAP,11.508815671190803,-0.1520935263313951
0.05º,Cape,MAP,80.4236558984827,4.411643491032375
0.05º,Cape,MAP,15.257598311812785,0.09616153818926369
0.05º,Cape,MAP,9.617871696566361,-0.27731722250905744
0.05º,Cape,MAP,10.06324311244635,-0.24782345875043113
0.05º,Cape,MAP,39.95682346673662,1.731814581393857
0.05º,Cape,MAP,6.796725120073489,-0.4641415845780389
0.05º,Cape,MAP,27.452625604323405,0.9037509819002794
0.05º,Cape,MAP,9.38662437156395,-0.29263107905721364
0.05º,Cape,MAP,31.120393729504258,1.1466410344461146
0.05º,Cape,MAP,9.029343640362775,-0.316291226758287
0.05º,Cape,MAP,15.174855368477962,0.09068206479605367
0.05º,Cape,MAP,25.23478420869804,0.7568792073670376
0.05º,Cape,MAP,11.561576537144028,-0.14859955150355328
0.05º,Cape,MAP,14.052255936610853,0.016340332797746972
0.05º,Cape,MAP,25.82297718377761,0.7958310215897872
0.05º,Cape,MAP,3.799119902245789,-0.6626515405022398
0.05º,Cape,MAP,21.846718917658304,0.5325118732055344
0.05º,Cape,MAP,17.224477979871935,0.22641391228193222
0.05º,Cape,MAP,1.5678651597764788,-0.8104115850701586
0.05º,Cape,MAP,8.30402258884759,-0.3643240527991745
0.05º,Cape,MAP,10.673123183073818,-0.20743546328682508
0.05º,Cape,MAP,27.27151875437043,0.8917575704303763
0.05º,Cape,MAP,81.98262532552083,4.51488288707025
0.05º,Cape,MAP,33.7783740008319,1.3226600590230109
0.05º,Cape,MAP,15.821688687359849,0.133517209616958
0.05º,Cape,MAP,10.612935337019552,-0.21142127389201987
0.05º,Cape,MAP,10.736498684353297,-0.20323855707287725
0.05º,Cape,MAP,12.508543093999226,-0.08588872876244384
0.05º,Cape,MAP,2.6038660120081007,-0.7418046576833133
0.05º,Cape,MAP,37.407674683464876,1.5630026879523935
0.05º,Cape,MAP,14.077898425820434,0.018038451473450873
0.05º,Cape,MAP,14.622608655764736,0.054110714456788125
0.05º,Cape,MAP,34.10354915665993,1.3441940840731292
0.05º,Cape,MAP,7.527582992742073,-0.4157420944692533
0.05º,Cape,MAP,12.481329552921247,-0.08769088696786816
0.05º,Cape,MAP,5.786077475842136,-0.5310695503148516
0.05º,Cape,MAP,11.73426159222921,-0.13716385527849484
0.05º,Cape,MAP,52.848020671326395,2.5855063796579967
0.05º,Cape,MAP,12.436236548045331,-0.09067707419398154
0.05º,Cape,MAP,4.940625178961107,-0.5870578096065442
0.05º,Cape,MAP,58.91087275375551,2.9870057140266937
0.05º,Cape,MAP,39.78971495451752,1.7207481797216542
0.05º,Cape,MAP,8.742119353494523,-0.3353120371663686
0.05º,Cape,MAP,53.98858553568523,2.661037833768769
0.05º,Cape,MAP,6.35043657090929,-0.4936960835151144
0.05º,Cape,MAP,6.657411645959921,-0.47336731965531265
0.05º,Cape,MAP,12.293249483461743,-0.10014608489606074
0.05º,Cape,MAP,5.7420901781247045,-0.53398251446342615
0.05º,Cape,MAP,11.618392139010956,-0.1448370605139679
0.05º,Cape,MAP,68.35973791428553,3.612736479170546
0.05º,Cape,MAP,26.95467955977828,0.8707755764775083
0.05º,Cape,MAP,6.993995478123793,-0.4510777795616813
0.05º,Cape,MAP,15.947118264657481,0.14182351350009173
0.05º,Cape,MAP,12.984152428897808,-0.054392523876506504
0.05º,Cape,MAP,2.4424146016438826,-0.7524964299569573
0.05º,Cape,MAP,3.9650927414128825,-0.6516603463344
0.05º,Cape,MAP,3.2436761149653583,-0.6994346102259152
0.05º,Cape,MAP,45.68460271387926,2.1111244381860774
0.05º,Cape,MAP,16.456512498266914,0.17555705061180318
0.05º,Cape,MAP,41.32891247007582,1.8226782234628844
0.05º,Cape,MAP,25.345993960345233,0.7642438338917483
0.05º,Cape,MAP,14.578105549753445,0.05116359201376227
0.05º,Cape,MAP,10.515407044210551,-0.2178798752421027
0.05º,Cape,MAP,9.509587040653932,-0.28448814086234914
0.05º,Cape,MAP,13.392556979332433,-0.027346811244350126
0.05º,Cape,MAP,13.946805930431964,0.009357133024046381
0.05º,Cape,MAP,11.23584083274558,-0.1701706976766752
0.05º,Cape,MAP,9.771417288132653,-0.26714899607520154
0.05º,Cape,MAP,2.3646828922224645,-0.757644045166388
0.05º,Cape,MAP,41.13069925190487,1.8095519795636883
0.05º,Cape,MAP,45.42603909527813,2.0940016188678925
0.05º,Cape,MAP,15.672873885543279,0.12366226955554327
0.05º,Cape,MAP,5.942215201295454,-0.5207296653915446
0.05º,Cape,MAP,11.125988477542073,-0.1774454335424677
0.05º,Cape,MAP,4.7121526459117025,-0.6021879115278355
0.05º,Cape,MAP,44.73685144495081,2.048361649576298
0.05º,Cape,MAP,5.458887335694868,-0.5527370133660854
0.05º,Cape,MAP,34.80288978859231,1.3905064127264346
0.05º,Cape,MAP,3.500506012528032,-0.68242660285324
0.05º,Cape,MAP,9.144744967236932,-0.30864902218273443
0.05º,Cape,MAP,8.390204347210169,-0.3586168512796817
0.05º,Cape,MAP,28.468031047302993,0.9709940226223475
0.05º,Cape,MAP,22.13622834947374,0.5516840124210413
0.05º,Cape,MAP,11.513724644978845,-0.1517684401043957
0.05º,Cape,MAP,15.628267335303043,0.12070829674102544
0.05º,Cape,MAP,1.6662479241689034,-0.8038963981779387
0.05º,Cape,MAP,16.922773761513767,0.20643419956585038
0.05º,Cape,MAP,12.039055765411,-0.11697951695254383
0.05º,Cape,MAP,20.566032409667994,0.44770116473001687
0.05º,Cape,MAP,9.644568973117417,-0.2755492528111374
0.05º,Cape,MAP,25.743549205638754,0.7905710746342243
0.05º,Cape,MAP,20.577715037781516,0.44847482164057384
0.05º,Cape,MAP,25.315597910939914,0.7622309209198086
0.05º,Cape,MAP,6.880558249391157,-0.45858991596375154
0.05º,Cape,MAP,18.643652409683046,0.3203956854103875
0.05º,Cape,MAP,7.373089119240092,-0.4259731188339835
0.05º,Cape,MAP,21.682719995946055,0.5216513974740745
0.05º,Cape,MAP,27.713868176495588,0.9210512091546895
0.05º,Cape,MAP,46.92468327651792,2.19324610529815
0.05º,Cape,MAP,7.070571522653836,-0.44600669577316154
0.05º,Cape,MAP,18.866359781335913,0.33514400192247407
0.05º,Cape,MAP,8.85671300063899,-0.3277233194431166
0.05º,Cape,MAP,9.181890534765934,-0.3061891368952698
0.05º,Cape,MAP,5.4040310000195895,-0.5563697561676723
0.05º,Cape,MAP,11.95292736571512,-0.12268318490914061
0.05º,Cape,MAP,9.846135645736878,-0.2622009336063578
0.05º,Cape,MAP,54.343891355726456,2.6845671972274796
0.05º,Cape,MAP,27.442997308424967,0.9031133687205796
0.05º,Cape,MAP,20.865423037682053,0.4675276649034649
0.05º,Cape,MAP,91.80900649082514,5.165613837369483
0.05º,Cape,MAP,24.64409712803218,0.7177622263681357
0.05º,Cape,MAP,12.821638413417487,-0.06515466488767074
0.05º,Cape,MAP,4.016217125786682,-0.6482747439781132
0.05º,Cape,MAP,34.172787513261966,1.3487792452663347
0.05º,Cape,MAP,9.245967582420072,-0.30194577228210245
0.05º,Cape,MAP,18.453986179681472,0.3078354474130683
0.05º,Cape,MAP,5.2430709791772125,-0.5670289872275027
0.05º,Cape,MAP,7.7110825997811725,-0.4035902278095611
0.05º,Cape,MAP,8.195033273579156,-0.3715416357021774
0.05º,Cape,MAP,15.630722611038777,0.12087089209387032
0.05º,Cape,MAP,26.44588724772136,0.8370819003255215
0.05º,Cape,MAP,16.459767942075374,0.17577263537362825
0.05º,Cape,MAP,9.261238098144522,-0.30093451523418563
0.05º,Cape,MAP,7.566373989905837,-0.4131732441445215
0.05º,Cape,MAP,32.36738407464673,1.2292202870374627
0.05º,Cape,MAP,12.3170878092448,-0.09856744306145294
0.05º,Cape,MAP,46.12209894627703,2.140096684862783
0.05º,Cape,MAP,7.38697245091568,-0.425053725065047
0.05º,Cape,MAP,10.085428158442184,-0.24635430181254703
0.05º,Cape,MAP,49.724624822169204,2.3786662098242437
0.05º,Cape,MAP,66.00259729079256,3.4566399129870176
0.05º,Cape,MAP,11.69471246224863,-0.13978291131782708
0.05º,Cape,MAP,30.11732388720101,1.0802148923376451
0.05º,Cape,MAP,2.6138007375929035,-0.7411467518569459
0.05º,Cape,MAP,13.129391634905787,-0.04477436995428878
0.05º,Cape,MAP,3.4785953097873326,-0.683877591999328
0.05º,Cape,MAP,17.188295529212482,0.22401780733691795
0.05º,Cape,MAP,14.091850681069458,0.01896240955774256
0.05º,Cape,MAP,10.536483599815844,-0.21648412569531195
0.05º,Cape,MAP,4.109152994038147,-0.6421202660633246
0.05º,Cape,MAP,3.5445944335725574,-0.6795069420299049
0.05º,Cape,MAP,38.96194439169801,1.6659308552242904
0.05º,Cape,MAP,6.188397725423177,-0.5044267574157847
0.05º,Cape,MAP,62.55116886562773,3.228076491599756
0.05º,Cape,MAP,41.37197202517663,1.8255297498527978
0.05º,Cape,MAP,12.493115554621195,-0.08691038436396803
0.05º,Cape,MAP,56.089918631094456,2.800194096798642
0.05º,Cape,MAP,13.674892472632134,-0.008649750671651748
0.05º,Cape,MAP,34.64301215277778,1.3799188602862211
0.05º,Cape,MAP,13.843027562270926,0.002484633881393355
0.05º,Cape,MAP,5.982737694257572,-0.518046150483041
0.05º,Cape,MAP,57.911316012158835,2.9208122194537536
0.05º,Cape,MAP,25.32392930395809,0.7627826494966702
0.05º,Cape,MAP,23.636091067467223,0.6510091938260172
0.05º,Cape,MAP,18.67905397768372,0.3227400780814657
0.05º,Cape,MAP,4.837558346030152,-0.5938831888595192
0.05º,Cape,MAP,15.587132489239728,0.11798423006592974
0.05º,Cape,MAP,10.201709323459202,-0.23865383184903707
0.05º,Cape,MAP,64.01698435088738,3.325146968272722
0.05º,Cape,MAP,4.236244837443029,-0.6337038821837585
0.05º,Cape,MAP,29.14200818097153,1.0156267081750554
0.05º,Cape,MAP,29.512332963354797,1.0401506701001735
0.05º,Cape,MAP,12.333804307160555,-0.09746042895408213
0.05º,Cape,MAP,11.285295745472846,-0.16689565248815666
0.05º,Cape,MAP,50.210954736780245,2.410872362035314
0.05º,Cape,MAP,7.871312859617635,-0.39297932360219867
0.05º,Cape,MAP,36.443012002073694,1.4991199774387463
0.05º,Cape,MAP,5.8291184225200094,-0.5282192562277096
0.05º,Cape,MAP,55.85626550368324,2.78472092116227
0.05º,Cape,MAP,9.315985785590286,-0.29730896742783164
0.05º,Cape,MAP,13.166892228303132,-0.042290973842564285
0.05º,Cape,MAP,11.111055444788043,-0.1784343415067944
0.05º,Cape,MAP,12.194537362934634,-0.10668308268965984
0.05º,Cape,MAP,10.104455830138411,-0.24509423519426984
0.05º,Cape,MAP,14.45276693650234,0.04286331202889214
0.05º,Cape,MAP,18.127450636875487,0.2862113336623339
0.05º,Cape,MAP,14.814269972436213,0.06680307277620709
0.05º,Cape,MAP,4.845138078854408,-0.593381237361733
0.05º,Cape,MAP,96.48910663746021,5.475543399909621
0.05º,Cape,MAP,6.736126110877523,-0.4681546235776371
0.05º,Cape,MAP,17.769033267174237,0.2624759145221765
0.05º,Cape,MAP,8.580617551450372,-0.34600714652059383
0.05º,Cape,MAP,39.14548148637936,1.6780852044224324
0.05º,Cape,MAP,5.231843218391327,-0.5677725215279764
0.05º,Cape,MAP,7.784801907009542,-0.3987083253023086
0.05º,Cape,MAP,9.943279360547486,-0.25576780010676325
0.05º,Cape,MAP,16.53143310546875,0.18051850662508986
0.05º,Cape,MAP,15.343758759675204,0.10186732846673487
0.05º,Cape,MAP,10.314520023487233,-0.23118318596239448
0.05º,Cape,MAP,38.35125901963975,1.6254895304061108
0.05º,Cape,MAP,33.38565760482976,1.2966532606636223
0.05º,Cape,MAP,45.38052810857326,2.0909877516944833
0.05º,Cape,MAP,6.647784974839953,-0.47400482523755416
0.05º,Cape,MAP,21.517606146541667,0.5107170880550734
0.05º,Cape,MAP,5.775706208782427,-0.5317563651611351
0.05º,Cape,MAP,44.35593746326588,2.0231364407110743
0.05º,Cape,MAP,21.075616530430167,0.4814472767098587
0.05º,Cape,MAP,3.1060654910994097,-0.708547577709381
0.05º,Cape,MAP,14.219031439887154,0.027384681669212572
0.05º,Cape,MAP,6.351471677238553,-0.4936275358255865
0.05º,Cape,MAP,6.434735945713379,-0.48811353879665936
0.05º,Cape,MAP,11.618813408745666,-0.14480916283218773
0.05º,Cape,MAP,21.97266524515035,0.540852397758457
0.05º,Cape,MAP,19.74264267344534,0.39317395104827385
0.05º,Cape,MAP,18.161704075189284,0.2884796939152066
0.05º,Cape,MAP,4.247006074881862,-0.632991242388175
0.05º,Cape,MAP,51.953875223795535,2.526293521232362
0.05º,Cape,MAP,8.253776279496556,-0.3676515065263386
0.05º,Cape,MAP,8.601224899292006,-0.3446424692484072
0.05º,Cape,MAP,3.824881000283325,-0.6609455672121025
0.05º,Cape,MAP,44.40655856662326,2.0264887143649046
0.05º,Cape,MAP,15.26739134611907,0.0968100608155732
0.05º,Cape,MAP,12.815570501633639,-0.0655564992898795
0.05º,Cape,MAP,14.651558204933444,0.056027836062838114
0.05º,Cape,MAP,18.15906703282917,0.28830506145875
0.05º,Cape,MAP,13.14834368670429,-0.043519311101035074
0.05º,Cape,MAP,15.76600760000723,0.12982984941006923
0.05º,Cape,MAP,19.68139865074629,0.3891181974172405
0.05º,Cape,MAP,9.342368231879343,-0.2955618466866259
0.05º,Cape,MAP,11.106933005062151,-0.1787073412078291
0.05º,Cape,MAP,43.70519397876883,1.980042353585391
0.05º,Cape,MAP,10.472250526334038,-0.2207378227832125
0.05º,Cape,MAP,10.825557591002665,-0.197340822598544
0.05º,Cape,MAP,30.847252174660007,1.1285528226660146
0.05º,Cape,MAP,2.198148821607049,-0.7686724056793514
0.05º,Cape,MAP,23.332905993049533,0.630931414603593
0.05º,Cape,MAP,34.90476391639239,1.3972528076483335
0.05º,Cape,MAP,23.71908743587541,0.656505449749443
0.05º,Cape,MAP,37.2037414268211,1.549497646812529
0.05º,Cape,MAP,21.6923144870334,0.522286772002894
0.05º,Cape,MAP,7.416361208315247,-0.42310751783890577
0.05º,Cape,MAP,25.863426443971225,0.7985096868157638
0.05º,Cape,MAP,47.75525294409857,2.2482487944857863
0.05º,Cape,MAP,63.98586023589712,3.3230858407239205
0.05º,Cape,MAP,44.41690515588828,2.0271738949773312
0.05º,Cape,MAP,20.012929657359187,0.41107312501038273
0.05º,Cape,MAP,25.956464178768204,0.8046709106233538
0.05º,Cape,MAP,5.361160184130259,-0.5592087837093953
0.05º,Cape,MAP,45.04978995852999,2.0690853293217604
0.05º,Cape,MAP,6.803501270435482,-0.46369284859983373
0.05º,Cape,MAP,15.137034946017792,0.08817748869278559
0.05º,Cape,MAP,12.471915539400072,-0.08831430975818226
0.05º,Cape,MAP,24.29466445357712,0.6946217993392498
0.05º,Cape,MAP,15.095252920080112,0.08541056392297776
0.05º,Cape,MAP,6.071326408857181,-0.5121795534655411
0.05º,Cape,MAP,11.531017821512105,-0.15062323669635835
0.05º,Cape,MAP,7.090562278841753,-0.44468285095658805
0.05º,Cape,MAP,37.55444967010875,1.5727225456428486
0.05º,Cape,MAP,29.640717400444885,1.0486526532154068
0.05º,Cape,MAP,27.732490209885572,0.9222844132489043
0.05º,Cape,MAP,9.929893399462294,-0.2566542565784897
0.05º,Cape,MAP,70.74675976788556,3.770811865525669
0.05º,Cape,MAP,6.4617728716061436,-0.4863230765518718
0.05º,Cape,MAP,30.390613226243016,1.0983128908082698
0.05º,Cape,MAP,7.537468168470601,-0.4150874699755066
0.05º,Cape,MAP,20.26884088398497,0.4280202953768685
0.05º,Cape,MAP,10.455589388623647,-0.22184117078009571
0.05º,Cape,MAP,3.781328413221571,-0.6638297435828252
0.05º,Cape,MAP,6.470065269941163,-0.48577393031400146
0.05º,Cape,MAP,4.688712037639858,-0.6037402153759894
0.05º,Cape,MAP,13.72579920733417,-0.005278561696584077
0.05º,Cape,MAP,19.55743224532516,0.38090878894347785
0.05º,Cape,MAP,19.975993262396926,0.4086270917260963
0.05º,Cape,MAP,14.62944979726532,0.054563754333312016
0.05º,Cape,MAP,11.302942864688823,-0.16572700998749693
0.05º,Cape,MAP,45.10601368656866,2.072808624740541
0.05º,Cape,MAP,7.958117190702461,-0.3872308935436983
0.05º,Cape,MAP,14.13144900475019,0.021584723344022515
0.05º,Cape,MAP,18.8749582267102,0.3357134154670312
0.05º,Cape,MAP,23.279895594090593,0.6274209149893412
0.05º,Cape,MAP,5.639126648137601,-0.5408010527012105
0.05º,Cape,MAP,19.880673067069342,0.4023147168807932
0.05º,Cape,MAP,25.976747230247202,0.8060141120666786
0.05º,Cape,MAP,8.422158747543527,-0.3565007398704695
0.05º,Cape,MAP,25.969825438511222,0.8055557313018421
0.05º,Cape,MAP,6.70904303656684,-0.46994814190210865
0.05º,Cape,MAP,18.528597005208326,0.31277638880145336
0.05º,Cape,MAP,8.996121253496334,-0.31849130784746166
0.05º,Cape,MAP,40.37224126745155,1.759324731436166
0.05º,Cape,MAP,28.244855810094815,0.9562147227205167
0.05º,Cape,MAP,58.906623793237,2.986724335758389
0.05º,Cape,MAP,8.96611265488612,-0.32047856272413205
0.05º,Cape,MAP,6.575036037115398,-0.47882246711225684
0.05º,Cape,MAP,7.3809527644404636,-0.4254523658499529
0.05º,Cape,MAP,1.9170689582824707,-0.7872863148585518
0.05º,Cape,MAP,6.204528243453423,-0.5033585485655415
0.05º,Cape,MAP,9.032398506447116,-0.31608892482468004
0.05º,Cape,MAP,60.97830539279514,3.123916992273475
0.05º,Cape,MAP,9.046798399937005,-0.31513532286102236
0.05º,Cape,MAP,31.168510766676913,1.1498274817045928
0.05º,Cape,MAP,12.304211063149532,-0.09942017786609514
0.05º,Cape,MAP,12.96583119145147,-0.055605808406543805
0.05º,Cape,MAP,29.17249578899807,1.0176456844196886
0.05º,Cape,MAP,99.28305750717351,5.660566784811218
0.05º,Cape,MAP,14.530001699188619,0.047978018010015326
0.05º,Cape,MAP,105.57137562316144,6.076997122141205
0.05º,Cape,MAP,33.298628913031685,1.2908899727996197
0.05º,Cape,MAP,7.846717104499725,-0.39460812456482747
0.05º,Cape,MAP,7.171579290319373,-0.4393176736871183
0.05º,Cape,MAP,67.31309584629389,3.5434248601655587
0.05º,Cape,MAP,29.68615397700558,1.0516615927371185
0.05º,Cape,MAP,44.0610070405183,2.003605308034852
0.05º,Cape,MAP,13.979862542799957,0.011546236053740553
0.05º,Cape,MAP,11.05893283420139,-0.18188604924625087
0.05º,Cape,MAP,17.007099198706367,0.21201847020990897
0.05º,Cape,MAP,6.945354508764954,-0.45429892310190073
0.05º,Cape,MAP,40.05712947139033,1.7384571307343504
0.05º,Cape,MAP,4.04429296799648,-0.6464154817355553
0.05º,Cape,MAP,19.99082089647834,0.40960901989010406
0.05º,Cape,MAP,5.775600892526124,-0.531763339503611
0.05º,Cape,MAP,15.061841729246542,0.08319797969730927
0.05º,Cape,MAP,24.393005007789252,0.7011341909530991
0.05º,Cape,MAP,7.467535654703779,-0.41971860023340646
0.05º,Cape,MAP,8.3098257323842,-0.36393975210446555
0.05º,Cape,MAP,52.669652303059905,2.5736943182456833
0.05º,Cape,MAP,14.549905753430027,0.049296121176728575
0.05º,Cape,MAP,16.74336194992066,0.194553038364297
0.05º,Cape,MAP,9.631797743432312,-0.27639500001854495
0.05º,Cape,MAP,14.89098876199604,0.07188360954719514
0.05º,Cape,MAP,6.102122083122345,-0.5101401761970882
0.05º,Cape,MAP,8.82568293441961,-0.32977821881442143
0.05º,Cape,MAP,31.535269278067112,1.1741152750063586
0.05º,Cape,MAP,5.674895204143762,-0.5384323570390777
0.05º,Cape,MAP,10.88156775486322,-0.19363167000795595
0.05º,Cape,MAP,14.299819710813921,0.03273471108785858
0.05º,Cape,MAP,25.91795141902971,0.8021204859734566
0.05º,Cape,MAP,25.116541214931164,0.7490488195156252
0.05º,Cape,MAP,18.31296209641444,0.2984964309251412
0.05º,Cape,MAP,10.181072753152737,-0.24002044431608224
0.05º,Cape,MAP,6.021831441808628,-0.5154572511653064
0.05º,Cape,MAP,6.285412023096907,-0.4980021942876268
0.05º,Cape,MAP,32.66837598070686,1.2491528284042133
0.05º,Cape,MAP,21.451921614389562,0.5063672712396807
0.05º,Cape,MAP,10.228544305872045,-0.23687674287670712
0.05º,Cape,MAP,14.251131952544796,0.02951046905272623
0.05º,Cape,MAP,4.556129031711158,-0.6125202396789485
0.05º,Cape,MAP,10.815990188975393,-0.19797440321264478
0.05º,Cape,MAP,16.192775679223345,0.15809164722493962
0.05º,Cape,MAP,6.776164443404588,-0.4655031711522286
0.05º,Cape,MAP,23.85947707847313,0.6658024517691031
0.05º,Cape,MAP,10.637814368730707,-0.2097737135464994
0.05º,Cape,MAP,77.42599176477502,4.2131296335307855
0.05º,Cape,MAP,34.63588163587784,1.379446657146493
0.05º,Cape,MAP,40.71927228386019,1.7823061138283187
0.05º,Cape,MAP,39.000273151162204,1.6684690948519154
0.05º,Cape,MAP,50.27340114263843,2.415007740904022
0.05º,Cape,MAP,7.878194408652222,-0.392523607823676
0.05º,Cape,MAP,8.894708633422853,-0.32520714041314325
0.05º,Cape,MAP,6.734749499662423,-0.46824578669344996
0.05º,Cape,MAP,16.152061462402344,0.15539543581639317
0.05º,Cape,MAP,13.452850718557102,-0.023353988091784406
0.05º,Cape,MAP,12.85923340879841,-0.06266501720769846
0.05º,Cape,MAP,8.538555145263677,-0.3487926388691285
0.05º,Cape,MAP,5.240736266713087,-0.5671835985370883
0.05º,Cape,MAP,11.581431165153592,-0.14728472148269872
0.05º,Cape,MAP,17.880994396445196,0.26989029941336246
0.05º,Cape,MAP,2.059813484312997,-0.7778333657503049
0.05º,Cape,MAP,5.1242275002561986,-0.574899140916248
0.05º,Cape,MAP,34.18907174946347,1.3498576337717307
0.05º,Cape,MAP,23.70389641655816,0.6554994571800491
0.05º,Cape,MAP,12.274042788846991,-0.10141800692193277
0.05º,Cape,MAP,33.11536322699654,1.2787535970551118
0.05º,Cape,MAP,7.421534785517944,-0.42276490882008966
0.05º,Cape,MAP,7.9138503839940215,-0.39016236757381273
0.05º,Cape,MAP,9.874377003422488,-0.26033071045753614
0.05º,Cape,MAP,23.16804772836191,0.6200140307325454
0.05º,Cape,MAP,12.2567232861931,-0.1025649537206658
0.05º,Cape,MAP,0,-0.9142400818686349
0.05º,Cape,MAP,0,-0.9142400818686349
0.05º,Cape,MAP,19.877892812093098,0.4021306004769686
0.05º,Cape,MAP,6.672325840702759,-0.4723796591977454
0.05º,Cape,MAP,31.543268062450267,1.1746449772920045
0.05º,Cape,MAP,27.646501611780227,0.9165900033518446
0.05º,Cape,MAP,4.683309343126091,-0.6040979971957638
0.05º,Cape,MAP,79.57451811290922,4.355411168181696
0.05º,Cape,MAP,20.660545584596235,0.45396009638575296
0.05º,Cape,MAP,13.24709586155268,-0.036979660796189785
0.05º,Cape,MAP,6.777798381852516,-0.4653949670940852
0.05º,Cape,MAP,27.17668778219341,0.8854775933356104
0.05º,Cape,MAP,10.544056174195848,-0.21598264825009428
0.05º,Cape,MAP,17.374157375759566,0.23632610822544842
0.05º,Cape,MAP,3.6014253121835225,-0.675743439370815
0.05º,Cape,MAP,7.06616804334853,-0.44629830671566006
0.05º,Cape,MAP,20.313850308641975,0.431000947682815
0.05º,Cape,MAP,8.387833960262343,-0.35877382505519345
0.05º,Cape,MAP,6.290856114140259,-0.49764167107174906
0.05º,Cape,MAP,7.895466321780358,-0.3913798125388928
0.05º,Cape,MAP,36.33499060736764,1.4919664929924157
0.05º,Cape,MAP,26.834224324167504,0.8627986876698277
0.05º,Cape,MAP,9.159578270382347,-0.30766671859716066
0.05º,Cape,MAP,12.12532787558473,-0.11126633207875786
0.05º,Cape,MAP,12.984410085795837,-0.054375461102807325
0.05º,Cape,MAP,10.541210410035688,-0.21617110285867458
0.05º,Cape,MAP,27.43182584974501,0.9023735629059317
0.05º,Cape,MAP,11.05980157263485,-0.1818285189126665
0.05º,Cape,MAP,67.78313549653984,3.57455222466907
0.05º,Cape,MAP,57.205937326690304,2.8741000336964504
0.05º,Cape,MAP,12.086439933305902,-0.11384160238514841
0.05º,Cape,MAP,6.391241648840528,-0.4909938550250387
0.05º,Cape,MAP,28.185070885552303,0.9522555947255146
0.05º,Cape,MAP,19.788127569504738,0.3961860904248231
0.05º,Cape,MAP,11.061056867057882,-0.18174538974038387
0.05º,Cape,MAP,9.452550346468705,-0.28826527321501316
0.05º,Cape,MAP,13.232478671603726,-0.03794765275031551
0.05º,Cape,MAP,3.5707463461255275,-0.6777750878893567
0.05º,Cape,MAP,79.76926064196928,4.368307573162035
0.05º,Cape,MAP,33.6272263262007,1.3126506294788398
0.05º,Cape,MAP,27.537598739435648,0.909378144945484
0.05º,Cape,MAP,71.45493029370719,3.817708934903452
0.05º,Cape,MAP,14.363129227249702,0.036927247597505077
0.05º,Cape,MAP,26.49377516758297,0.8402531747830431
0.05º,Cape,MAP,49.657156202528185,2.3741982456535276
0.05º,Cape,MAP,52.095082129961185,2.5356446447733894
0.05º,Cape,MAP,3.439756275695048,-0.6864496234662951
0.05º,Cape,MAP,10.76556810920621,-0.20131349695756443
0.05º,Cape,MAP,7.828858363775563,-0.39579078124454337
0.05º,Cape,MAP,8.321816296047633,-0.3631457028246677
0.05º,Cape,MAP,88.77437355404808,4.964651800426442
0.05º,Cape,MAP,15.483997392065728,0.1111543301603359
0.05º,Cape,MAP,22.99815651222512,0.6087633504806398
0.05º,Cape,MAP,8.001271754135315,-0.3843730754314146
0.05º,Cape,MAP,21.95295119579927,0.5395468772567925
0.05º,Cape,MAP,15.57641403763382,0.117274423670074
0.05º,Cape,MAP,47.99838661853177,2.26434979895041
0.05º,Cape,MAP,51.502516758294746,2.4964032779942924
0.05º,Cape,MAP,6.874699317084415,-0.4589779111497277
0.05º,Cape,MAP,36.15458561461648,1.480019560505592
0.05º,Cape,MAP,3.6477471810800037,-0.672675873268955
0.05º,Cape,MAP,16.198913903883952,0.158498137946127
0.05º,Cape,MAP,6.35901684231228,-0.4931278735027034
0.05º,Cape,MAP,10.585250383541897,-0.21325465036932514
0.05º,Cape,MAP,37.58619237829138,1.5748246381948539
0.05º,Cape,MAP,4.515167448255751,-0.6152328324106262
0.05º,Cape,MAP,12.431931530987775,-0.09096216468597355
0.05º,Cape,MAP,4.481216360021522,-0.6174811701800138
0.05º,Cape,MAP,16.367585358796294,0.1696680421353732
0.05º,Cape,MAP,17.391401502821193,0.23746806343776136
0.05º,Cape,MAP,13.92610816013666,0.007986467719417847
0.05º,Cape,MAP,33.01637211552372,1.272198123686408
0.05º,Cape,MAP,8.741781423121324,-0.33533441587824503
0.05º,Cape,MAP,17.519427923508626,0.24594633768703458
0.05º,Cape,MAP,4.877237578968934,-0.5912555170317085
0.05º,Cape,MAP,10.628283936300395,-0.210404845928585
0.05º,Cape,MAP,4.656210039868761,-0.605892590247309
0.05º,Cape,MAP,5.99536274097584,-0.517210083928086
0.05º,Cape,MAP,27.343155189796725,0.8965015392340289
0.05º,Cape,MAP,6.851915783352325,-0.4604867016502434
0.05º,Cape,MAP,17.32604396490403,0.23313990111201915
0.05º,Cape,MAP,8.878364986843527,-0.32628946324298336
0.05º,Cape,MAP,54.81996013500071,2.716093827828659
0.05º,Cape,MAP,22.14142519162025,0.5520281621107047
0.05º,Cape,MAP,13.215375641245913,-0.03908026413700106
0.05º,Cape,MAP,25.576180611127686,0.7794874495718271
0.05º,Cape,MAP,4.461608698338637,-0.6187796453872549
0.05º,Cape,MAP,9.489466761365344,-0.2858205630675835
0.05º,Cape,MAP,27.010581075409316,0.8744775340728631
0.05º,Cape,MAP,9.551398383246529,-0.28171927466014696
0.05º,Cape,MAP,11.169989527007687,-0.17453155871395798
0.05º,Cape,MAP,19.240229477117097,0.3599027181101583
0.05º,Cape,MAP,11.603853914472793,-0.14579982315366538
0.05º,Cape,MAP,15.187468634711378,0.09151735121374616
0.05º,Cape,MAP,21.50723695166315,0.5100304104345309
0.05º,Cape,MAP,27.243331202754277,0.8898909104727357
0.05º,Cape,MAP,8.623951193727091,-0.34313746929718
0.05º,Cape,MAP,3.104274702660831,-0.708666168820678
0.05º,Cape,MAP,32.65661041824906,1.2483736793451472
0.05º,Cape,MAP,1.6085015049687097,-0.8077205305426796
0.05º,Cape,MAP,11.828493330213782,-0.1309235611788155
0.05º,Cape,MAP,8.648841104389712,-0.3414891885165058
0.05º,Cape,MAP,10.979048787811656,-0.18717619834045496
0.05º,Cape,MAP,13.129794933177815,-0.04474766239395748
0.05º,Cape,MAP,14.761395301347887,0.06330156144815555
0.05º,Cape,MAP,20.8938159942627,0.46940792736293124
0.05º,Cape,MAP,9.750031459478688,-0.2685652265642109
0.05º,Cape,MAP,17.874798786492995,0.26948000847470904
0.05º,Cape,MAP,27.26820422984936,0.8915380731754763
0.05º,Cape,MAP,36.40829609058522,1.4968209908949346
0.05º,Cape,MAP,14.364787819944784,0.037037084330120394
0.05º,Cape,MAP,6.755001115210253,-0.46690466702702943
0.05º,Cape,MAP,14.472357326083717,0.044160643428373565
0.05º,Cape,MAP,5.927925886931238,-0.5216759444905259
0.05º,Cape,MAP,47.704005206072765,2.2448550232993023
0.05º,Cape,MAP,14.65412829834738,0.05619803496938103
0.05º,Cape,MAP,12.550602665653932,-0.08310342412469139
0.05º,Cape,MAP,47.557735113450036,2.2351686011290712
0.05º,Cape,MAP,4.349761020990062,-0.6261865171689834
0.05º,Cape,MAP,33.278301191918644,1.2895438132058914
0.05º,Cape,MAP,6.516443017088337,-0.48270266379521654
0.05º,Cape,MAP,6.485273526038649,-0.48476679627592295
0.05º,Cape,MAP,5.678576321072049,-0.5381885829907673
0.05º,Cape,MAP,10.625488634462707,-0.21058995877843398
0.05º,Cape,MAP,6.632049197242371,-0.4750468932519649
0.05º,Cape,MAP,23.76001620822483,0.6592158696362228
0.05º,Cape,MAP,6.360562854342987,-0.49302549218235847
0.05º,Cape,MAP,47.844488355848526,2.2541582176306387
0.05º,Cape,MAP,6.1675763777744645,-0.5058056063647546
0.05º,Cape,MAP,17.138819046962418,0.2207413337531609
0.05º,Cape,MAP,8.947731300636564,-0.3216958283601155
0.05º,Cape,MAP,5.63309769403367,-0.5412003072148879
0.05º,Cape,MAP,23.199295679728188,0.6220833590789033
0.05º,Cape,MAP,17.012110062587414,0.2123503038890916
0.05º,Cape,MAP,9.92163293155623,-0.2572012882924038
0.05º,Cape,MAP,26.139415740966797,0.8167864841926529
0.05º,Cape,MAP,27.846568919994198,0.9298390303748926
0.05º,Cape,MAP,8.592718995647665,-0.34520575441601087
0.05º,Cape,MAP,62.81895088855136,3.2458097799099446
0.05º,Cape,MAP,26.763964947359064,0.8581459116102729
0.05º,Cape,MAP,12.063643137613932,-0.11535127113042286
0.05º,Cape,MAP,10.19442572417082,-0.23913617254056882
0.05º,Cape,MAP,18.712035756052273,0.32492422539055943
0.05º,Cape,MAP,62.62456154528959,3.232936763899186
0.05º,Cape,MAP,7.371375284077203,-0.42608661388017
0.05º,Cape,MAP,48.316429985894104,2.285411536654094
0.05º,Cape,MAP,22.280182732476128,0.56121708170413
0.05º,Cape,MAP,16.337893921651983,0.16770179059437984
0.05º,Cape,MAP,26.252010533839083,0.8242428320924506
0.05º,Cape,MAP,12.591810438368078,-0.0803745280390528
0.05º,Cape,MAP,29.33343887329102,1.0283037938929738
0.05º,Cape,MAP,63.37132917804482,3.282389843638381
0.05º,Cape,MAP,9.590770933363174,-0.27911191224237575
0.05º,Cape,MAP,56.88014626208646,2.8525252214128387
0.05º,Cape,MAP,4.512441376109185,-0.6154133606731348
0.05º,Cape,MAP,31.608771053361288,1.1789827719293093
0.05º,Cape,MAP,15.306144714355469,0.09937641924555246
0.05º,Cape,MAP,8.169063897780429,-0.37326140173892064
0.05º,Cape,MAP,7.316428125640487,-0.42972537122371945
0.05º,Cape,MAP,5.18242135459994,-0.5710453781218241
0.05º,Cape,MAP,12.68401456762243,-0.07426850796494351
0.05º,Cape,MAP,11.521810743543844,-0.15123295562492184
0.05º,Cape,MAP,90.14300607751916,5.055286544553141
0.05º,Cape,MAP,12.045580687346293,-0.11654741803635547
0.05º,Cape,MAP,14.437844594319662,0.0418751120246515
0.05º,Cape,MAP,11.745847254623593,-0.13639661971405706
0.05º,Cape,MAP,11.722702520864974,-0.13792932990917417
0.05º,Cape,MAP,21.562105009290907,0.5136639294971997
0.05º,Cape,MAP,8.15237631621185,-0.3743665009234159
0.05º,Cape,MAP,14.985134807633763,0.0781182288555795
0.05º,Cape,MAP,17.99402335838035,0.2773753992251934
0.05º,Cape,MAP,7.84405720086745,-0.3947842709598448
0.05º,Cape,MAP,6.201720696908451,-0.5035444722947847
0.05º,Cape,MAP,40.131406383749884,1.743375959441676
0.05º,Cape,MAP,7.6370493570963545,-0.4084929200169556
0.05º,Cape,MAP,5.585793998506336,-0.5443328926728848
0.05º,Cape,MAP,5.6726455453001465,-0.5385813358556459
0.05º,Cape,MAP,10.066075266143425,-0.2476359054654845
0.05º,Cape,MAP,6.550535249121392,-0.48044497908143563
0.05º,Cape,MAP,34.399079852634046,1.3637649685522348
0.05º,Cape,MAP,42.66298475719635,1.9110242902968313
0.05º,Cape,MAP,20.250097580897943,0.42677906045789
0.05º,Cape,MAP,8.662588190149377,-0.3405788173402056
0.05º,Cape,MAP,10.906366136338981,-0.1919894505507479
0.05º,Cape,MAP,56.75741073231638,2.844397325030723
0.05º,Cape,MAP,36.76575969178,1.5204932487678726
0.05º,Cape,MAP,4.825770319244005,-0.5946638255703958
0.05º,Cape,MAP,9.687943534245553,-0.2726768658248292
0.05º,Cape,MAP,40.6500710381402,1.7777234102234287
0.05º,Cape,MAP,20.934664805730186,0.47211305201234827
0.05º,Cape,MAP,4.617694324917267,-0.6084432105998286
0.05º,Cape,MAP,6.542951937075019,-0.4809471676055055
0.05º,Cape,MAP,2.863711745650685,-0.7245969330550978
0.05º,Cape,MAP,4.900488865228356,-0.5897157506264834
0.05º,Cape,MAP,6.25876059355558,-0.4997671278659716
0.05º,Cape,MAP,15.282585991753479,0.09781629353001858
0.05º,Cape,MAP,9.07688976805887,-0.31314258675152923
0.05º,Cape,MAP,8.511925833565856,-0.35055610774087576
0.05º,Cape,MAP,25.45415765267832,0.7714067416922624
0.05º,Cape,MAP,22.225680645601255,0.5576077982671508
0.05º,Cape,MAP,20.915573967827687,0.47084880234796866
0.05º,Cape,MAP,5.361616487856263,-0.5591785659769205
0.05º,Cape,MAP,8.707672684280961,-0.33759319371982394
0.05º,Cape,MAP,48.44235947691364,2.2937509462478496
0.05º,Cape,MAP,11.301709210431133,-0.16580870608639062
0.05º,Cape,MAP,96.8660872659566,5.500508130922908
0.05º,Cape,MAP,13.85426916899504,0.0032290850993353737
0.05º,Cape,MAP,4.524388748922462,-0.6146221716144593
0.05º,Cape,MAP,3.2067004074285106,-0.7018832469008691
0.05º,Cape,MAP,5.6242111111864626,-0.5417888020436347
0.05º,Cape,MAP,6.433611504825554,-0.4881880024751164
0.05º,Cape,MAP,9.624782727088464,-0.2768595543824562
0.05º,Cape,MAP,23.35828237180356,0.6326119106869393
0.05º,Cape,MAP,22.72517715265722,0.5906858797337381
0.05º,Cape,MAP,5.137654363373181,-0.5740099757954709
0.05º,Cape,MAP,29.936912254050906,1.0682675201046885
0.05º,Cape,MAP,63.70073709370179,3.304204174100995
0.05º,Cape,MAP,9.933883384422018,-0.2563900284093558
0.05º,Cape,MAP,15.876614111441162,0.13715452764958436
0.05º,Cape,MAP,9.922503577338325,-0.2571436316487599
0.05º,Cape,MAP,12.513385019184629,-0.08556808268489292
0.05º,Cape,MAP,27.65879171865957,0.9174038892366212
0.05º,Cape,MAP,5.963961401103455,-0.5192895700982313
0.05º,Cape,MAP,21.332330868567972,0.4984476314082589
0.05º,Cape,MAP,10.269970540647153,-0.23413337961112288
0.05º,Cape,MAP,21.664697482262127,0.520457895282471
0.05º,Cape,MAP,23.041902801136914,0.6116603543396139
0.05º,Cape,MAP,15.227111298360954,0.0941426013190613
0.05º,Cape,MAP,14.197271017380704,0.025943644508295928
0.05º,Cape,MAP,5.144469720345957,-0.5735586434438231
0.05º,Cape,MAP,7.066462516784668,-0.4462788058459389
0.05º,Cape,MAP,30.84983728802394,1.1287240162364294
0.05º,Cape,MAP,15.248220325988022,0.09554050125562755
0.05º,Cape,MAP,22.102333916558155,0.5494394265282317
0.05º,Cape,MAP,30.523882736394448,1.1071383773763017
0.05º,Cape,MAP,19.540892565691916,0.3798134842464254
0.05º,Cape,MAP,25.251286118118855,0.757972010813038
0.05º,Cape,MAP,20.701414320203995,0.45666654046849087
0.05º,Cape,MAP,7.97094309771502,-0.3863815254479234
0.05º,Cape,MAP,9.027907854245049,-0.31638630860470607
0.05º,Cape,MAP,12.38133430480957,-0.09431285712498691
0.05º,Cape,MAP,13.070538509039231,-0.04867179158682708
0.05º,Cape,MAP,29.42016092936198,1.0340467754657034
0.05º,Cape,MAP,21.46527476369599,0.5072515548219562
0.05º,Cape,MAP,42.09786899884542,1.8736007150991576
0.05º,Cape,MAP,19.514311896430133,0.37805323661534607
0.05º,Cape,MAP,30.252444891282064,1.0891629901075046
0.05º,Cape,MAP,21.488925039032367,0.5088177434203406
0.05º,Cape,MAP,39.96684455871582,1.7324782066488678
0.05º,Cape,MAP,12.388601161815505,-0.09383162515508768
0.05º,Cape,MAP,8.534736727490845,-0.3490455053704533
0.05º,Cape,MAP,75.34474690755208,4.075303670853087
0.05º,Cape,MAP,24.34406273453323,0.6978930942105722
0.05º,Cape,MAP,9.64688409699334,-0.2753959387136588
0.05º,Cape,MAP,24.42187217429832,0.7030458569447683
0.05º,Cape,MAP,18.048632209683642,0.2809917529067311
0.05º,Cape,MAP,8.2811456138705,-0.36583903124509276
0.05º,Cape,MAP,22.720164744059254,0.5903539437590011
0.05º,Cape,MAP,23.09061760372586,0.614886387326638
0.05º,Cape,MAP,4.665970743438341,-0.6052462086544752
0.05º,Cape,MAP,17.792372200224136,0.2640214851475209
0.05º,Cape,MAP,18.704195705460904,0.32440503490874406
0.05º,Cape,MAP,12.551626511562018,-0.08303562213232805
0.05º,Cape,MAP,26.954166553638597,0.870741603749688
0.05º,Cape,MAP,9.79087245611497,-0.2658606194351761
0.05º,Cape,MAP,6.543477988537445,-0.480912330979255
0.05º,Cape,MAP,20.518095510977282,0.4445266467549207
0.05º,Cape,MAP,42.21494509850018,1.8813538278986761
0.05º,Cape,MAP,42.81738942464192,1.9212494071824104
0.05º,Cape,MAP,90.03691270616318,5.0482607393048475
0.05º,Cape,MAP,6.815999066388168,-0.46286520895303745
0.05º,Cape,MAP,34.03017449084624,1.3393350047020358
0.05º,Cape,MAP,9.83715679027415,-0.2627955389905343
0.05º,Cape,MAP,9.466998700742371,-0.2873084620402177
0.05º,Cape,MAP,51.42228274875217,2.4910899533432693
0.05º,Cape,MAP,24.115765418535396,0.6827745956615253
0.05º,Cape,MAP,4.996975416018639,-0.5833261364001853
0.05º,Cape,MAP,6.743137029953946,-0.4676903405464454
0.05º,Cape,MAP,3.6470983528796492,-0.6727188405205092
0.05º,Cape,MAP,5.21035808987089,-0.5691953279369898
0.05º,Cape,MAP,6.928481160858531,-0.4554163242624261
0.05º,Cape,MAP,22.036495773880567,0.5450794371862961
0.05º,Cape,MAP,4.895262682879415,-0.5900618433079245
0.05º,Cape,MAP,7.533107145332991,-0.4153762693496479
0.05º,Cape,MAP,10.140009373794369,-0.2427397782624101
0.05º,Cape,MAP,12.541522532333566,-0.08370473641708119
0.05º,Cape,MAP,6.188409028229892,-0.504426008911729
0.05º,Cape,MAP,2.6357912134241133,-0.7396904799095781
0.05º,Cape,MAP,10.163099971818333,-0.2412106530898424
0.05º,Cape,MAP,9.349548857889054,-0.2950863251789175
0.05º,Cape,MAP,22.027996298707578,0.5445165777303763
0.05º,Cape,MAP,10.351933326250238,-0.22870557048511528
0.05º,Cape,MAP,7.888179025532291,-0.3918623980536253
0.05º,Cape,MAP,24.947580172691833,0.7378597380287232
0.05º,Cape,MAP,43.16840207135236,1.944494464474452
0.05º,Cape,MAP,9.55639239417182,-0.28138855703169857
0.05º,Cape,MAP,2.1871973438027448,-0.7693976437338184
0.05º,Cape,MAP,8.993121888902452,-0.31868993431427955
0.05º,Cape,MAP,6.273521140769674,-0.4987896423854085
0.05º,Cape,MAP,11.639014820993692,-0.1434713677712796
0.05º,Cape,MAP,9.81201767627104,-0.26446032272624825
0.05º,Cape,MAP,8.128884609834648,-0.37592218863365484
0.05º,Cape,MAP,11.283320674189813,-0.16702644733432595
0.05º,Cape,MAP,6.151882218725884,-0.5068449182803039
0.05º,Cape,MAP,66.33140686411917,3.478414619516192
0.05º,Cape,MAP,11.357398139105904,-0.1621208266048137
0.05º,Cape,MAP,7.382023564091437,-0.4253814544469922
0.05º,Cape,MAP,58.363277906253,2.950742423452087
0.05º,Cape,MAP,15.258087327745262,0.0961939222172287
0.05º,Cape,MAP,13.371955636106899,-0.02871109087375502
0.05º,Cape,MAP,11.989802136833285,-0.12024123253133992
0.05º,Cape,MAP,31.508137903095754,1.1723185580745572
0.05º,Cape,MAP,22.85284075324918,0.5991401270028297
0.05º,Cape,MAP,17.571700202094185,0.2494079568676939
0.05º,Cape,MAP,1.4454950226677745,-0.8185152841094507
0.05º,Cape,MAP,34.404605017768006,1.3641308607253246
0.05º,Cape,MAP,13.657630402364848,-0.009792894134153
0.05º,Cape,MAP,8.636483510335287,-0.34230754359424703
0.05º,Cape,MAP,16.302259044882696,0.16534194755208567
0.05º,Cape,MAP,80.08163970193748,4.388994204295826
0.05º,Cape,MAP,37.88596744301877,1.5946765968624912
0.05º,Cape,MAP,8.68724726116847,-0.3389458234182511
0.05º,Cape,MAP,9.994262295004761,-0.25239156496685566
0.05º,Cape,MAP,7.252075074210999,-0.4339870135930615
0.05º,Cape,MAP,7.3575588744363545,-0.42700157588134474
0.05º,Cape,MAP,17.383878590148168,0.23696987473223663
0.05º,Cape,MAP,16.619819476280686,0.18637170386061255
0.05º,Cape,MAP,52.494641056767215,2.562104575012924
0.05º,Cape,MAP,49.50692424067744,2.3642494572180013
0.05º,Cape,MAP,12.11210208468967,-0.11214218162426394
0.05º,Cape,MAP,9.43381486115633,-0.2895059904186859
0.05º,Cape,MAP,6.404645472397037,-0.49010621564958196
0.05º,Cape,MAP,15.35216781239451,0.10242419989021188
0.05º,Cape,MAP,63.460009162808646,3.2882624848261304
0.05º,Cape,MAP,21.87086411464361,0.5341108369252491
0.05º,Cape,MAP,9.810846870328188,-0.26453785683071573
0.05º,Cape,MAP,17.858182459701734,0.26837962798453036
0.05º,Cape,MAP,5.991678873697919,-0.5174540401123833
0.05º,Cape,MAP,36.82396210564508,1.5243475783981808
0.05º,Cape,MAP,62.847085105048286,3.24767290786407
0.05º,Cape,MAP,11.420891938386136,-0.1579160863602951
0.05º,Cape,MAP,23.105439221417463,0.6158679170681753
0.05º,Cape,MAP,7.627880049340515,-0.40910013769446757
0.05º,Cape,MAP,44.39646176938658,2.025820075692104
0.05º,Cape,MAP,15.226774215698242,0.09412027874498788
0.05º,Cape,MAP,18.766046783070507,0.32850098944509365
0.05º,Cape,MAP,9.791500892168212,-0.2658190026096887
0.05º,Cape,MAP,8.981977780659994,-0.31942792890505095
0.05º,Cape,MAP,11.0669064933871,-0.1813580108227466
0.05º,Cape,MAP,21.824373315881832,0.5310320838065281
0.05º,Cape,MAP,7.607598811020084,-0.4104432190652675
0.05º,Cape,MAP,10.150989085067936,-0.24201267050718817
0.05º,Cape,MAP,7.378188239203557,-0.42563544058563385
0.05º,Cape,MAP,11.83890608799311,-0.13023399869889637
0.05º,Cape,MAP,35.35938036883319,1.4273588040616436
0.05º,Cape,MAP,14.733736579800823,0.06146992212401319
0.05º,Cape,MAP,6.942851219648197,-0.4544646980375986
0.05º,Cape,MAP,9.214680730560676,-0.3040176767299191
0.05º,Cape,MAP,6.925022125244141,-0.45564539145355226
0.05º,Cape,MAP,45.875048272403674,2.123736285538024
0.05º,Cape,MAP,15.699194825725787,0.1254053171871789
0.05º,Cape,MAP,11.643421967824302,-0.14317951395480877
0.05º,Cape,MAP,8.836867650349937,-0.32903753506689215
0.05º,Cape,MAP,10.777493323808837,-0.20052377527871384
0.05º,Cape,MAP,8.648142590934851,-0.34153544606713726
0.05º,Cape,MAP,17.67619794680748,0.2563280951747146
0.05º,Cape,MAP,37.26579143382886,1.5536067750202567
0.05º,Cape,MAP,15.575856573787737,0.11723750682630252
0.05º,Cape,MAP,45.37491268581813,2.0906158824046295
0.05º,Cape,MAP,16.729884748105643,0.19366053967155067
0.05º,Cape,MAP,7.624448670281325,-0.40932737338973124
0.05º,Cape,MAP,8.899401158462346,-0.3248963880388069
0.05º,Cape,MAP,42.2634435583044,1.8845655340502636
0.05º,Cape,MAP,11.359517085699382,-0.16198050392577126
0.05º,Cape,MAP,8.091977719907407,-0.3783662680104799
0.05º,Cape,MAP,21.949918864685817,0.5393460676531465
0.05º,Cape,MAP,6.484161316402374,-0.48484044996606285
0.05º,Cape,MAP,54.82828389273749,2.716645050775438
0.05º,Cape,MAP,10.642882358880684,-0.2094380968030694
0.05º,Cape,MAP,3.961283342337904,-0.651912615591864
0.05º,Cape,MAP,88.68156960569782,4.958506058623272
0.05º,Cape,MAP,7.472038622255677,-0.41942040089583554
0.05º,Cape,MAP,9.505625783661262,-0.2847504665836758
0.05º,Cape,MAP,8.07206556532118,-0.3796849076051001
0.05º,Cape,MAP,7.222497775230876,-0.4359457065797104
0.05º,Cape,MAP,12.700607240935904,-0.07316969387543867
0.05º,Cape,MAP,20.149284339245455,0.42010292043852016
0.05º,Cape,MAP,27.709633250295365,0.9207707602789174
0.05º,Cape,MAP,42.10243261428108,1.8739029307123407
0.05º,Cape,MAP,8.373456860766002,-0.3597259175356719
0.05º,Cape,MAP,35.3533349684727,1.4269584604300112
0.05º,Cape,MAP,11.015674826539591,-0.18475071773002646
0.05º,Cape,MAP,5.133552581544905,-0.5742816074716832
0.05º,Cape,MAP,22.797673543294255,0.5954867972209483
0.05º,Cape,MAP,9.163870793801765,-0.3073824554694731
0.05º,Cape,MAP,81.00578652487862,4.450193839257257
0.05º,Cape,MAP,54.36119948493109,2.685713390844007
0.05º,Cape,MAP,28.1509573665666,0.94999650032909555
0.05º,Cape,MAP,5.50734265645346,-0.5495281640049772
0.05º,Cape,MAP,15.369454937216668,0.10356900253670231
0.05º,Cape,MAP,6.549627280529642,-0.4805051073478454
0.05º,Cape,MAP,16.49839189317491,0.1783304234321719
0.05º,Cape,MAP,18.16059663560656,0.2884063561115999
0.05º,Cape,MAP,24.330573081970215,0.6969997709938286
0.05º,Cape,MAP,6.772866519880889,-0.4657215690417964
0.05º,Cape,MAP,25.481820471492806,0.7732386523491243
0.05º,Cape,MAP,4.62665977007077,-0.607849493284527
0.05º,Cape,MAP,17.740016654685704,0.2605543517920641
0.05º,Cape,MAP,27.654480027563782,0.9171183567708069
0.05º,Cape,MAP,32.16714270320939,1.2159597330519605
0.05º,Cape,MAP,7.046077304416236,-0.4476287726743578
0.05º,Cape,MAP,18.7641355726454,0.328374423646838
0.05º,Cape,MAP,2.774955043086297,-0.7304746547141233
0.05º,Cape,MAP,4.7778516227816334,-0.5978371381420838
0.05º,Cape,MAP,10.954078862696532,-0.1888297779060877
0.05º,Cape,MAP,26.935010227156276,0.8694730172450146
0.05º,Cape,MAP,71.2913983191973,3.8068793817457878
0.05º,Cape,MAP,5.1913333468966885,-0.5704552006069524
0.05º,Cape,MAP,9.300751956892599,-0.2983177949563366
0.05º,Cape,MAP,18.554639934021743,0.3145010257283383
0.05º,Cape,MAP,14.280490828149109,0.031454697421270265
0.05º,Cape,MAP,10.714642512945481,-0.2046859349987742
0.05º,Cape,MAP,14.077269895577135,0.017996828410429683
0.05º,Cape,MAP,9.775917571267959,-0.2668509745073437
0.05º,Cape,MAP,16.768710666232646,0.19623170256193734
0.05º,Cape,MAP,7.53832612214264,-0.41503065383954296
0.05º,Cape,MAP,4.543994526804223,-0.6133238211578943
0.05º,Cape,MAP,12.627561310191217,-0.07800700347389146
0.05º,Cape,MAP,21.313392639160163,0.49719348791308876
0.05º,Cape,MAP,18.134409003787574,0.2866721365395133
0.05º,Cape,MAP,4.8902662300769215,-0.5903927226444368
0.05º,Cape,MAP,6.36002227406442,-0.49306129094819784
0.05º,Cape,MAP,13.349687976601691,-0.030185718713546784
0.05º,Cape,MAP,29.499178084116156,1.0392795165265407
0.05º,Cape,MAP,39.45624749454454,1.6986650146712
0.05º,Cape,MAP,3.8077381746268486,-0.6620808139568187
0.05º,Cape,MAP,16.636379030015732,0.18746832467729588
0.05º,Cape,MAP,35.96808612493821,1.4676690330726472
0.05º,Cape,MAP,21.909688690562305,0.5366819109307785
0.05º,Cape,MAP,7.5919601181407,-0.41147885785310234
0.05º,Cape,MAP,4.491700142148939,-0.6167869042654579
0.05º,Cape,MAP,26.51295367582344,0.8415232302269238
0.05º,Cape,MAP,13.556192939664117,-0.016510371849373085
0.05º,Cape,MAP,22.816656983928915,0.5967439347323404
0.05º,Cape,MAP,6.972436292671862,-0.4525054902316427
0.05º,Cape,MAP,4.326076053437736,-0.6277550031847255
0.05º,Cape,MAP,1.5711713367038271,-0.8101926406166922
0.05º,Cape,MAP,12.294265911902905,-0.10007877410948514
0.05º,Cape,MAP,38.111259177879056,1.6095960572674912
0.05º,Cape,MAP,9.483284184962141,-0.2862299908874975
0.05º,Cape,MAP,30.203071405858182,1.0858933372669544
0.05º,Cape,MAP,15.1364852057563,0.08814108332678555
0.05º,Cape,MAP,48.13131685610171,2.273152817921709
0.05º,Cape,MAP,26.417148872658046,0.8351787632702407
0.05º,Cape,MAP,14.373160468207468,0.03759154494678515
0.05º,Cape,MAP,21.968074692620167,0.5405483982941464
0.05º,Cape,MAP,9.132295867543158,-0.30947343702455865
0.05º,Cape,MAP,70.63515962200398,3.7634213859827557
0.05º,Cape,MAP,37.791752991852945,1.588437447545189
0.05º,Cape,MAP,39.21857899795344,1.682925929850331
0.05º,Cape,MAP,15.557974356192128,0.11605329544128772
0.05º,Cape,MAP,8.488645953896622,-0.3520977676831443
0.05º,Cape,MAP,5.591306568663795,-0.5439678345750145
0.05º,Cape,MAP,2.7713495654824354,-0.7307134197109187
0.05º,Cape,MAP,27.887102480287904,0.9325232781936182
0.05º,Cape,MAP,61.04477371404202,3.1283187138352737
0.05º,Cape,MAP,14.962951424681117,0.07664918204915226
0.05º,Cape,MAP,9.883306550390927,-0.2597393704223021
0.05º,Cape,MAP,5.304435117745101,-0.562965279181496
0.05º,Cape,MAP,9.434836022647813,-0.28943836619603636
0.05º,Cape,MAP,29.548966207622023,1.0425766278819382
0.05º,Cape,MAP,7.329848395453565,-0.4288366427303071
0.05º,Cape,MAP,6.828023934069971,-0.4620688879634314
0.05º,Cape,MAP,11.441481884614904,-0.1565525614724794
0.05º,Cape,MAP,10.483230614367832,-0.2200106900778552
0.05º,Cape,MAP,9.15616560570988,-0.30789271497242937
0.05º,Cape,MAP,67.98734631950474,3.588075647041341
0.05º,Cape,MAP,23.151749128176863,0.6189346910032449
0.05º,Cape,MAP,18.424117641684447,0.3058574677491529
0.05º,Cape,MAP,10.394929673936636,-0.2258582298702248
0.05º,Cape,MAP,7.348077891785427,-0.42762943355818644
0.05º,Cape,MAP,14.885966689498341,0.07155103360149113
0.05º,Cape,MAP,16.216691570517458,0.15967542566862766
0.05º,Cape,MAP,32.09923911389011,1.211462963950179
0.05º,Cape,MAP,31.002662281931194,1.1388445226407484
0.05º,Cape,MAP,38.94350247324248,1.6647095788540758
0.05º,Cape,MAP,30.408362635859753,1.0994883072706325
0.05º,Cape,MAP,3.165274113784597,-0.7046266140649132
0.05º,Cape,MAP,10.65193986304012,-0.20883828307817337
0.05º,Cape,MAP,9.667663786146392,-0.2740198485089319
0.05º,Cape,MAP,9.54229510271991,-0.2823221198264675
0.05º,Cape,MAP,14.60455755539883,0.05291531917367743
0.05º,Cape,MAP,25.032224396128715,0.7434651196059111
0.05º,Cape,MAP,24.96067301432292,0.7387267832952755
0.05º,Cape,MAP,9.405425483797805,-0.29138601585186835
0.05º,Cape,MAP,19.959333984940137,0.4075238669205054
0.05º,Cape,MAP,23.061016567169684,0.6129261223700887
0.05º,Cape,MAP,7.381785216154877,-0.42539723852626316
0.05º,Cape,MAP,21.582902343184863,0.5150411881869287
0.05º,Cape,MAP,14.209955366830977,0.026783638259082643
0.05º,Cape,MAP,13.344118283118727,-0.03055455968074255
0.05º,Cape,MAP,13.325746230137206,-0.03177120936026296
0.05º,Cape,MAP,21.488353540867937,0.5087798971840327
0.05º,Cape,MAP,9.307485910109534,-0.2978718533932717
0.05º,Cape,MAP,6.800847442061815,-0.4638685926739212
0.05º,Cape,MAP,4.802014739425096,-0.5962369877315633
0.05º,Cape,MAP,21.49562732084297,0.509261587612665
0.05º,Cape,MAP,11.138302767718281,-0.176629946170889
0.05º,Cape,MAP,8.97874234046465,-0.31964218897063706
0.05º,Cape,MAP,11.392862447102862,-0.15977227911247235
0.05º,Cape,MAP,19.288526558581694,0.36310108841448824
0.05º,Cape,MAP,54.05238445221431,2.6652627797466044
0.05º,Cape,MAP,14.114169771709141,0.020440443313756166
0.05º,Cape,MAP,12.447495825496711,-0.08993145277014658
0.05º,Cape,MAP,28.0368327388057,0.9424388424053814
0.05º,Cape,MAP,6.806635067786709,-0.4634853196129052
0.05º,Cape,MAP,40.39425134658813,1.7607823015702535
0.05º,Cape,MAP,20.173833305453083,0.42172862290623625
0.05º,Cape,MAP,8.56791432698567,-0.3468483902285997
0.05º,Cape,MAP,16.54565420268495,0.18146026819021935
0.05º,Cape,MAP,40.240989920533735,1.7506328933860147
0.05º,Cape,MAP,15.057906162591634,0.08293735526332568
0.05º,Cape,MAP,6.272753185696065,-0.49884049855783147
0.05º,Cape,MAP,18.130215585967637,0.28639443646691637
0.05º,Cape,MAP,49.320096380916624,2.3518771841828587
0.05º,Cape,MAP,15.362886358190476,0.10313401252360148
0.05º,Cape,MAP,47.25502135261655,2.215122033634686
0.05º,Cape,MAP,11.81845361215098,-0.1315884199061373
0.05º,Cape,MAP,50.81619243857302,2.450952926611331
0.05º,Cape,MAP,12.147012545738695,-0.10983031145439631
0.05º,Cape,MAP,16.09161892643681,0.1513927589198136
0.05º,Cape,MAP,8.867769406165614,-0.32699113277600084
0.05º,Cape,MAP,9.660921120349286,-0.2744663670438726
0.05º,Cape,MAP,6.807796962677486,-0.4634083756236884
0.05º,Cape,MAP,35.32433356767818,1.4250379050616053
0.05º,Cape,MAP,11.287360203118958,-0.16675893822241555
0.05º,Cape,MAP,15.593211892210409,0.1183868254472621
0.05º,Cape,MAP,1.6089221813060608,-0.8076926721573626
0.05º,Cape,MAP,55.23247980188441,2.743412055193599
0.05º,Cape,MAP,10.311513735924235,-0.23138227088794674
0.05º,Cape,MAP,13.895325884406951,0.005947977740147174
0.05º,Cape,MAP,11.348027829770684,-0.1627413551794465
0.05º,Cape,MAP,11.127002645421912,-0.17737827245670187
0.05º,Cape,MAP,10.377343731161988,-0.2270228210926843
0.05º,Cape,MAP,20.826137966579854,0.4649260955952062
0.05º,Cape,MAP,19.522760367687837,0.37861271844671585
0.05º,Cape,MAP,22.64763999279634,0.5855511481503626
0.05º,Cape,MAP,14.026664262936439,0.014645579271525114
0.05º,Cape,MAP,9.750520211678968,-0.2685328600013432
0.05º,Cape,MAP,31.064872317843967,1.1429642484183933
0.05º,Cape,MAP,23.99476760110737,0.6747617755404126
0.05º,Cape,MAP,10.105922275119367,-0.2449971230305988
0.05º,Cape,MAP,29.195929821626642,1.019197552810015
0.05º,Cape,MAP,13.112913767496748,-0.045865581269788014
0.05º,Cape,MAP,24.20416608268832,0.6886287394428015
0.05º,Cape,MAP,10.51322023368177,-0.21802469206424502
0.05º,Cape,MAP,21.075740296163683,0.4814554728292673
0.05º,Cape,MAP,4.066829863048732,-0.6449230243509458
0.05º,Cape,MAP,18.210981538560645,0.29174298790192915
0.05º,Cape,MAP,8.485715136115942,-0.3522918547847428
0.05º,Cape,MAP,23.583388081303355,0.6475190519626917
0.05º,Cape,MAP,11.43368610334985,-0.15706882031340913
0.05º,Cape,MAP,6.328841692135658,-0.49512615789850795
0.05º,Cape,MAP,13.984470673549323,0.01185139959779541
0.05º,Cape,MAP,19.877593994140625,0.4021108119010007
0.05º,Cape,MAP,4.011737069965881,-0.6485714260355889
0.05º,Cape,MAP,26.20356124124409,0.8210343819335064
0.05º,Cape,MAP,9.636628892686632,-0.2760750675538446
0.05º,Cape,MAP,16.756179574095185,0.19540185794694423
0.05º,Cape,MAP,3.382363543098355,-0.6902503336967087
0.05º,Cape,MAP,15.382306558114514,0.10442007347920447
0.05º,Cape,MAP,0,-0.9142400818686349
0.05º,Cape,MAP,5.531354268391927,-0.5479380466675687
0.05º,Cape,MAP,28.74866758746865,0.9895785736791993
0.05º,Cape,MAP,10.358083465952935,-0.22829829071590174
0.05º,Cape,MAP,15.508403448410983,0.11277056872990011
0.05º,Cape,MAP,20.904869806198835,0.47013994227509737
0.05º,Cape,MAP,9.410934165672025,-0.29102121524718955
0.05º,Cape,MAP,32.46438614527385,1.2356440404557663
0.05º,Cape,MAP,13.470009156215339,-0.022217707475842216
0.05º,Cape,MAP,53.01479005224912,2.5965503230897697
0.05º,Cape,MAP,105.80874892811717,6.092716658531153
0.05º,Cape,MAP,8.15286989565249,-0.3743338146869416
0.05º,Cape,MAP,19.468714513896426,0.3750336480640609
0.05º,Cape,MAP,51.20412120112667,2.476642674246632
0.05º,Cape,MAP,58.17349695276332,2.9381745881386063
0.05º,Cape,MAP,19.04564054512683,0.34701648476528907
0.05º,Cape,MAP,25.433439655068483,0.7700347368772499
0.05º,Cape,MAP,16.065225558810788,0.1496449149365657
0.05º,Cape,MAP,8.777346198941453,-0.3329792151204801
0.05º,Cape,MAP,32.83172918249059,1.2599705427227332
0.05º,Cape,MAP,27.642874964961305,0.9163498364693294
0.05º,Cape,MAP,5.214501510431742,-0.5689209388253021
0.05º,Cape,MAP,6.353817880889513,-0.49347216353687706
0.05º,Cape,MAP,8.443906242464806,-0.3550605588110659
0.05º,Cape,MAP,12.640052795410156,-0.0771797817418595
0.05º,Cape,MAP,11.371319052613805,-0.16119894405989316
0.05º,Cape,MAP,61.77502874680508,3.176678282168382
0.05º,Cape,MAP,15.928708579805164,0.1406043717308963
0.05º,Cape,MAP,12.913810918360607,-0.05905073906553013
0.05º,Cape,MAP,105.82587235062209,6.093850620343906
0.05º,Cape,MAP,15.844269034303267,0.13501254450956915
0.05º,Cape,MAP,30.70052973429362,1.118836444739728
0.05º,Cape,MAP,20.173828219190074,0.42172828607941204
0.05º,Cape,MAP,21.201202251293044,0.48976392086464327
0.05º,Cape,MAP,12.77896125228317,-0.06798086805990927
0.05º,Cape,MAP,18.09489845935209,0.2840556357448847
0.05º,Cape,MAP,17.266013722360874,0.22916452746024896
0.05º,Cape,MAP,40.61555254900897,1.775437497550453
0.05º,Cape,MAP,10.774478300118147,-0.2007234387355259
0.05º,Cape,MAP,8.632598089793378,-0.3425648472097913
0.05º,Cape,MAP,33.952527976330416,1.3341930313419232
0.05º,Cape,MAP,21.5964717629515,0.5159397938151055
0.05º,Cape,MAP,30.103024047098035,1.0792679161942615
0.05º,Cape,MAP,6.816864908477407,-0.46280787042361743
0.05º,Cape,MAP,19.70211047890747,0.3904897936737901
0.05º,Cape,MAP,6.970573990433309,-0.45262881719047443
0.05º,Cape,MAP,11.073483855636036,-0.18092243915961742
0.05º,Cape,MAP,36.054286250361685,1.4733774509112294
0.05º,Cape,MAP,30.433427575193814,1.1011481789484825
0.05º,Cape,MAP,70.44483741124472,3.750817707071162
0.05º,Cape,MAP,4.204282595787526,-0.6358205128676584
0.05º,Cape,MAP,24.45369776973019,0.7051534385265152
0.05º,Cape,MAP,21.07441499498155,0.4813677076099892
0.05º,Cape,MAP,9.491809232735342,-0.28566543794115046
0.05º,Cape,MAP,14.027321709526916,0.01468911725742196
0.05º,Cape,MAP,42.23533385476948,1.882704029414305
0.05º,Cape,MAP,31.332230414873287,1.1606694631483467
0.05º,Cape,MAP,32.13121173999928,1.21358028232218
0.05º,Cape,MAP,20.88110313886478,0.46856604586709494
0.05º,Cape,MAP,43.60799794138212,1.973605755135771
0.05º,Cape,MAP,19.24651240125114,0.3603187912426397
0.05º,Cape,MAP,5.786132718309943,-0.5310658920012804
0.05º,Cape,MAP,9.052010218302408,-0.31479018140348547
0.05º,Cape,MAP,59.163121117485886,3.003710319178921
0.05º,Cape,MAP,5.625978422753608,-0.5416717656376356
0.05º,Cape,MAP,13.980972666799296,0.011619751627061766
0.05º,Cape,MAP,17.519919501410588,0.2459788913759164
0.05º,Cape,MAP,5.96359229382173,-0.5193140134337949
0.05º,Cape,MAP,11.588935098530335,-0.14678778964023456
0.05º,Cape,MAP,27.767957428355277,0.9246331534810411
0.05º,Cape,MAP,15.092259489459751,0.08521233042078877
0.05º,Cape,MAP,51.845101674397796,2.5190902269599054
0.05º,Cape,MAP,7.094651728500556,-0.4444120359517651
0.05º,Cape,MAP,14.53525595017421,0.04832596947652647
0.05º,Cape,MAP,8.594677112720623,-0.34507608232592524
0.05º,Cape,MAP,9.827461431055886,-0.2634375932942967
0.05º,Cape,MAP,6.736683810198751,-0.4681176911400307
0.05º,Cape,MAP,10.345616093388324,-0.22912391563928144
0.05º,Cape,MAP,13.51610913688754,-0.019164835444221952
0.05º,Cape,MAP,52.77314385308161,2.5805478234741748
0.05º,Cape,MAP,4.98507885874053,-0.5841139603093787
0.05º,Cape,MAP,7.6454783074649795,-0.40793473091446414
0.05º,Cape,MAP,72.29190619197891,3.873135862935003
0.05º,Cape,MAP,25.240731368830176,0.75727304525092
0.05º,Cape,MAP,5.847948922051324,-0.5269722469118194
0.05º,Cape,MAP,41.22980235535421,1.816114869360076
0.05º,Cape,MAP,25.625791761610248,0.7827728412695301
0.05º,Cape,MAP,91.4764690634645,5.143592261727729
0.05º,Cape,MAP,34.9424543969425,1.39974877862819
0.05º,Cape,MAP,91.68581041877651,5.15745544256587
0.05º,Cape,MAP,7.880784564548069,-0.39235208032243485
0.05º,Cape,MAP,13.56159035953475,-0.016152939331491305
0.05º,Cape,MAP,31.336426746698073,1.160947356194645
0.05º,Cape,MAP,10.785356804176615,-0.20000303321036716
0.05º,Cape,MAP,5.0756009890709395,-0.5781193269950303
0.05º,Cape,MAP,17.334096767284255,0.23367318062329615
0.05º,Cape,MAP,85.05247685938706,4.718177199829434
0.05º,Cape,MAP,28.763105698573717,0.9905347065221936
0.05º,Cape,MAP,17.367891241002972,0.23591114693336476
0.05º,Cape,MAP,38.80817592291185,1.6557478692260896
0.05º,Cape,MAP,13.195733152789842,-0.04038104567236349
0.05º,Cape,MAP,9.268669410988135,-0.30044239253027816
0.05º,Cape,MAP,36.41145786238305,1.4970303724294
0.05º,Cape,MAP,75.8517989170404,4.108882099211891
0.05º,Cape,MAP,21.188552997730387,0.4889262512635019
0.05º,Cape,MAP,20.156300297489892,0.4205675371777713
0.05º,Cape,MAP,5.781206531289184,-0.5313921181375806
0.05º,Cape,MAP,13.786392141271522,-0.0012659250179161523
0.05º,Cape,MAP,12.718697441948795,-0.07197170923611007
0.05º,Cape,MAP,4.65764123422128,-0.6057978124806612
0.05º,Cape,MAP,6.5878692674048125,-0.47797261404822894
0.05º,Cape,MAP,13.133407686963494,-0.04450841554767664
0.05º,Cape,MAP,67.08644932876399,3.5284156821932045
0.05º,Cape,MAP,72.3154655335442,3.8746960296400497
0.05º,Cape,MAP,14.041454456470635,0.015625028015850213
0.05º,SWA,MAP,4.397625723002863,-0.623016780263544
0.05º,SWA,MAP,14.091972916214552,0.018970504317226113
0.05º,SWA,MAP,1.196296220944248,-0.8350179385791909
0.05º,SWA,MAP,4.516222070764617,-0.615162992304095
0.05º,SWA,MAP,1.972074202549297,-0.7836437109058805
0.05º,SWA,MAP,5.18066462764034,-0.5711617135849623
0.05º,SWA,MAP,8.464726954330622,-0.3536817519654504
0.05º,SWA,MAP,9.659701877170127,-0.2745471088000973
0.05º,SWA,MAP,1.572494742311076,-0.8101050009277824
0.05º,SWA,MAP,21.10072571554301,0.4831100784692095
0.05º,SWA,MAP,9.861390855577298,-0.2611906901576789
0.05º,SWA,MAP,1.3323308214729208,-0.8260093398502755
0.05º,SWA,MAP,4.094893090518907,-0.6430645974923775
0.05º,SWA,MAP,10.18001226731288,-0.2400906727090928
0.05º,SWA,MAP,1.9857327496563926,-0.7827392030113476
0.05º,SWA,MAP,1.9749833095220752,-0.7834510615558224
0.05º,SWA,MAP,9.000264014726806,-0.3182169623985098
0.05º,SWA,MAP,2.4735412126705936,-0.7504351371135122
0.05º,SWA,MAP,1.6678876994568743,-0.8037878075876218
0.05º,SWA,MAP,7.771171475634168,-0.3996109712930018
0.05º,SWA,MAP,7.156841560646342,-0.4402936481251187
0.05º,SWA,MAP,4.763402915295255,-0.5987939727076311
0.05º,SWA,MAP,1.711516009436707,-0.8008986166295743
0.05º,SWA,MAP,16.996574119285306,0.2113214694709365
0.05º,SWA,MAP,6.146824683672126,-0.507179842657482
0.05º,SWA,MAP,4.075982694272644,-0.64431689779631
0.05º,SWA,MAP,2.620587148784119,-0.7406973363774025
0.05º,SWA,MAP,1.686633498580357,-0.8025464073739996
0.05º,SWA,MAP,1.4737813502182273,-0.8166420829280867
0.05º,SWA,MAP,4.198138861008633,-0.6362273684845736
0.05º,SWA,MAP,11.580345247998643,-0.14735663400983348
0.05º,SWA,MAP,2.854426584126047,-0.7252118228991783
0.05º,SWA,MAP,1.0705114293981397,-0.8433477657616535
0.05º,SWA,MAP,5.166461332344732,-0.572102296256203
0.05º,SWA,MAP,3.9829145831826307,-0.6504801332085486
0.05º,SWA,MAP,2.86752380559474,-0.7243444875873043
0.05º,SWA,MAP,6.558598742072964,-0.4799109916100729
0.05º,SWA,MAP,18.722791695300444,0.3256365143248658
0.05º,SWA,MAP,26.476669311523438,0.8391203762703409
0.05º,SWA,MAP,5.489054738739387,-0.5507392420074357
0.05º,SWA,MAP,3.3965901975278427,-0.6893082041170862
0.05º,SWA,MAP,3.319476845823696,-0.6944148699171446
0.05º,SWA,MAP,1.3368708292643166,-0.8257086876025393
0.05º,SWA,MAP,5.595487900722187,-0.5436909348559723
0.05º,SWA,MAP,2.2402426637249215,-0.7658848315539118
0.05º,SWA,MAP,1.5425327913260896,-0.8120891666658389
0.05º,SWA,MAP,2.1099751319414333,-0.7745115185635623
0.05º,SWA,MAP,5.645371566584079,-0.5403874964136155
0.05º,SWA,MAP,5.131949860372661,-0.5743877442329114
0.05º,SWA,MAP,2.4876808166503905,-0.7494987722626232
0.05º,SWA,MAP,7.455144905749655,-0.4205391509230445
0.05º,SWA,MAP,1.9496302192593855,-0.7851300154089373
0.05º,SWA,MAP,3.4964571823308574,-0.6826947279216131
0.05º,SWA,MAP,5.190609731791931,-0.5705031204603397
0.05º,SWA,MAP,13.476306303047838,-0.021800692475757028
0.05º,SWA,MAP,6.400513024977695,-0.4903798780885829
0.05º,SWA,MAP,1.8573641835907386,-0.7912401351021358
0.05º,SWA,MAP,1.686555415024006,-0.8025515782895148
0.05º,SWA,MAP,1.839554492338209,-0.7924195435861273
0.05º,SWA,MAP,36.974486268596884,1.534315717222927
0.05º,SWA,MAP,17.222629500024127,0.22629150068118745
0.05º,SWA,MAP,3.3182534641689756,-0.6944958857350091
0.05º,SWA,MAP,4.259798591519585,-0.6321440854981312
0.05º,SWA,MAP,4.49124371563946,-0.6168171301290041
0.05º,SWA,MAP,11.522369949905965,-0.15119592338677487
0.05º,SWA,MAP,4.3170670403374505,-0.6283516056935623
0.05º,SWA,MAP,5.571612793722263,-0.5452720124475289
0.05º,SWA,MAP,2.6986843627176236,-0.735525516418076
0.05º,SWA,MAP,7.322105690285001,-0.42934938672094486
0.05º,SWA,MAP,7.5796766869815935,-0.41229230165266956
0.05º,SWA,MAP,3.31968236852575,-0.6944012596184023
0.05º,SWA,MAP,2.898144568926006,-0.7223166934191115
0.05º,SWA,MAP,5.397632080831638,-0.5567935108230245
0.05º,SWA,MAP,2.7476850439001117,-0.7322805517362888
0.05º,SWA,MAP,25.88716756561655,0.8000818915154941
0.05º,SWA,MAP,3.774347187560276,-0.6642920602314881
0.05º,SWA,MAP,2.307897779676649,-0.7614045170662833
0.05º,SWA,MAP,11.384996013876824,-0.16029321672750396
0.05º,SWA,MAP,5.093930232672032,-0.5769055122746203
0.05º,SWA,MAP,4.623570571711046,-0.6080540687992021
0.05º,SWA,MAP,44.03465741946374,2.0018603610741748
0.05º,SWA,MAP,11.897403952516141,-0.12636010348445512
0.05º,SWA,MAP,8.35655353687428,-0.36084530379132757
0.05º,SWA,MAP,6.086216538040718,-0.5111934866978594
0.05º,SWA,MAP,3.392716483464316,-0.6895647324962871
0.05º,SWA,MAP,12.264462035379292,-0.1020524717064489
0.05º,SWA,MAP,9.325785789960694,-0.29665998322402226
0.05º,SWA,MAP,2.57859095820674,-0.7434784437396793
0.05º,SWA,MAP,8.645113344545722,-0.341736051391552
0.05º,SWA,MAP,8.608133669252766,-0.3441849508226171
0.05º,SWA,MAP,6.336703924485196,-0.494605498477484
0.05º,SWA,MAP,1.7104765876891048,-0.8009674500983968
0.05º,SWA,MAP,2.713616053263351,-0.7345366973386062
0.05º,SWA,MAP,2.328138563368057,-0.7600641147162486
0.05º,SWA,MAP,4.897214865978842,-0.5899325641824685
0.05º,SWA,MAP,23.527757903675983,0.6438350631428205
0.05º,SWA,MAP,5.195684786196131,-0.570167035901873
0.05º,SWA,MAP,5.755202823215067,-0.5331141577553924
0.05º,SWA,MAP,5.257689205216776,-0.5660609266605056
0.05º,SWA,MAP,4.436218497193901,-0.6204610568286857
0.05º,SWA,MAP,29.096142239040788,1.0125893348555322
0.05º,SWA,MAP,2.5675045060522734,-0.7442126201800758
0.05º,SWA,MAP,3.862107736093031,-0.6584803067298894
0.05º,SWA,MAP,2.5061426044982165,-0.7482761800846548
0.05º,SWA,MAP,0.7915251932026371,-0.8618230289888645
0.05º,SWA,MAP,37.18484581841364,1.5482463258014043
0.05º,SWA,MAP,2.1974649782534232,-0.7687176917340927
0.05º,SWA,MAP,4.231276052969467,-0.6340329292447181
0.05º,SWA,MAP,4.494640114866659,-0.6165922108978517
0.05º,SWA,MAP,4.280223846435553,-0.6307914669381569
0.05º,SWA,MAP,18.772869722342776,0.3289528239182112
0.05º,SWA,MAP,6.4416519918559505,-0.4876555385213841
0.05º,SWA,MAP,23.712358639564034,0.6560598496913533
0.05º,SWA,MAP,1.1199188232421937,-0.8400758674089344
0.05º,SWA,MAP,6.443934405291518,-0.48750439060243844
0.05º,SWA,MAP,1.9656240675184398,-0.7840708572202335
0.05º,SWA,MAP,8.593747503963503,-0.34513764366572586
0.05º,SWA,MAP,5.9107995680820915,-0.5228100981074426
0.05º,SWA,MAP,5.815928070633494,-0.5290927589011251
0.05º,SWA,MAP,4.0689773088620065,-0.6447808143723911
0.05º,SWA,MAP,7.314357192428013,-0.42986251431991007
0.05º,SWA,MAP,2.7144926565664806,-0.7344786461709499
0.05º,SWA,MAP,5.240235858493368,-0.5672167369947645
0.05º,SWA,MAP,1.1319292798454323,-0.8392805007619994
0.05º,SWA,MAP,5.586768350483453,-0.5442683683096091
0.05º,SWA,MAP,4.323254102542068,-0.6279418808111014
0.05º,SWA,MAP,2.599356097939575,-0.7421033170390018
0.05º,SWA,MAP,3.590516643759637,-0.676465842466172
0.05º,SWA,MAP,6.947288466088562,-0.4541708509392338
0.05º,SWA,MAP,7.021879596474731,-0.44923121381916464
0.05º,SWA,MAP,2.6342097152898543,-0.7397952112207791
0.05º,SWA,MAP,32.938953164183054,1.267071220207947
0.05º,SWA,MAP,8.228508654935885,-0.36932480059722467
0.05º,SWA,MAP,13.067996366524406,-0.04884013950521529
0.05º,SWA,MAP,3.3929357646424148,-0.6895502110720714
0.05º,SWA,MAP,8.305526639208388,-0.36422445030013484
0.05º,SWA,MAP,56.48293389214411,2.826220686852766
0.05º,SWA,MAP,7.433305057478536,-0.42198544788433434
0.05º,SWA,MAP,24.678986443413617,0.7200726962116643
0.05º,SWA,MAP,32.77688843526956,1.2563388322329891
0.05º,SWA,MAP,30.73823462592229,1.1213333700622554
0.05º,SWA,MAP,1.7533275462963016,-0.7981297375624582
0.05º,SWA,MAP,1.5837476753894117,-0.8093597996464018
0.05º,SWA,MAP,2.2911051526481794,-0.7625165726603448
0.05º,SWA,MAP,6.286131729314352,-0.4979545332918914
0.05º,SWA,MAP,8.035341521840033,-0.38211687836944375
0.05º,SWA,MAP,6.067096898585185,-0.5124596436831194
0.05º,SWA,MAP,26.3417575035566,0.8301861320630403
0.05º,SWA,MAP,2.028327141279059,-0.7799184810719318
0.05º,SWA,MAP,4.161998466209139,-0.6386206883707493
0.05º,SWA,MAP,5.626755325882527,-0.5416203168995023
0.05º,SWA,MAP,3.183068169487844,-0.7034482410115316
0.05º,SWA,MAP,50.35396698374805,2.420343040386606
0.05º,SWA,MAP,20.25915791075906,0.4273790613088001
0.05º,SWA,MAP,3.0256755028241917,-0.7138712317163703
0.05º,SWA,MAP,4.50069903150017,-0.6161909721801202
0.05º,SWA,MAP,2.5305447990511616,-0.7466601972539771
0.05º,SWA,MAP,3.3291341993543773,-0.6937753324582696
0.05º,SWA,MAP,5.906664699978296,-0.5230839208510633
0.05º,SWA,MAP,4.74367259461204,-0.600100570743257
0.05º,SWA,MAP,4.48911549132548,-0.6169580672051249
0.05º,SWA,MAP,7.982847788977234,-0.38559316288313383
0.05º,SWA,MAP,1.8626161269199695,-0.7908923364552022
0.05º,SWA,MAP,4.734225426191169,-0.6007261891454675
0.05º,SWA,MAP,14.802706777313619,0.0660373250585031
0.05º,SWA,MAP,11.040495413321032,-0.18310702777422658
0.05º,SWA,MAP,5.907979376522115,-0.5229968592255977
0.05º,SWA,MAP,1.8450083320523543,-0.7920583747855016
0.05º,SWA,MAP,1.1373013390435271,-0.8389247477000906
0.05º,SWA,MAP,1.5050479465061017,-0.8145715198619123
0.05º,SWA,MAP,13.028291961293121,-0.051469478313936334
0.05º,SWA,MAP,12.7833679575979,-0.06768904348187761
0.05º,SWA,MAP,2.6018036265432065,-0.7419412347233117
0.05º,SWA,MAP,8.516287909613716,-0.3502672386400185
0.05º,SWA,MAP,3.9417310644079055,-0.6532074231292335
0.05º,SWA,MAP,5.627670617751132,-0.5415597036648395
0.05º,SWA,MAP,4.917860243055562,-0.5885653685060119
0.05º,SWA,MAP,7.417498270670573,-0.4230322183309197
0.05º,SWA,MAP,3.3957458307713626,-0.6893641204888005
0.05º,SWA,MAP,4.8870450125800105,-0.5906060408424206
0.05º,SWA,MAP,10.570706591194059,-0.21421778172523878
0.05º,SWA,MAP,11.566515793035055,-0.14827245990943844
0.05º,SWA,MAP,3.111305236816394,-0.7082005868230741
0.05º,SWA,MAP,2.0418293799883083,-0.7790243243647343
0.05º,SWA,MAP,6.340371732358575,-0.49436260579269925
0.05º,SWA,MAP,4.386381832169901,-0.6237613827416799
0.05º,SWA,MAP,1.1329956525637814,-0.8392098825231268
0.05º,SWA,MAP,1.931730670693494,-0.7863153745001699
0.05º,SWA,MAP,2.3873865574966167,-0.7561405437826548
0.05º,SWA,MAP,4.020290798611124,-0.6480049737602005
0.05º,SWA,MAP,9.067912584469658,-0.31373708141947926
0.05º,SWA,MAP,13.246933171778544,-0.03699043457643977
0.05º,SWA,MAP,2.1878165668911365,-0.7693566370171055
0.05º,SWA,MAP,15.53465044939959,0.11450871989750677
0.05º,SWA,MAP,2.43038954558196,-0.7532927634216315
0.05º,SWA,MAP,8.572238404073833,-0.3465620375270902
0.05º,SWA,MAP,4.337909557201247,-0.626971354858871
0.05º,SWA,MAP,4.6857849403664,-0.6039340560950022
0.05º,SWA,MAP,4.273176876115207,-0.6312581373854097
0.05º,SWA,MAP,4.151508048728664,-0.6393153936972847
0.05º,SWA,MAP,20.874977017626367,0.46816035666900063
0.05º,SWA,MAP,6.932100413758077,-0.45517664702631294
0.05º,SWA,MAP,3.4219251562047868,-0.6876304509892256
0.05º,SWA,MAP,1.8428409246750828,-0.7922019066756828
0.05º,SWA,MAP,1.4521428331916708,-0.8180750471608884
0.05º,SWA,MAP,17.223383208851757,0.22634141342662265
0.05º,SWA,MAP,4.872728842276132,-0.591554098418223
0.05º,SWA,MAP,32.20737560884451,1.2186240706628073
0.05º,SWA,MAP,5.942689683702245,-0.5206982438150479
0.05º,SWA,MAP,11.623594966935526,-0.14449251442903144
0.05º,SWA,MAP,3.6705136711214865,-0.6711682114501786
0.05º,SWA,MAP,0.7350313163098008,-0.8655642144342619
0.05º,SWA,MAP,1.9098929887936658,-0.7877615279981822
0.05º,SWA,MAP,4.3634843237606,-0.6252777209699668
0.05º,SWA,MAP,27.499637179904514,0.9068642223433608
0.05º,SWA,MAP,6.061857152868204,-0.5128066345694261
0.05º,SWA,MAP,3.6791912125952613,-0.6705935599366154
0.05º,SWA,MAP,6.837923968279799,-0.4614132794987299
0.05º,SWA,MAP,6.233922228401095,-0.5014119951562745
0.05º,SWA,MAP,4.8790373625578685,-0.5911363302359331
0.05º,SWA,MAP,7.598312566309801,-0.41105818064098676
0.05º,SWA,MAP,5.198113241313416,-0.5700062166867781
0.05º,SWA,MAP,10.334718492296012,-0.22984558582441744
0.05º,SWA,MAP,3.065795239107116,-0.711214388502378
0.05º,SWA,MAP,9.702071390034247,-0.27174127897261874
0.05º,SWA,MAP,2.909652851246013,-0.7215545821836089
0.05º,SWA,MAP,3.820103209695699,-0.6612619661139072
0.05º,SWA,MAP,10.826323709370165,-0.19729008805803128
0.05º,SWA,MAP,25.399127442159756,0.767762484403287
0.05º,SWA,MAP,2.4319406203281853,-0.7531900468338445
0.05º,SWA,MAP,3.2604631494592695,-0.698322924985422
0.05º,SWA,MAP,23.317862805025065,0.6299352118434909
0.05º,SWA,MAP,6.483706250602817,-0.4848705857195221
0.05º,SWA,MAP,1.3515374925401475,-0.8247374193837876
0.05º,SWA,MAP,5.82382748450761,-0.5285696372136355
0.05º,SWA,MAP,2.3317885222258306,-0.7598224040441185
0.05º,SWA,MAP,4.097214027687357,-0.6429108984221091
0.05º,SWA,MAP,25.092334511839276,0.7474457826863381
0.05º,SWA,MAP,14.137709064248181,0.021999282315176737
0.05º,SWA,MAP,23.115726047092096,0.6165491399654157
0.05º,SWA,MAP,2.044008278552395,-0.7788800314954305
0.05º,SWA,MAP,7.658381238395773,-0.40708026207542836
0.05º,SWA,MAP,21.08006606867284,0.4817419378063842
0.05º,SWA,MAP,2.2743998868965796,-0.7636228429418114
0.05º,SWA,MAP,4.449227980625482,-0.619599531779543
0.05º,SWA,MAP,24.936012173876357,0.7370936721967937
0.05º,SWA,MAP,16.6089260901934,0.1856503128051154
0.05º,SWA,MAP,3.389152903615689,-0.689800722904389
0.05º,SWA,MAP,2.0806470329378928,-0.7764537088179388
0.05º,SWA,MAP,4.590102301703553,-0.6102704329703524
0.05º,SWA,MAP,13.97930578537926,0.011509365991470311
0.05º,SWA,MAP,1.7998260686426748,-0.7950504729659653
0.05º,SWA,MAP,7.9195783638659805,-0.3897830444310737
0.05º,SWA,MAP,1.2224693769290222,-0.8332846776380789
0.05º,SWA,MAP,4.274977554509665,-0.6311388913330639
0.05º,SWA,MAP,1.8408743775921215,-0.7923321370250429
0.05º,SWA,MAP,4.702212486738044,-0.6028461771819339
0.05º,SWA,MAP,2.0175009227934475,-0.7806354240975255
0.05º,SWA,MAP,2.6576339344919373,-0.7382439927035075
0.05º,SWA,MAP,9.618402551721639,-0.27728206776858344
0.05º,SWA,MAP,23.241105633017483,0.6248521332774836
0.05º,SWA,MAP,5.131086749795044,-0.5744449018738514
0.05º,SWA,MAP,15.313317946445794,0.09985145110685824
0.05º,SWA,MAP,1.4628021334424375,-0.8173691579362573
0.05º,SWA,MAP,3.1910341992790325,-0.7029207078282642
0.05º,SWA,MAP,2.788826459719802,-0.7295560499932126
0.05º,SWA,MAP,20.69536402196061,0.4562658724851022
0.05º,SWA,MAP,8.466661900649846,-0.3535536143086767
0.05º,SWA,MAP,1.778485098002872,-0.796463732829503
0.05º,SWA,MAP,2.991989229932244,-0.7161020326594902
0.05º,SWA,MAP,13.347959071029853,-0.030300211765140604
0.05º,SWA,MAP,6.938159612961739,-0.45477538959598107
0.05º,SWA,MAP,10.364356523678635,-0.22788287096508444
0.05º,SWA,MAP,11.272845327118294,-0.16772015465545376
0.05º,SWA,MAP,4.1204607928240575,-0.6413714314185085
0.05º,SWA,MAP,6.346533645818258,-0.4939545463317616
0.05º,SWA,MAP,3.7989533977744006,-0.6626625669026076
0.05º,SWA,MAP,6.486535154742954,-0.4846832476294919
0.05º,SWA,MAP,2.4563987166793217,-0.7515703620268596
0.05º,SWA,MAP,6.213356102837468,-0.5027739425717936
0.05º,SWA,MAP,2.0632216559516108,-0.7776076669165359
0.05º,SWA,MAP,2.501962355625475,-0.7485530080720577
0.05º,SWA,MAP,7.752665437298055,-0.40083649386434816
0.05º,SWA,MAP,1.9947939743230387,-0.7821391429038667
0.05º,SWA,MAP,3.2372985180513374,-0.6998569528595533
0.05º,SWA,MAP,3.6862890455457897,-0.6701235212211145
0.05º,SWA,MAP,3.6789090191876426,-0.6706122475878696
0.05º,SWA,MAP,11.92707532717855,-0.1243951805381595
0.05º,SWA,MAP,15.5127303512008,0.11305710855742193
0.05º,SWA,MAP,6.349719012225118,-0.49374360229507946
0.05º,SWA,MAP,2.5302102830674915,-0.7466823498552535
0.05º,SWA,MAP,5.492389066719732,-0.5505184333110542
0.05º,SWA,MAP,11.172099643283396,-0.17439182080371057
0.05º,SWA,MAP,21.85893588595921,0.5333209156453181
0.05º,SWA,MAP,2.6058897324550307,-0.7416706411509381
0.05º,SWA,MAP,8.74862303557219,-0.33488134481405196
0.05º,SWA,MAP,3.7574558964482017,-0.6654106496422013
0.05º,SWA,MAP,2.6474766672393395,-0.7389166358730056
0.05º,SWA,MAP,5.988912229184747,-0.5176372551925751
0.05º,SWA,MAP,6.676983020923767,-0.4720712474579655
0.05º,SWA,MAP,5.648466887297458,-0.5401825154592423
0.05º,SWA,MAP,9.682177543640108,-0.2730587061466097
0.05º,SWA,MAP,6.138365286367913,-0.5077400480427733
0.05º,SWA,MAP,10.928085515528563,-0.19055113139518232
0.05º,SWA,MAP,5.814918518066406,-0.5291596143477343
0.05º,SWA,MAP,3.2804596983356067,-0.6969986965605215
0.05º,SWA,MAP,4.617932260772325,-0.6084274538097685
0.05º,SWA,MAP,0.9141663916317005,-0.8537013794968452
0.05º,SWA,MAP,8.3347930908203125,-0.36228634251162795
0.05º,SWA,MAP,1.4617446145893622,-0.8174391898469521
0.05º,SWA,MAP,2.080446078453532,-0.7764670165962934
0.05º,SWA,MAP,18.281897745014717,0.2964392610915359
0.05º,SWA,MAP,12.915678377504706,-0.05892707060172419
0.05º,SWA,MAP,3.278653745298028,-0.6971182919147592
0.05º,SWA,MAP,3.959897971447592,-0.6520043587983205
0.05º,SWA,MAP,4.690038563292692,-0.6036523690687737
0.05º,SWA,MAP,5.279157144052034,-0.5646392586014077
0.05º,SWA,MAP,5.130286087224515,-0.5744979240298846
0.05º,SWA,MAP,15.615410510404596,0.11985688117478036
0.05º,SWA,MAP,1.354095600269463,-0.8245680142034204
0.05º,SWA,MAP,13.737850989824475,-0.004480458331694611
0.05º,SWA,MAP,2.431084809479886,-0.7532467210659164
0.05º,SWA,MAP,36.077241308895154,1.4748976002726648
0.05º,SWA,MAP,2.667778533182027,-0.737572188482304
0.05º,SWA,MAP,0.8944851910626489,-0.8550047246585971
0.05º,SWA,MAP,8.353977721414456,-0.36101588162804793
0.05º,SWA,MAP,3.6535171697169186,-0.6722937681861425
0.05º,SWA,MAP,2.3105991975760642,-0.7612256214782465
0.05º,SWA,MAP,1.8106409237708634,-0.7943342824542677
0.05º,SWA,MAP,3.554188952033902,-0.6788715656883012
0.05º,SWA,MAP,2.685937481161981,-0.7363696512229971
0.05º,SWA,MAP,7.825832225658271,-0.3959911807303434
0.05º,SWA,MAP,1.3540235448766553,-0.8245727859167752
0.05º,SWA,MAP,8.774443920747736,-0.3331714122493376
0.05º,SWA,MAP,12.142085040057143,-0.1101566249161703
0.05º,SWA,MAP,1.3750523225760705,-0.8231802003590026
0.05º,SWA,MAP,4.811532399011035,-0.5956067012036144
0.05º,SWA,MAP,14.316478211202744,0.03383788443379539
0.05º,SWA,MAP,15.478757222493496,0.11080731120512705
0.05º,SWA,MAP,4.999040862660347,-0.5831893566403387
0.05º,SWA,MAP,5.6747181739336146,-0.5384440804838477
0.05º,SWA,MAP,11.93629238929278,-0.12378480043101106
0.05º,SWA,MAP,4.864186699007771,-0.5921197834769545
0.05º,SWA,MAP,3.9779361677758454,-0.6508098180573392
0.05º,SWA,MAP,12.600256649064427,-0.07981519590849503
0.05º,SWA,MAP,7.048879552770548,-0.44744319980639147
0.05º,SWA,MAP,2.685794759679728,-0.7363791026460806
0.05º,SWA,MAP,2.3346883985731335,-0.759630365972372
0.05º,SWA,MAP,2.6075005236967095,-0.7415639699667251
0.05º,SWA,MAP,2.599394150722181,-0.7421007970753478
0.05º,SWA,MAP,3.2641589317792636,-0.6980781797530998
0.05º,SWA,MAP,3.092403035105014,-0.709452344461565
0.05º,SWA,MAP,12.661756350670316,-0.07574251049197321
0.05º,SWA,MAP,4.431328055299357,-0.6207849158209113
0.05º,SWA,MAP,1.1381510628594285,-0.8388684765686424
0.05º,SWA,MAP,7.092389236261839,-0.4445618646323116
0.05º,SWA,MAP,6.119356885368429,-0.5089988385006213
0.05º,SWA,MAP,12.298109454873181,-0.09982424374601877
0.05º,SWA,MAP,1.8775142622582797,-0.7899057394971464
0.05º,SWA,MAP,7.203119536976747,-0.43722898871400806
0.05º,SWA,MAP,2.425087257667807,-0.7536438960303807
0.05º,SWA,MAP,0.9047503530243325,-0.8543249363941353
0.05º,SWA,MAP,1.5195280004430616,-0.8136126094451199
0.05º,SWA,MAP,11.770827305169759,-0.13474236961353944
0.05º,SWA,MAP,17.12027354299285,0.21951319765515312
0.05º,SWA,MAP,43.50541555145638,1.966812457078492
0.05º,SWA,MAP,9.930847638919033,-0.2565910641236021
0.05º,SWA,MAP,5.166869552047166,-0.5720752627847319
0.05º,SWA,MAP,1.8121438673984913,-0.7942347532462511
0.05º,SWA,MAP,2.360646000614875,-0.7579113796273529
0.05º,SWA,MAP,10.586651649004137,-0.21316185457904124
0.05º,SWA,MAP,12.569080588258348,-0.08187976345718304
0.05º,SWA,MAP,3.152434455023859,-0.7054768928406232
0.05º,SWA,MAP,2.1156716994297287,-0.7741342756383447
0.05º,SWA,MAP,1.3127887867115173,-0.8273034690558441
0.05º,SWA,MAP,7.105681996286642,-0.44368158020027865
0.05º,SWA,MAP,4.479329568368415,-0.6176061188976331
0.05º,SWA,MAP,2.2333910435806135,-0.7663385653560705
0.05º,SWA,MAP,28.808298935124906,0.9935275313753441
0.05º,SWA,MAP,2.3429249422049767,-0.7590849185920429
0.05º,SWA,MAP,2.0354432000054317,-0.77944723539364
0.05º,SWA,MAP,2.815822365843227,-0.7277683041943918
0.05º,SWA,MAP,2.317878817334588,-0.7607435443225171
0.05º,SWA,MAP,0.7810917960272903,-0.8625139582683774
0.05º,SWA,MAP,10.077379579897285,-0.24688730160941763
0.05º,SWA,MAP,1.9998661088354703,-0.78180325170895
0.05º,SWA,MAP,3.489333417680516,-0.6831664839081397
0.05º,SWA,MAP,5.531620355299954,-0.5479204256345954
0.05º,SWA,MAP,2.65373592612184,-0.7385021299208896
0.05º,SWA,MAP,5.27706240430291,-0.5647779782342661
0.05º,SWA,MAP,13.197493612030403,-0.04026446304694913
0.05º,SWA,MAP,18.38711039225259,0.30340674228006753
0.05º,SWA,MAP,2.175950556625556,-0.7701424380161188
0.05º,SWA,MAP,5.8964094939055185,-0.5237630498082032
0.05º,SWA,MAP,3.349803218135119,-0.6924065711608314
0.05º,SWA,MAP,4.3533748579613984,-0.625947198591063
0.05º,SWA,MAP,6.5383026217236875,-0.48125505851121303
0.05º,SWA,MAP,42.817970841019246,1.9212879102310279
0.05º,SWA,MAP,2.320597142349047,-0.7605635290971637
0.05º,SWA,MAP,5.5087340555073245,-0.5494360215963594
0.05º,SWA,MAP,30.479275361991238,1.1041843499833641
0.05º,SWA,MAP,3.5401626398533748,-0.6798004280335413
0.05º,SWA,MAP,3.6609846515420057,-0.6717992502692578
0.05º,SWA,MAP,8.014519585503466,-0.3834957663030002
0.05º,SWA,MAP,5.416695677203892,-0.5555310651703728
0.05º,SWA,MAP,4.824293348524312,-0.5947616347784676
0.05º,SWA,MAP,14.339498731825099,0.03536236888121954
0.05º,SWA,MAP,11.072419060601135,-0.1809929529197982
0.05º,SWA,MAP,7.13271068054952,-0.4418916637396977
0.05º,SWA,MAP,2.018523830837671,-0.7805676842131786
0.05º,SWA,MAP,8.332510018054343,-0.36243753409331086
0.05º,SWA,MAP,1.5023856457368905,-0.8147478250021656
0.05º,SWA,MAP,2.5288479651933864,-0.7467725664253125
0.05º,SWA,MAP,1.3958170384536541,-0.8218051017272272
0.05º,SWA,MAP,4.318131529254667,-0.6282811122053665
0.05º,SWA,MAP,9.615073875144693,-0.2775025022129344
0.05º,SWA,MAP,1.5676151793680144,-0.8104281394848531
0.05º,SWA,MAP,2.0288011056405506,-0.7798870938018705
0.05º,SWA,MAP,2.9513170689712385,-0.7187954590091955
0.05º,SWA,MAP,23.633872514889568,0.6508622749549842
0.05º,SWA,MAP,2.794663417486504,-0.7291695100238703
0.05º,SWA,MAP,1.8498432489089016,-0.7917381928194499
0.05º,SWA,MAP,4.198121812608529,-0.6362284974781893
0.05º,SWA,MAP,2.9723942603594082,-0.7173996673590517
0.05º,SWA,MAP,2.4099111203794084,-0.754648903069434
0.05º,SWA,MAP,2.104551150475023,-0.7748707100659746
0.05º,SWA,MAP,21.75488738071772,0.5264305272557372
0.05º,SWA,MAP,1.657765518000095,-0.8044581272757821
0.05º,SWA,MAP,8.741661448537563,-0.33534236093691816
0.05º,SWA,MAP,3.2162031479823807,-0.7012539483537192
0.05º,SWA,MAP,4.681058153694064,-0.6042470773722564
0.05º,SWA,MAP,22.009084065755204,0.5432641557945336
0.05º,SWA,MAP,3.6183295544282967,-0.6746239922992043
0.05º,SWA,MAP,4.031725942352693,-0.6472477059696905
0.05º,SWA,MAP,14.614003310968833,0.05354084401287917
0.05º,SWA,MAP,5.534816977418491,-0.5477087362126251
0.05º,SWA,MAP,1.6950938377851419,-0.8019861396133694
0.05º,SWA,MAP,2.583103556691861,-0.7431796066142775
0.05º,SWA,MAP,20.400013770586142,0.43670693756136486
0.05º,SWA,MAP,4.049878014458544,-0.6460456240503519
0.05º,SWA,MAP,8.335839824911988,-0.3622170247985525
0.05º,SWA,MAP,7.7199078312626614,-0.4030057958430059
0.05º,SWA,MAP,18.534864758688304,0.31319145729001036
0.05º,SWA,MAP,11.015344125253186,-0.18477261771118406
0.05º,SWA,MAP,2.933091905381943,-0.720002381254762
0.05º,SWA,MAP,29.984255755389185,1.0714027416168694
0.05º,SWA,MAP,42.17081555025076,1.8784314435146858
0.05º,SWA,MAP,5.316701818395542,-0.5621529433238679
0.05º,SWA,MAP,1.2445645273467614,-0.8318214738414353
0.05º,SWA,MAP,2.1239410682960687,-0.7735866544774875
0.05º,SWA,MAP,2.084539107334466,-0.7761959645651858
0.05º,SWA,MAP,22.589684945565686,0.5817131998431871
0.05º,SWA,MAP,3.8645471172568224,-0.6583187639608727
0.05º,SWA,MAP,6.241058161229249,-0.5009394333583532
0.05º,SWA,MAP,7.7993030312620455,-0.3977480195492042
0.05º,SWA,MAP,1.9037677152657264,-0.7881671610584743
0.05º,SWA,MAP,7.4643684669777155,-0.419928340426066
0.05º,SWA,MAP,3.4612869922025755,-0.6850237980909233
0.05º,SWA,MAP,4.1057938940731,-0.6423427152310939
0.05º,SWA,MAP,5.2282313594111605,-0.5680117091176872
0.05º,SWA,MAP,18.996802435980896,0.343782286066834
0.05º,SWA,MAP,5.658158196343304,-0.539540729369434
0.05º,SWA,MAP,2.5004699141891,-0.7486518417950551
0.05º,SWA,MAP,5.235854066448439,-0.5675069117451067
0.05º,SWA,MAP,3.745425094792861,-0.6662073635964375
0.05º,SWA,MAP,5.008096953968947,-0.5825896364784495
0.05º,SWA,MAP,10.819304007071032,-0.1977549527392489
0.05º,SWA,MAP,6.6660247143403994,-0.4727969377336332
0.05º,SWA,MAP,4.600200888551304,-0.6096016757844092
0.05º,SWA,MAP,4.54954707769702,-0.6129561154218485
0.05º,SWA,MAP,1.2327096256209036,-0.8326065392013065
0.05º,SWA,MAP,13.998660711594564,0.012791104336154794
0.05º,SWA,MAP,29.59161358115115,1.045400858434114
0.05º,SWA,MAP,13.6291933412905,-0.01167607731881979
0.05º,SWA,MAP,14.958036446277005,0.0763236981793731
0.05º,SWA,MAP,2.7300825707706307,-0.7334462376459305
0.05º,SWA,MAP,10.012291613920208,-0.2511976121134368
0.05º,SWA,MAP,1.7018933977399635,-0.801535853385247
0.05º,SWA,MAP,4.331505292727621,-0.6273954634942662
0.05º,SWA,MAP,10.816197713216159,-0.19796066036630774
0.05º,SWA,MAP,5.449463568793396,-0.5533610820530244
0.05º,SWA,MAP,2.385548838862661,-0.756262242745166
0.05º,SWA,MAP,2.2128190876525196,-0.767700898874932
0.05º,SWA,MAP,4.972870626567328,-0.5849224242179019
0.05º,SWA,MAP,11.334899713963637,-0.163610736402406
0.05º,SWA,MAP,5.4638476901584205,-0.5524085245644007
0.05º,SWA,MAP,3.2973685558931343,-0.6958789438497539
0.05º,SWA,MAP,2.3056528067883164,-0.7615531855655452
0.05º,SWA,MAP,2.735426773259677,-0.7330923293346422
0.05º,SWA,MAP,3.3387096546314234,-0.69314121853503
0.05º,SWA,MAP,8.871683991985556,-0.3267318977526707
0.05º,SWA,MAP,6.82509226857879,-0.46226303120283385
0.05º,SWA,MAP,3.588808083239902,-0.6765789882104646
0.05º,SWA,MAP,8.596844755573038,-0.3449325348419093
0.05º,SWA,MAP,3.2477035051510814,-0.6991679049761703
0.05º,SWA,MAP,12.49617531858846,-0.08670775807860268
0.05º,SWA,MAP,2.419481348108358,-0.7540151353293195
0.05º,SWA,MAP,3.9421607123481093,-0.6531789706188211
0.05º,SWA,MAP,31.525111822434408,1.1734426193617933
0.05º,SWA,MAP,2.490642312132277,-0.7493026535962684
0.05º,SWA,MAP,14.820050651644497,0.0671858858191067
0.05º,SWA,MAP,3.8204573172109995,-0.6612385161056017
0.05º,SWA,MAP,5.700778772801524,-0.5367182733956228
0.05º,SWA,MAP,3.5393958386079527,-0.6798512077961752
0.05º,SWA,MAP,2.5779768390420057,-0.7435191124600293
0.05º,SWA,MAP,4.979278658643188,-0.584498066081155
0.05º,SWA,MAP,7.1914392165195915,-0.4380024928049873
0.05º,SWA,MAP,3.66059541113583,-0.6718250268776699
0.05º,SWA,MAP,1.7963286976755246,-0.7952820788333459
0.05º,SWA,MAP,2.688516734558858,-0.7361988457162925
0.05º,SWA,MAP,19.452122629424675,0.3739348862139019
0.05º,SWA,MAP,4.019666742395474,-0.6480463005403669
0.05º,SWA,MAP,1.9935238214186546,-0.7822232560471073
0.05º,SWA,MAP,5.830833340868531,-0.5281056894498851
0.05º,SWA,MAP,17.451865867332167,0.24147218588279648
0.05º,SWA,MAP,28.232213714976346,0.9553775271719396
0.05º,SWA,MAP,3.834720564477234,-0.6602939632440985
0.05º,SWA,MAP,1.4240289381992663,-0.8199368293671004
0.05º,SWA,MAP,3.2656407297393395,-0.69798005087142
0.05º,SWA,MAP,3.7337072866934338,-0.666983350225868
0.05º,SWA,MAP,5.76932789366923,-0.5321787553559684
0.05º,SWA,MAP,6.415914182309744,-0.48935996958129047
0.05º,SWA,MAP,4.4789611439646,-0.6176305170110763
0.05º,SWA,MAP,7.300554275512688,-0.43077658279436787
0.05º,SWA,MAP,1.267080566029487,-0.8303303976250233
0.05º,SWA,MAP,1.7082333505889677,-0.80111600364882
0.05º,SWA,MAP,7.724129052809733,-0.4027262545284019
0.05º,SWA,MAP,2.7912954636562026,-0.729392545519816
0.05º,SWA,MAP,9.820858095899034,-0.26387488495736944
0.05º,SWA,MAP,2.7958380616741527,-0.7290917217398994
0.05º,SWA,MAP,2.3196762461721128,-0.7606245134650874
0.05º,SWA,MAP,2.7750098616988654,-0.7304710244694533
0.05º,SWA,MAP,6.6230994330511965,-0.4756395721292754
0.05º,SWA,MAP,3.184996781525792,-0.7033205228289068
0.05º,SWA,MAP,1.1355002132462966,-0.8390440233807226
0.05º,SWA,MAP,16.933491553789306,0.207143962298971
0.05º,SWA,MAP,2.6833751348801673,-0.7365393370923838
0.05º,SWA,MAP,4.311326156427835,-0.6287317833784308
0.05º,SWA,MAP,7.452654709050693,-0.42070405884154344
0.05º,SWA,MAP,3.4449690830560433,-0.686104416514653
0.05º,SWA,MAP,2.3399243295928676,-0.7592836277061826
0.05º,SWA,MAP,2.281225698965582,-0.7631708182239113
0.05º,SWA,MAP,40.60608305754484,1.774810400852733
0.05º,SWA,MAP,2.101768823317545,-0.7750549636955429
0.05º,SWA,MAP,16.76936020085841,0.19627471659499449
0.05º,SWA,MAP,25.785405759458158,0.7933429348526455
0.05º,SWA,MAP,6.8885433997636865,-0.4580611165611245
0.05º,SWA,MAP,8.726761806158366,-0.336329057695514
0.05º,SWA,MAP,2.530186358793281,-0.7466839341888378
0.05º,SWA,MAP,2.3647733617711992,-0.7576380540151767
0.05º,SWA,MAP,4.210052866994608,-0.6354383890722445
0.05º,SWA,MAP,49.50775956518854,2.3643047747864707
0.05º,SWA,MAP,5.132198475025323,-0.5743712802624564
0.05º,SWA,MAP,12.295041496371065,-0.10002741269682336
0.05º,SWA,MAP,2.4660150975356854,-0.7509335378951848
0.05º,SWA,MAP,9.202781865626207,-0.30480565345868965
0.05º,SWA,MAP,1.9152354958616609,-0.7874077319625051
0.05º,SWA,MAP,12.465974595811625,-0.08870773596483447
0.05º,SWA,MAP,2.607162711061082,-0.7415863408816842
0.05º,SWA,MAP,6.9826653562946035,-0.45182809250200845
0.05º,SWA,MAP,6.794948907546061,-0.46425921043098134
0.05º,SWA,MAP,12.314525086202744,-0.0987371538809761
0.05º,SWA,MAP,33.119984191141015,1.2790596104631453
0.05º,SWA,MAP,4.050318447160123,-0.6460164573423218
0.05º,SWA,MAP,1.8093775996455355,-0.7944179433763082
0.05º,SWA,MAP,1.5209855680112458,-0.8135160851690091
0.05º,SWA,MAP,3.7160941700876595,-0.6681497409768269
0.05º,SWA,MAP,5.233623975588949,-0.5676545947140286
0.05º,SWA,MAP,4.380569140116378,-0.6241463157663769
0.05º,SWA,MAP,3.909564077118293,-0.655337612652223
0.05º,SWA,MAP,19.54630147674935,0.3801716777434287
0.05º,SWA,MAP,11.783964792887364,-0.13387236775596778
0.05º,SWA,MAP,4.460501258755913,-0.6188529831908616
0.05º,SWA,MAP,1.409165135136356,-0.8209211527440868
0.05º,SWA,MAP,21.327088250054253,0.49810045027716915
0.05º,SWA,MAP,4.055623160468211,-0.64566516411707775
0.05º,SWA,MAP,4.4238791289152966,-0.6212782049436378
0.05º,SWA,MAP,7.639700760076077,-0.4083173365593636
0.05º,SWA,MAP,4.609657570167823,-0.6089754273912852
0.05º,SWA,MAP,9.011336479657965,-0.31748371223188193
0.05º,SWA,MAP,7.2820654033142835,-0.432000968575179
0.05º,SWA,MAP,28.182242311077363,0.9520682784668528
0.05º,SWA,MAP,7.239406161838095,-0.4348259850566138
0.05º,SWA,MAP,11.745575893072441,-0.13641459004892245
0.05º,SWA,MAP,2.631658624719689,-0.7399641517048796
0.05º,SWA,MAP,12.649738076292433,-0.07653839485421338
0.05º,SWA,MAP,1.705608933060268,-0.8012898000529797
0.05º,SWA,MAP,31.458444665979457,1.1690277303661523
0.05º,SWA,MAP,4.265927679744774,-0.6317381998177214
0.05º,SWA,MAP,13.601877848307304,-0.013484987069808206
0.05º,SWA,MAP,6.4838506439585775,-0.4848610235802126
0.05º,SWA,MAP,1.9674852630238508,-0.7839476035524229
0.05º,SWA,MAP,14.479115333086176,0.04460817790163075
0.05º,SWA,MAP,0,-0.9142400818686349
0.05º,SWA,MAP,3.6951750296133556,-0.6695350660452611
0.05º,SWA,MAP,4.998500211739238,-0.5832251600843285
0.05º,SWA,MAP,21.482477447133004,0.5083907655193989
0.05º,SWA,MAP,21.32754516601561,0.4981307085536129
0.05º,SWA,MAP,6.0190817750530465,-0.515639341930031
0.05º,SWA,MAP,1.9986962683406913,-0.7818807218786962
0.05º,SWA,MAP,11.302028326340658,-0.1657875733218899
0.05º,SWA,MAP,11.87470537350503,-0.12786326804136197
0.05º,SWA,MAP,1.4727497336305266,-0.8167103995169881
0.05º,SWA,MAP,4.439830214888957,-0.6202218785952772
0.05º,SWA,MAP,7.048522902123718,-0.44746681822811074
0.05º,SWA,MAP,18.195743419505934,0.2907338762537614
0.05º,SWA,MAP,8.474207466031292,-0.3530539254762763
0.05º,SWA,MAP,1.3894895859706429,-0.822224123653812
0.05º,SWA,MAP,10.059086740752795,-0.2480987055230166
0.05º,SWA,MAP,8.544566401728881,-0.34839455634349775
0.05º,SWA,MAP,3.2063790780526538,-0.7019045262474151
0.05º,SWA,MAP,2.205402091697402,-0.768192073473703
0.05º,SWA,MAP,1.0607799953884518,-0.8439922090408598
0.05º,SWA,MAP,1.7848139162416823,-0.796044620458679
0.05º,SWA,MAP,4.006661968466675,-0.648907513712821
0.05º,SWA,MAP,26.956749621732722,0.8709126618765103
0.05º,SWA,MAP,12.003850489486872,-0.11931091060319352
0.05º,SWA,MAP,4.2092001173231335,-0.6354948605844677
0.05º,SWA,MAP,2.14563270851418,-0.7721501722756247
0.05º,SWA,MAP,2.2944749431845506,-0.7622934155324913
0.05º,SWA,MAP,22.793038356451348,0.5951798419453124
0.05º,SWA,MAP,13.070730798038438,-0.04865905766158227
0.05º,SWA,MAP,5.222640473165636,-0.5683819535299853
0.05º,SWA,MAP,4.028310893494405,-0.6474738602325354
0.05º,SWA,MAP,3.516670227050775,-0.6813561625252824
0.05º,SWA,MAP,2.5509392067238092,-0.7453096214863211
0.05º,SWA,MAP,3.1375464922116154,-0.7064628161450272
0.05º,SWA,MAP,3.6791165669759303,-0.6705985031821488
0.05º,SWA,MAP,5.480621149510512,-0.5512977383084664
0.05º,SWA,MAP,1.7390028400185618,-0.7990783604147635
0.05º,SWA,MAP,5.952696293960376,-0.520035577580856
0.05º,SWA,MAP,9.153023129417793,-0.3081008187035428
0.05º,SWA,MAP,8.226783658251343,-0.36943903479116763
0.05º,SWA,MAP,21.504217453944825,0.5098304506948651
0.05º,SWA,MAP,7.331791159547404,-0.42870798735823024
0.05º,SWA,MAP,1.3243742106873304,-0.826536249280163
0.05º,SWA,MAP,9.307659855595343,-0.29786033422773395
0.05º,SWA,MAP,11.462489846311977,-0.1551613544096743
0.05º,SWA,MAP,1.505603601903096,-0.8145347227787906
0.05º,SWA,MAP,4.925649760681905,-0.5880495244610789
0.05º,SWA,MAP,3.9342771459508805,-0.6537010428412512
0.05º,SWA,MAP,10.280827369218969,-0.23341440949843084
0.05º,SWA,MAP,11.254619551293647,-0.1689271174449891
0.05º,SWA,MAP,3.2591986950532905,-0.6984066607578667
0.05º,SWA,MAP,21.593527523087864,0.5157448178649422
0.05º,SWA,MAP,5.959473409770447,-0.5195867776679289
0.05º,SWA,MAP,3.859047501175477,-0.6586829642029244
0.05º,SWA,MAP,8.750429742130242,-0.3347616995595422
0.05º,SWA,MAP,2.3557020116735305,-0.7582387846575414
0.05º,SWA,MAP,2.515673036928553,-0.7476450477025673
0.05º,SWA,MAP,1.8747154518410032,-0.7900910846951296
0.05º,SWA,MAP,7.197809808048204,-0.4375806140879252
0.05º,SWA,MAP,5.525192402027269,-0.5483461030097395
0.05º,SWA,MAP,4.879940626356313,-0.5910765135343373
0.05º,SWA,MAP,1.7250816910355096,-0.8000002585535193
0.05º,SWA,MAP,28.687869225019274,0.9855523329393212
0.05º,SWA,MAP,1.647726412172675,-0.8051229454591331
0.05º,SWA,MAP,7.021094710738566,-0.44928319118828747
0.05º,SWA,MAP,16.8207768569758,0.1996796740186506
0.05º,SWA,MAP,7.045095373083048,-0.4476937989641816
0.05º,SWA,MAP,8.382617432394145,-0.35911927838942
0.05º,SWA,MAP,5.0713465184341295,-0.5784010701590636
0.05º,SWA,MAP,23.182554268542617,0.6209746951438423
0.05º,SWA,MAP,11.779487138912998,-0.13416889075633115
0.05º,SWA,MAP,4.07120123027284,-0.6446335399619323
0.05º,SWA,MAP,2.960968017578119,-0.7181563457026185
0.05º,SWA,MAP,33.58929010085118,1.3101383845783854
0.05º,SWA,MAP,12.898384376808458,-0.06007232858818218
0.05º,SWA,MAP,0.7245489049840899,-0.8662583895704241
0.05º,SWA,MAP,4.2618846657835485,-0.632005939718383
0.05º,SWA,MAP,2.469564131748535,-0.7506985107405161
0.05º,SWA,MAP,30.93917309796369,1.1346400880353849
0.05º,SWA,MAP,13.280892266167541,-0.034741566616678585
0.05º,SWA,MAP,3.5944192674424915,-0.6762073996096328
0.05º,SWA,MAP,2.324546813964856,-0.7603019705924926
0.05º,SWA,MAP,2.504266103108724,-0.7484004473517065
0.05º,SWA,MAP,3.53204524664232,-0.680337984933617
0.05º,SWA,MAP,10.77872071442781,-0.2004424939758175
0.05º,SWA,MAP,1.6633714040120442,-0.804086889536226
0.05º,SWA,MAP,2.980358170874309,-0.7168722745202966
0.05º,SWA,MAP,7.936557911060472,-0.38865861045119354
0.05º,SWA,MAP,4.182435212311911,-0.6372673088316533
0.05º,SWA,MAP,9.316227194703654,-0.297292980628713
0.05º,SWA,MAP,6.253589771412042,-0.5001095544369227
0.05º,SWA,MAP,14.76416844497494,0.06348520691818067
0.05º,SWA,MAP,3.0017017788357143,-0.7154588400058103
0.05º,SWA,MAP,1.711975615701552,-0.8008681801935705
0.05º,SWA,MAP,4.5628022558895,-0.6120783197658003
0.05º,SWA,MAP,6.266271332163866,-0.4992697453616906
0.05º,SWA,MAP,23.45340700502747,0.6389113348526965
0.05º,SWA,MAP,19.36899858639563,0.3684301753134135
0.05º,SWA,MAP,1.936392324942119,-0.7860066664775374
0.05º,SWA,MAP,11.9064513783396,-0.1257609571756747
0.05º,SWA,MAP,0.7937556137273292,-0.861675324188574
0.05º,SWA,MAP,4.83757895010488,-0.5938818243990018
0.05º,SWA,MAP,0.7874025415491133,-0.8620960427243507
0.05º,SWA,MAP,6.6424145168728295,-0.4743604722613871
0.05º,SWA,MAP,9.53460034028983,-0.2828316889124025
0.05º,SWA,MAP,3.5647579240210328,-0.6781716582585797
0.05º,SWA,MAP,11.410411881811834,-0.15861010555811178
0.05º,SWA,MAP,2.644874431468812,-0.7390889633379564
0.05º,SWA,MAP,40.6117039433232,1.775182631919546
0.05º,SWA,MAP,2.9609850659782513,-0.718155216709001
0.05º,SWA,MAP,2.805023805594734,-0.7284834156127414
0.05º,SWA,MAP,11.206746796031053,-0.17209738765956867
0.05º,SWA,MAP,4.3075164983302,-0.628984069789113
0.05º,SWA,MAP,0.6651971605088912,-0.8701888311474956
0.05º,SWA,MAP,2.1407725958176576,-0.7724720227819672
0.05º,SWA,MAP,3.7446528305242044,-0.6662585051360309
0.05º,SWA,MAP,11.132488109447321,-0.17701500940410525
0.05º,SWA,MAP,7.5196117354027985,-0.4162699738356452
0.05º,SWA,MAP,1.0874596583990348,-0.8422254057617604
0.05º,SWA,MAP,22.84792544517988,0.5988146213016827
0.05º,SWA,MAP,3.4045827889148086,-0.6887789119492881
0.05º,SWA,MAP,5.837090009524496,-0.5276913550299484
0.05º,SWA,MAP,23.107174343532986,0.6159828217969993
0.05º,SWA,MAP,29.0679381570698,1.0107215802107092
0.05º,SWA,MAP,3.360089525764364,-0.6917253825700322
0.05º,SWA,MAP,14.821049160427524,0.06725200991487817
0.05º,SWA,MAP,2.537568363142586,-0.746195076833874
0.05º,SWA,MAP,1.7731544117868718,-0.7968167460546904
0.05º,SWA,MAP,4.13492989245756,-0.6404132464268935
0.05º,SWA,MAP,2.3696796275951204,-0.7573131471172747
0.05º,SWA,MAP,10.216363506552613,-0.23768339010351386
0.05º,SWA,MAP,3.8523354706940847,-0.6591274539799966
0.05º,SWA,MAP,11.655558079849053,-0.1423758260479435
0.05º,SWA,MAP,3.3106659312307065,-0.694998353778563
0.05º,SWA,MAP,11.647810382607538,-0.14288890062787155
0.05º,SWA,MAP,42.01010094159912,1.8677884643491598
0.05º,SWA,MAP,15.351475091628105,0.10237832594790984
0.05º,SWA,MAP,14.212759418252055,0.02696933053126611
0.05º,SWA,MAP,9.9183120727539,-0.25742120502145155
0.05º,SWA,MAP,4.10097621399678,-0.6426617557284613
0.05º,SWA,MAP,1.8565532072090858,-0.7912938402681197
0.05º,SWA,MAP,1.4346710958598503,-0.8192320753736203
0.05º,SWA,MAP,1.187674628363709,-0.8355888849976788
0.05º,SWA,MAP,8.44546894968289,-0.3549570718878582
0.05º,SWA,MAP,26.127724729938247,0.8160122721415849
0.05º,SWA,MAP,9.887651325743876,-0.2594516470227413
0.05º,SWA,MAP,12.622386979468066,-0.07834966239297826
0.05º,SWA,MAP,3.3819488713770816,-0.6902777944392452
0.05º,SWA,MAP,8.620047063003357,-0.3433960119542589
0.05º,SWA,MAP,8.182966255847317,-0.3723407479881574
0.05º,SWA,MAP,14.0228635057991,0.0143938823077873
0.05º,SWA,MAP,2.4380036813241315,-0.7527885336646275
0.05º,SWA,MAP,2.4988807395652533,-0.7487570814652623
0.05º,SWA,MAP,7.385767477530016,-0.42513352183490033
0.05º,SWA,MAP,4.303918155623074,-0.6292223622927234
0.05º,SWA,MAP,8.353902746129949,-0.3610208467049481
0.05º,SWA,MAP,7.409921858045796,-0.4235339499556391
0.05º,SWA,MAP,15.687554912802618,0.12463448899819735
0.05º,SWA,MAP,1.455132095902046,-0.8178770896695705
0.05º,SWA,MAP,9.614689673906481,-0.27752794511329026
0.05º,SWA,MAP,9.39286471170092,-0.2922178259583151
0.05º,SWA,MAP,8.222849716374899,-0.36969955162769325
0.05º,SWA,MAP,16.439960338451233,0.17446091944152106
0.05º,SWA,MAP,8.003264215257417,-0.38424112898056884
0.05º,SWA,MAP,18.150253484278565,0.2877214031691556
0.05º,SWA,MAP,6.684040776005499,-0.4716038628130943
0.05º,SWA,MAP,3.136396902578844,-0.7065389452450084
0.05º,SWA,MAP,2.0780122545030317,-0.7766281913508167
0.05º,SWA,MAP,14.246947818332242,0.02923338376705375
0.05º,SWA,MAP,3.2866119102195372,-0.6965912795655642
0.05º,SWA,MAP,8.057427677107448,-0.38065427025727655
0.05º,SWA,MAP,1.835031956802172,-0.7927190387713455
0.05º,SWA,MAP,2.0744352929385963,-0.7768650679342559
0.05º,SWA,MAP,5.16572768599899,-0.5721508804069414
0.05º,SWA,MAP,4.655270329228149,-0.6059548205626087
0.05º,SWA,MAP,3.321731614477844,-0.6942655527143681
0.05º,SWA,MAP,8.625774760305148,-0.3430167075241213
0.05º,SWA,MAP,15.471049179265517,0.1102968626269261
0.05º,SWA,MAP,2.4608781131697066,-0.7512737236321221
0.05º,SWA,MAP,6.561319986979154,-0.479730783021172
0.05º,SWA,MAP,2.5233618182900464,-0.7471358747000307
0.05º,SWA,MAP,2.764774793460055,-0.7311488198418672
0.05º,SWA,MAP,9.01463044719932,-0.31726557631873326
0.05º,SWA,MAP,8.502734243133924,-0.3511648010406687
0.05º,SWA,MAP,6.631113876531149,-0.47510883285363614
0.05º,SWA,MAP,6.9722970091266285,-0.4525147139847443
0.05º,SWA,MAP,6.909850885838637,-0.45665007414084907
0.05º,SWA,MAP,4.437485494731397,-0.6203771526428281
0.05º,SWA,MAP,2.165016409791532,-0.7708665283643682
0.05º,SWA,MAP,7.058871269226074,-0.4467815198822315
0.05º,SWA,MAP,2.394112386821222,-0.7556951402068802
0.05º,SWA,MAP,2.7024891229323518,-0.735273554359151
0.05º,SWA,MAP,9.157595693329244,-0.30779801049680355
0.05º,SWA,MAP,1.0869687869224929,-0.8422579126691387
0.05º,SWA,MAP,17.817566765679253,0.265689941036335
0.05º,SWA,MAP,23.710264794620443,0.6559211893150662
0.05º,SWA,MAP,2.408938042911485,-0.7547133430310805
0.05º,SWA,MAP,21.809208057544865,0.5300277972026264
0.05º,SWA,MAP,1.8827814643765604,-0.7895569303697385
0.05º,SWA,MAP,2.0152053833007875,-0.78078744126136
0.05º,SWA,MAP,2.4877845387399904,-0.7494919034904072
0.05º,SWA,MAP,2.0773552788628473,-0.7766716981490437
0.05º,SWA,MAP,4.076078909414785,-0.6443105261555373
0.05º,SWA,MAP,1.836082788161295,-0.7926494497255491
0.05º,SWA,MAP,2.464816529073832,-0.7510129105127394
0.05º,SWA,MAP,0.8474052805959471,-0.8581224904324481
0.05º,SWA,MAP,1.9063565289532802,-0.7879957224420895
0.05º,SWA,MAP,1.755771778247966,-0.7979678735604515
0.05º,SWA,MAP,4.059238062964553,-0.6454257749770564
0.05º,SWA,MAP,16.730077767077788,0.19367332193768266
0.05º,SWA,MAP,5.373566415574814,-0.5583872077251405
0.05º,SWA,MAP,18.43023229528358,0.3062623975275096
0.05º,SWA,MAP,6.6400197347005205,-0.4745190615581517
0.05º,SWA,MAP,10.992799829553677,-0.18626556518773496
0.05º,SWA,MAP,4.865845998128253,-0.5920098999628369
0.05º,SWA,MAP,5.1091704191985,-0.5758962637125838
0.05º,SWA,MAP,7.7000152682080625,-0.40432313803059705
0.05º,SWA,MAP,7.4835509782956,-0.4186580198869964
0.05º,SWA,MAP,9.277835940137322,-0.2998353588600133
0.05º,SWA,MAP,4.193647031430847,-0.6365248302337735
0.05º,SWA,MAP,3.0432418069722065,-0.7127079410197054
0.05º,SWA,MAP,45.31737621919607,2.0868056536976427
0.05º,SWA,MAP,1.3843649405020275,-0.8225634922738198
0.05º,SWA,MAP,5.524840084123026,-0.5483694345049033
0.05º,SWA,MAP,3.561795740951715,-0.6783678224589329
0.05º,SWA,MAP,6.005137973361538,-0.5165627401956648
0.05º,SWA,MAP,4.413559101246013,-0.6219616265715368
0.05º,SWA,MAP,2.297097241437004,-0.7621197594728412
0.05º,SWA,MAP,2.349653455946187,-0.7586393372465544
0.05º,SWA,MAP,3.692105564070308,-0.6697383347966088
0.05º,SWA,MAP,3.92080504805953,-0.6545932035376343
0.05º,SWA,MAP,2.0181789162718236,-0.780590525438186
0.05º,SWA,MAP,28.67889328944832,0.9849579209186952
0.05º,SWA,MAP,23.2276100279793,0.6239584158708794
0.05º,SWA,MAP,2.868444372106479,-0.7242835250507488
0.05º,SWA,MAP,30.00492840048706,1.0727717430593575
0.05º,SWA,MAP,10.007880693600491,-0.25148971582110474
0.05º,SWA,MAP,6.582964296694147,-0.4782974351800421
0.05º,SWA,MAP,10.769200642903634,-0.20107294022918665
0.05º,SWA,MAP,2.1050253503116463,-0.7748393072020794
0.05º,SWA,MAP,5.173046253345648,-0.5716662240309873
0.05º,SWA,MAP,3.161734498577358,-0.7048610174662013
0.05º,SWA,MAP,3.5859820518964765,-0.6767661360557138
0.05º,SWA,MAP,33.70791663652585,1.3179941716674153
0.05º,SWA,MAP,5.368424545099704,-0.5587277170341421
0.05º,SWA,MAP,3.905215840280789,-0.6556255652811508
0.05º,SWA,MAP,7.177049048152968,-0.43895545074328124
0.05º,SWA,MAP,18.77733480194469,0.32924851420781387
0.05º,SWA,MAP,2.972447242265866,-0.7173961587462921
0.05º,SWA,MAP,20.63891846456646,0.4525278868945413
0.05º,SWA,MAP,5.9800510641969264,-0.5182240667782728
0.05º,SWA,MAP,1.8758397043487145,-0.7900166334917403
0.05º,SWA,MAP,1.5361562658239274,-0.8125114383475318
0.05º,SWA,MAP,20.329953794126165,0.4320673663608587
0.05º,SWA,MAP,2.731420389811194,-0.7333576434584113
0.05º,SWA,MAP,44.66991782482759,2.043929114597547
0.05º,SWA,MAP,1.6189978328751902,-0.8070254338108986
0.05º,SWA,MAP,3.7609426239390396,-0.6651797486161392
0.05º,SWA,MAP,1.344982429786973,-0.8251715143107894
0.05º,SWA,MAP,1.4251604904363073,-0.8198618947548423
0.05º,SWA,MAP,3.238019872594754,-0.6998091827069769
0.05º,SWA,MAP,2.4599387557418217,-0.7513359305566688
0.05º,SWA,MAP,10.092167230299973,-0.24590802127850486
0.05º,SWA,MAP,31.036643510983293,1.1410948564209487
0.05º,SWA,MAP,3.6099507367169394,-0.6751788614743333
0.05º,SWA,MAP,9.712875319115913,-0.27102581201484377
0.05º,SWA,MAP,7.042890242588353,-0.44783982898664937
0.05º,SWA,MAP,8.813789744436,-0.3305658197317815
0.05º,SWA,MAP,52.08609799985533,2.535049690087321
0.05º,SWA,MAP,8.876025390625,-0.3264443979686965
0.05º,SWA,MAP,23.43894261489677,0.6379534617377718
0.05º,SWA,MAP,1.0115264139057685,-0.8472539215008887
0.05º,SWA,MAP,8.51340795446325,-0.3504579574733667
0.05º,SWA,MAP,42.61737324279031,1.9080037658927067
0.05º,SWA,MAP,1.6896185227382337,-0.8023487305717013
0.05º,SWA,MAP,14.10943725962698,0.0201270428835549
0.05º,SWA,MAP,2.6806462605794397,-0.7367200509215226
0.05º,SWA,MAP,4.727464416880669,-0.6011739224401151
0.05º,SWA,MAP,8.13769437059944,-0.3753387811820261
0.05º,SWA,MAP,4.067548445713372,-0.6448754377600774
0.05º,SWA,MAP,0.8909683698489315,-0.8552376185767077
0.05º,SWA,MAP,21.407658518096568,0.5034360429238458
0.05º,SWA,MAP,4.832467820909288,-0.59422029793291
0.05º,SWA,MAP,2.0500206182032468,-0.7784818772381609
0.05º,SWA,MAP,6.680626386477621,-0.47182997341320143
0.05º,SWA,MAP,3.307483343430489,-0.6952091138079989
0.05º,SWA,MAP,1.0992347340525095,-0.8414456267117796
0.05º,SWA,MAP,4.781374189588752,-0.5976038637344124
0.05º,SWA,MAP,3.0044770888340286,-0.7152750510725094
0.05º,SWA,MAP,1.7867965227291935,-0.7959133266098056
0.05º,SWA,MAP,1.960378623303086,-0.7844182254773342
0.05º,SWA,MAP,3.617772655722528,-0.6746608717177746
0.05º,SWA,MAP,1.031603919135199,-0.8459243319156896
0.05º,SWA,MAP,1.972066455417206,-0.7836442239430346
0.05º,SWA,MAP,2.9628138601044234,-0.7180341087528158
0.05º,SWA,MAP,5.5634960598415795,-0.5458095256848693
0.05º,SWA,MAP,31.135555031858857,1.1476450590735958
0.05º,SWA,MAP,1.3950951187698908,-0.8218529093050071
0.05º,SWA,MAP,37.71393104835792,1.583283856778381
0.05º,SWA,MAP,7.232247529206442,-0.435300050100181
0.05º,SWA,MAP,28.709199128327555,0.9869648598926413
0.05º,SWA,MAP,1.993546427032091,-0.7822217590389955
0.05º,SWA,MAP,2.2331053651409243,-0.7663574837960753
0.05º,SWA,MAP,9.710438104323405,-0.27118721132058327
0.05º,SWA,MAP,8.6574267917209,-0.3409206198459027
0.05º,SWA,MAP,1.2021094899118718,-0.834632967349599
0.05º,SWA,MAP,12.60925679147979,-0.07921918084168113
0.05º,SWA,MAP,1.6972982618543888,-0.801840156372407
0.05º,SWA,MAP,7.635883284203796,-0.40857014068535097
0.05º,SWA,MAP,7.84425937982253,-0.3947708820935515
0.05º,SWA,MAP,9.616056371618198,-0.2774374384979091
0.05º,SWA,MAP,14.242630852593315,0.028947501999346665
0.05º,SWA,MAP,2.4059665821216702,-0.7549101216285117
0.05º,SWA,MAP,3.9563498791353218,-0.65223932357765
0.05º,SWA,MAP,37.98865009825907,1.6014765347744966
0.05º,SWA,MAP,17.56386747814359,0.24888925157689978
0.05º,SWA,MAP,2.40174978750723,-0.7551893697790273
0.05º,SWA,MAP,8.132922419795282,-0.3756547933567355
0.05º,SWA,MAP,2.2616859012180015,-0.7644647992880524
0.05º,SWA,MAP,2.5149845547146206,-0.7476906409558516
0.05º,SWA,MAP,8.460801527235253,-0.3539417049289197
0.05º,SWA,MAP,8.93024924949365,-0.3228535395827959
0.05º,SWA,MAP,3.937745600570862,-0.6534713518967457
0.05º,SWA,MAP,37.40827094184028,1.563042173880399
0.05º,SWA,MAP,4.595449376989289,-0.6099163344142844
0.05º,SWA,MAP,6.991598717960313,-0.45123649984665537
0.05º,SWA,MAP,5.101170386797112,-0.5764260486455519
0.05º,SWA,MAP,6.533022798137886,-0.48160470346815115
0.05º,SWA,MAP,4.722937972457316,-0.6014736764829853
0.05º,SWA,MAP,22.47167478961707,0.5738982311753168
0.05º,SWA,MAP,4.99862694445952,-0.583216767482605
0.05º,SWA,MAP,12.809393517765013,-0.06596555675622391
0.05º,SWA,MAP,2.190369829719455,-0.7691875526798827
0.05º,SWA,MAP,2.411539967854833,-0.7545410361499909
0.05º,SWA,MAP,21.816212783625094,0.5304916701159699
0.05º,SWA,MAP,8.187741314923326,-0.3720245299748325
0.05º,SWA,MAP,3.3549989770960074,-0.6920624932028052
0.05º,SWA,MAP,2.2966864315079993,-0.7621469644764937
0.05º,SWA,MAP,3.365126621575996,-0.691391811737687
0.05º,SWA,MAP,3.5716088377399284,-0.677717971237924
0.05º,SWA,MAP,1.0931707782509836,-0.8418471991375706
0.05º,SWA,MAP,4.546596291624458,-0.6131515248806133
0.05º,SWA,MAP,1.4536511927475178,-0.8179751592946782
0.05º,SWA,MAP,7.818261888292105,-0.3964925100341328
0.05º,SWA,MAP,7.156028276608317,-0.44034750611068063
0.05º,SWA,MAP,20.06903782597294,0.41478876775488516
0.05º,SWA,MAP,15.210577128845967,0.09304766151773487
0.05º,SWA,MAP,16.936474364480848,0.2073414925192237
0.05º,SWA,MAP,10.64130976170668,-0.2095422386673287
0.05º,SWA,MAP,3.107780032687723,-0.7084340358816907
0.05º,SWA,MAP,6.327848834755981,-0.495191907742252
0.05º,SWA,MAP,2.6206283098385814,-0.7406946105751325
0.05º,SWA,MAP,11.97038344395014,-0.12152719368640226
0.05º,SWA,MAP,10.501915354787558,-0.21877333334551577
0.05º,SWA,MAP,1.7015019640510458,-0.8015617752390897
0.05º,SWA,MAP,2.488374168490187,-0.7494528565288436
0.05º,SWA,MAP,1.6636874822922765,-0.8040659579321895
0.05º,SWA,MAP,12.794761516429755,-0.06693452956253954
0.05º,SWA,MAP,1.3134886188271746,-0.8272571241797385
0.05º,SWA,MAP,4.082748365990906,-0.64386885574374
0.05º,SWA,MAP,18.743351547806355,0.3269980463206348
0.05º,SWA,MAP,4.3729384622456,-0.624651640990256
0.05º,SWA,MAP,10.04486667962723,-0.24904039847527298
0.05º,SWA,MAP,8.018927114981189,-0.38320388714654763
0.05º,SWA,MAP,2.13560090241609,-0.7728145070501068
0.05º,SWA,MAP,10.600777143313564,-0.2122264241107143
0.05º,SWA,MAP,1.2650598596643603,-0.8304642145563161
0.05º,SWA,MAP,10.55968145676608,-0.21494789753112944
0.05º,SWA,MAP,19.46671210394963,0.3749010427737055
0.05º,SWA,MAP,6.421088324652765,-0.48901732313727236
0.05º,SWA,MAP,8.885292618362989,-0.32583069575105056
0.05º,SWA,MAP,3.4638512222855034,-0.6848539874708609
0.05º,SWA,MAP,1.626069198419998,-0.8065571478423944
0.05º,SWA,MAP,10.65647718641493,-0.2085378086001498
0.05º,SWA,MAP,11.518890757619594,-0.15142632541013396
0.05º,SWA,MAP,24.863526520905694,0.7322934657884359
0.05º,SWA,MAP,3.353793674045145,-0.692142311804027
0.05º,SWA,MAP,1.6558187037338332,-0.8045870508618134
0.05º,SWA,MAP,5.432944168279202,-0.5544550438090501
0.05º,SWA,MAP,32.68840949918018,1.2504795050611304
0.05º,SWA,MAP,2.8892203907907716,-0.7229076779149182
0.05º,SWA,MAP,18.25053547046803,0.29436236193853227
0.05º,SWA,MAP,11.367992189195434,-0.1614192584317187
0.05º,SWA,MAP,14.068926870087056,0.017444329498144517
0.05º,SWA,MAP,1.3626749957049356,-0.8239998622000735
0.05º,SWA,MAP,5.482517430811754,-0.5511721611593172
0.05º,SWA,MAP,1.4644814950448475,-0.8172579458274404
0.05º,SWA,MAP,5.33454737587581,-0.5609711596761139
0.05º,SWA,MAP,4.5173169359748675,-0.6150904872112504
0.05º,SWA,MAP,3.8593141532238695,-0.6586653057447461
0.05º,SWA,MAP,7.651835359173061,-0.40751374884288444
0.05º,SWA,MAP,1.4949660595552372,-0.8152391711331158
0.05º,SWA,MAP,6.757101694742851,-0.46676556066707536
0.05º,SWA,MAP,2.985275598219889,-0.7165466284746379
0.05º,SWA,MAP,2.291823022159532,-0.7624690332965185
0.05º,SWA,MAP,8.706969932273593,-0.33763973195947566
0.05º,SWA,MAP,4.86630281989957,-0.591979647923926
0.05º,SWA,MAP,41.41204551414205,1.8281835304376939
0.05º,SWA,MAP,7.459055959442512,-0.4202801498072308
0.05º,SWA,MAP,4.438326699393136,-0.6203214456740345
0.05º,SWA,MAP,2.7087358074423755,-0.7348598811177974
0.05º,SWA,MAP,1.8851959793655877,-0.7893970343096438
0.05º,SWA,MAP,35.54006512959798,1.4393242635832229
0.05º,SWA,MAP,5.682469346788162,-0.5379307757389247
0.05º,SWA,MAP,4.268370828510809,-0.6315764075473526
0.05º,SWA,MAP,4.404128133514771,-0.6225861721179339
0.05º,SWA,MAP,2.288923004527154,-0.762661080724565
0.05º,SWA,MAP,2.010769919743609,-0.7810811702921219
0.05º,SWA,MAP,2.3634531535799477,-0.7577254819620917
0.05º,SWA,MAP,1.2697818897388642,-0.830151508274519
0.05º,SWA,MAP,0.7654266828372253,-0.8635513466844414
0.05º,SWA,MAP,1.5530109170042452,-0.8113952753374649
0.05º,SWA,MAP,3.715572875223043,-0.6681842626076218
0.05º,SWA,MAP,2.6764227784710153,-0.7369997419369385
0.05º,SWA,MAP,6.1416579823435065,-0.5075219963363313
0.05º,SWA,MAP,3.2588285281334333,-0.6984311742656858
0.05º,SWA,MAP,2.4266983785747067,-0.7535372030147979
0.05º,SWA,MAP,2.4903684545446367,-0.7493207892257797
0.05º,SWA,MAP,4.6563902489932865,-0.605880656285774
0.05º,SWA,MAP,1.335401228916491,-0.8258060087235923
0.05º,SWA,MAP,3.8849489659438885,-0.6569676954280469
0.05º,SWA,MAP,2.239186180962463,-0.7659547948517347
0.05º,SWA,MAP,2.426665835910373,-0.7535393580827247
0.05º,SWA,MAP,5.988769719630107,-0.5176466925812085
0.05º,SWA,MAP,3.7142910427517353,-0.6682691492050522
0.05º,SWA,MAP,2.113877708529243,-0.7742530788257911
0.05º,SWA,MAP,4.433450298544806,-0.6206443748281852
0.05º,SWA,MAP,4.4279570402922435,-0.6210081540367051
0.05º,SWA,MAP,11.999915888280043,-0.11957147110245532
0.05º,SWA,MAP,1.6373500588499421,-0.8058100971322418
0.05º,SWA,MAP,2.2467866591465318,-0.7654514695371305
0.05º,SWA,MAP,1.9229733031473049,-0.7868953123236253
0.05º,SWA,MAP,3.473384080109762,-0.6842226944722797
0.05º,SWA,MAP,3.229454464382608,-0.7003764084365539
0.05º,SWA,MAP,3.1425242011929537,-0.7061331780777419
0.05º,SWA,MAP,8.038083300178434,-0.3819353099981743
0.05º,SWA,MAP,2.968434745882765,-0.7176618776860036
0.05º,SWA,MAP,39.859292301130886,1.7253557897989913
0.05º,SWA,MAP,3.421425289577902,-0.6876635535810814
0.05º,SWA,MAP,9.673336641288111,-0.273644175882847
0.05º,SWA,MAP,8.933524755784017,-0.3226366262262728
0.05º,SWA,MAP,2.046892896110636,-0.778689003904159
0.05º,SWA,MAP,9.175808753496325,-0.30659188977433155
0.05º,SWA,MAP,2.275333169065871,-0.7635610383381934
0.05º,SWA,MAP,24.003752343448596,0.6753567707704515
0.05º,SWA,MAP,2.974532751389486,-0.7172580503917472
0.05º,SWA,MAP,39.17907959737899,1.6803101670339218
0.05º,SWA,MAP,1.3536343044704924,-0.8245985625251864
0.05º,SWA,MAP,2.192409279905702,-0.7690524944793652
0.05º,SWA,MAP,13.992889027536599,0.012408886977731138
0.05º,SWA,MAP,3.4826311182092633,-0.6836103292700028
0.05º,SWA,MAP,5.1550797827449815,-0.5728560148899839
0.05º,SWA,MAP,3.313773355366275,-0.6947925713010972
0.05º,SWA,MAP,4.328504880269378,-0.6275941593536468
0.05º,SWA,MAP,4.070429625334561,-0.64468463783879
0.05º,SWA,MAP,1.6164385006751572,-0.8071949200792046
0.05º,SWA,MAP,5.312108499032484,-0.5624571260157326
0.05º,SWA,MAP,16.00159166124132,0.14543089698427708
0.05º,SWA,MAP,7.764770743287638,-0.4000348460208798
0.05º,SWA,MAP,5.291489683551548,-0.5638225627076583
0.05º,SWA,MAP,1.9833485167703708,-0.7828970937043256
0.05º,SWA,MAP,3.906296906647867,-0.6555539739870059
0.05º,SWA,MAP,2.602495122838895,-0.7418954418689483
0.05º,SWA,MAP,3.396163281099285,-0.689336475739017
0.05º,SWA,MAP,3.7370350684648708,-0.6667629750380867
0.05º,SWA,MAP,5.713958033808954,-0.5358455051918116
0.05º,SWA,MAP,2.2701511618531702,-0.763904205616284
0.05º,SWA,MAP,7.955215265721455,-0.38742306728180387
0.05º,SWA,MAP,22.046689822350018,0.5457545161127421
0.05º,SWA,MAP,1.707310240945699,-0.8011771345987893
0.05º,SWA,MAP,0.8666887636537758,-0.8568454832571507
0.05º,SWA,MAP,3.625138883237488,-0.6741730591497199
0.05º,SWA,MAP,8.27491515359761,-0.36625163007125017
0.05º,SWA,MAP,24.91945318528162,0.7359970888053113
0.05º,SWA,MAP,5.08659089641807,-0.5773915440267744
0.05º,SWA,MAP,10.224469220196758,-0.23714660665762718
0.05º,SWA,MAP,7.063721079885233,-0.4464603516061475
0.05º,SWA,MAP,1.3440197132252112,-0.8252352681437178
0.05º,SWA,MAP,9.659523481204177,-0.2745589226891068
0.05º,SWA,MAP,6.697891800491896,-0.47068660851825017
0.05º,SWA,MAP,1.7868610429175016,-0.7959090538991562
0.05º,SWA,MAP,1.5683627658420178,-0.8103786321791141
0.05º,SWA,MAP,7.038189358181455,-0.4481511349421061
0.05º,SWA,MAP,4.402399416323053,-0.6227006526944596
0.05º,SWA,MAP,3.312697752022441,-0.6948638008182819
0.05º,SWA,MAP,6.195631898479689,-0.5039476898701133
0.05º,SWA,MAP,2.3885499106513066,-0.7560635032230479
0.05º,SWA,MAP,12.144011462176284,-0.11002905175620659
0.05º,SWA,MAP,22.541896678783285,0.5785485246964235
0.05º,SWA,MAP,8.120197719997837,-0.3764974592224462
0.05º,SWA,MAP,14.924043349277825,0.0740725784699124
0.05º,SWA,MAP,1.612090358027697,-0.8074828664705993
0.05º,SWA,MAP,2.480169319812161,-0.749996204979051
0.05º,SWA,MAP,6.621847741397807,-0.4757224627158901
0.05º,SWA,MAP,7.316429138183594,-0.42972530417023075
0.05º,SWA,MAP,14.051792003490322,0.016309609825035012
0.05º,SWA,MAP,5.45972503850489,-0.5526815382998873
0.05º,SWA,MAP,4.420477407949932,-0.62150347659545
0.05º,SWA,MAP,7.946993557023417,-0.38796753225056047
0.05º,SWA,MAP,6.551340456362128,-0.48039165596439615
0.05º,SWA,MAP,27.460147904761055,0.9042491300618337
0.05º,SWA,MAP,1.826687377176174,-0.7932716406029381
0.05º,SWA,MAP,0.9743680197095159,-0.8497146562067942
0.05º,SWA,MAP,2.2361878894624243,-0.7661533502552217
0.05º,SWA,MAP,1.8569772979359476,-0.7912657557722038
0.05º,SWA,MAP,4.793978608684786,-0.5967691631993577
0.05º,SWA,MAP,5.528578063588081,-0.5481218948574405
0.05º,SWA,MAP,15.773231035397366,0.13030820587688788
0.05º,SWA,MAP,4.900462068157424,-0.5897175252048494
0.05º,SWA,MAP,6.534732112178081,-0.4814915078235874
0.05º,SWA,MAP,4.840778727590305,-0.5936699260196484
0.05º,SWA,MAP,2.359357904504849,-0.7579966810207808
0.05º,SWA,MAP,1.8685903666931962,-0.7904967052803528
0.05º,SWA,MAP,7.137718954204041,-0.4415600015926937
0.05º,SWA,MAP,5.814567248026528,-0.529182876450335
0.05º,SWA,MAP,9.822559968924812,-0.26376218207797536
0.05º,SWA,MAP,2.4752847647961227,-0.7503196741254137
0.05º,SWA,MAP,4.0099124202021885,-0.6486922595402859
0.05º,SWA,MAP,0.920828642668558,-0.8532601862563821
0.05º,SWA,MAP,9.56271328396267,-0.28096996970528176
0.05º,SWA,MAP,5.945393153599339,-0.5205192123378798
0.05º,SWA,MAP,58.1764976595655,2.9383733034902804
0.05º,SWA,MAP,1.712409031243971,-0.8008394781818077
0.05º,SWA,MAP,4.256208725917487,-0.6323818166237004
0.05º,SWA,MAP,9.929515179292643,-0.256679303395449
0.05º,SWA,MAP,3.275203422263827,-0.6973467821340082
0.05º,SWA,MAP,3.975139947585117,-0.6509949917231423
0.05º,SWA,MAP,6.53589879730601,-0.4814142466112219
0.05º,SWA,MAP,2.2922601111141225,-0.7624400880209382
0.05º,SWA,MAP,2.009139826268324,-0.7811891197252249
0.05º,SWA,MAP,15.90968737190153,0.13934473316337612
0.05º,SWA,MAP,26.225542986834526,0.822490075739463
0.05º,SWA,MAP,5.946484318485975,-0.520446952291005
0.05º,SWA,MAP,1.7750303951310684,-0.7966925130940736
0.05º,SWA,MAP,3.358746375566644,-0.6918143298019637
0.05º,SWA,MAP,11.220261279447572,-0.17120242007297784
0.05º,SWA,MAP,1.8343185142234562,-0.7927662849710829
0.05º,SWA,MAP,2.841241977832965,-0.7260849450830309
0.05º,SWA,MAP,11.447777171193795,-0.1561356696636869
0.05º,SWA,MAP,6.207091814205979,-0.5031887816082143
0.05º,SWA,MAP,9.403993112069587,-0.29148087158768854
0.05º,SWA,MAP,3.1420561237099744,-0.70616417550194
0.05º,SWA,MAP,39.54370352662637,1.704456602226032
0.05º,SWA,MAP,5.450022379557295,-0.5533240760125185
0.05º,SWA,MAP,11.23486318705995,-0.17023544015871042
0.05º,SWA,MAP,3.692594410460673,-0.6697059619962055
0.05º,SWA,MAP,2.1948174370659848,-0.7688930194527995
0.05º,SWA,MAP,5.175626307357978,-0.571495365505247
0.05º,SWA,MAP,3.982179712366164,-0.6505287984472261
0.05º,SWA,MAP,10.704052960431133,-0.20538720532962973
0.05º,SWA,MAP,2.734704147150486,-0.7331401836939261
0.05º,SWA,MAP,13.621015760633675,-0.012217620002992672
0.05º,SWA,MAP,2.662154633321873,-0.737944619150199
0.05º,SWA,MAP,2.694548383171183,-0.7357994127645943
0.05º,SWA,MAP,4.480279898937827,-0.6175431853003983
0.05º,SWA,MAP,12.562814218026618,-0.08229474034310094
0.05º,SWA,MAP,12.199648633415311,-0.10634459979945084
0.05º,SWA,MAP,12.455928661205153,-0.08937300636938539
0.05º,SWA,MAP,6.402522051775893,-0.4902468346114803
0.05º,SWA,MAP,22.344743516710064,0.5654924807314902
0.05º,SWA,MAP,3.0838194482120462,-0.7100207740351662
0.05º,SWA,MAP,1.4848688855583292,-0.815907834756052
0.05º,SWA,MAP,4.166565930401835,-0.6383182178819121
0.05º,SWA,MAP,3.188559826509428,-0.7030845678410882
0.05º,SWA,MAP,6.64361204924406,-0.4742811682567047
0.05º,SWA,MAP,1.9041366106198185,-0.7881427317573622
0.05º,SWA,MAP,13.729423617139256,-0.005038542955497054
0.05º,SWA,MAP,13.690822083273051,-0.007594846480995937
0.05º,SWA,MAP,8.856355643566745,-0.32774698464633906
0.05º,SWA,MAP,6.980119493272596,-0.4519966868029798
0.05º,SWA,MAP,1.153704655023268,-0.8378384733925922
0.05º,SWA,MAP,15.54666858249241,0.11530459490344759
0.05º,SWA,MAP,6.627402411566846,-0.47535461663533496
0.05º,SWA,MAP,0.8483814663357205,-0.858057844632186
0.05º,SWA,MAP,5.894089687017748,-0.5239166740280655
0.05º,SWA,MAP,26.779841670283556,0.8591973134257013
0.05º,SWA,MAP,2.126928023350091,-0.7733888498057465
0.05º,SWA,MAP,7.5967795289592965,-0.41115970274105146
0.05º,SWA,MAP,19.361506803536138,0.3679340481128112
0.05º,SWA,MAP,11.541908075780063,-0.14990205303885784
0.05º,SWA,MAP,3.493878070219062,-0.6828655240720172
0.05º,SWA,MAP,6.211153006847989,-0.502919837863531
0.05º,SWA,MAP,2.4001590587474575,-0.7552947123685423
0.05º,SWA,MAP,5.433800968123074,-0.5543983040828744
0.05º,SWA,MAP,27.708691443926025,0.9207083911784919
0.05º,SWA,MAP,2.9412913852267857,-0.7194593883439809
0.05º,SWA,MAP,2.084562278088223,-0.7761944301318724
0.05º,SWA,MAP,9.741940251103156,-0.26910104942989316
0.05º,SWA,MAP,5.075756873613525,-0.5781090038765976
0.05º,SWA,MAP,19.249533570842978,0.3605188616985317
0.05º,SWA,MAP,4.805755991994595,-0.5959892313298012
0.05º,SWA,MAP,3.696546860683112,-0.6694442194842887
0.05º,SWA,MAP,2.238475516990377,-0.7660018570442264
0.05º,SWA,MAP,9.249520101664977,-0.3017105143386841
0.05º,SWA,MAP,1.0098407415696076,-0.8473655515244701
0.05º,SWA,MAP,3.372011214967748,-0.6909358943531613
0.05º,SWA,MAP,4.778898922013657,-0.5977677830038047
0.05º,SWA,MAP,5.732806829758633,-0.5345972842349818
0.05º,SWA,MAP,7.43076616452065,-0.42215358060780606
0.05º,SWA,MAP,2.7229474856529743,-0.7339187433060481
0.05º,SWA,MAP,7.526917916757093,-0.41578613769538575
0.05º,SWA,MAP,8.77689597047406,-0.3330090305320248
0.05º,SWA,MAP,3.6713547883210316,-0.6711125102733806
0.05º,SWA,MAP,2.5930403721185433,-0.742521562392628
0.05º,SWA,MAP,4.274625660460686,-0.6311621947593247
0.05º,SWA,MAP,1.1966437351556465,-0.8349949251982502
0.05º,SWA,MAP,26.77490347403068,0.858870292003843
0.05º,SWA,MAP,5.27085386676553,-0.5651891252744331
0.05º,SWA,MAP,20.481206634898236,0.4420837603064338
0.05º,SWA,MAP,4.0764350285605815,-0.6442869429313305
0.05º,SWA,MAP,7.5909675315574345,-0.41154458976393676
0.05º,SWA,MAP,3.922550436891154,-0.6544776189176263
0.05º,SWA,MAP,1.890151224018622,-0.7890688838941663
0.05º,SWA,MAP,8.21742672390408,-0.3700586776360006
0.05º,SWA,MAP,2.4726170198417017,-0.7504963397951188
0.05º,SWA,MAP,9.740446867766215,-0.2691999455282289
0.05º,SWA,MAP,3.9119285771876346,-0.6551810287225728
0.05º,SWA,MAP,1.8692571851942337,-0.7904525466598434
0.05º,SWA,MAP,0.5133356366838727,-0.8802455338186139
0.05º,SWA,MAP,3.34853904629931,-0.6924902882206745
0.05º,SWA,MAP,5.698864689579725,-0.5368450294386583
QDS,Cape,MAP,24.73186348077481,-0.2755729264480916
QDS,Cape,MAP,13.179865310670502,-0.665669026765182
QDS,Cape,MAP,12.492717422572289,-0.6888731259643958
QDS,Cape,MAP,13.78650967635374,-0.6451834278369553
QDS,Cape,MAP,13.025383001011868,-0.6708856954036662
QDS,Cape,MAP,17.001267841683056,-0.5366251848999961
QDS,Cape,MAP,8.580431197032862,-0.820985993144102
QDS,Cape,MAP,14.35753437794804,-0.6259006590902341
QDS,Cape,MAP,20.043790322845172,-0.43388311919399863
QDS,Cape,MAP,20.583039805169925,-0.4156733586785158
QDS,Cape,MAP,29.97184302910483,-0.09862556570189508
QDS,Cape,MAP,28.175316052370423,-0.15929196794840927
QDS,Cape,MAP,23.094041175312473,-0.33088007634244054
QDS,Cape,MAP,9.813009506827902,-0.7793634110672789
QDS,Cape,MAP,15.988365776120569,-0.5708295831314308
QDS,Cape,MAP,21.146598671546926,-0.39664270157178916
QDS,Cape,MAP,34.396210060897005,0.05077961079304232
QDS,Cape,MAP,25.898050531250803,-0.23619229169277403
QDS,Cape,MAP,25.40097096492917,-0.2529780284557179
QDS,Cape,MAP,26.986678548590838,-0.19943072559771646
QDS,Cape,MAP,20.144256136152475,-0.43049051806913113
QDS,Cape,MAP,11.927706272513777,-0.7079528248206423
QDS,Cape,MAP,10.772327118449734,-0.7469684908336824
QDS,Cape,MAP,14.374308303550428,-0.6253342252258802
QDS,Cape,MAP,7.9089689137023145,-0.8436604096718957
QDS,Cape,MAP,16.785565331427605,-0.5439091808667734
QDS,Cape,MAP,15.801731691043486,-0.5771319758173328
QDS,Cape,MAP,13.202970425723,-0.6648887967870745
QDS,Cape,MAP,16.406571014666728,-0.5567073308347477
QDS,Cape,MAP,18.54462199964981,-0.4845081026804825
QDS,Cape,MAP,18.84642964976805,-0.47431644703586184
QDS,Cape,MAP,9.46927939520942,-0.7909707342445746
QDS,Cape,MAP,11.58965352628986,-0.7193684306804762
QDS,Cape,MAP,19.784953400140044,-0.44262370871613455
QDS,Cape,MAP,14.356929523797675,-0.6259210842358967
QDS,Cape,MAP,10.389010601671613,-0.7599125959296518
QDS,Cape,MAP,10.996533394870015,-0.73939733363557
QDS,Cape,MAP,6.941342865261287,-0.8763358951163911
QDS,Cape,MAP,5.902353024086001,-0.9114212439316682
QDS,Cape,MAP,19.71131003958546,-0.44511055015633966
QDS,Cape,MAP,16.272007705676256,-0.5612513604744678
QDS,Cape,MAP,16.186309101669867,-0.5641452919600204
QDS,Cape,MAP,14.527324621647946,-0.6201670612343557
QDS,Cape,MAP,16.043249322857434,-0.568976236442974
QDS,Cape,MAP,13.55854452914,-0.6528815172606907
QDS,Cape,MAP,11.199788704632557,-0.7325336635986145
QDS,Cape,MAP,8.7845119857832,-0.8140944477448679
QDS,Cape,MAP,4.1616826005220044,-0.9702014423156055
QDS,Cape,MAP,12.737880092196962,-0.6805942983576349
QDS,Cape,MAP,13.801198546091703,-0.6446874036237871
QDS,Cape,MAP,23.899592189082384,-0.30367765608138514
QDS,Cape,MAP,24.722140921829705,-0.2759012447419261
QDS,Cape,MAP,14.329214589222504,-0.6268569818822708
QDS,Cape,MAP,14.615929328528036,-0.6171749943975454
QDS,Cape,MAP,9.748942441037656,-0.7815268733666595
QDS,Cape,MAP,6.461948964204595,-0.8925244097408116
QDS,Cape,MAP,8.24907540304,-0.8321754515521378
QDS,Cape,MAP,15.354313229953505,-0.5922407210154372
QDS,Cape,MAP,10.938231488287045,-0.7413661139335038
QDS,Cape,MAP,12.870049512221827,-0.6761311072651794
QDS,Cape,MAP,13.484472068504036,-0.6553828488580034
QDS,Cape,MAP,22.542577782148143,-0.34950228489660734
QDS,Cape,MAP,16.784372239207524,-0.5439494700544549
QDS,Cape,MAP,10.31538437187576,-0.7623988588861974
QDS,Cape,MAP,9.439644686739719,-0.7919714601828787
QDS,Cape,MAP,8.433457799943522,-0.8259490954758945
QDS,Cape,MAP,8.199387936115064,-0.833853333317408
QDS,Cape,MAP,6.333470661891705,-0.8968629565419461
QDS,Cape,MAP,5.153610475016573,-0.9367053155037487
QDS,Cape,MAP,9.70203508985385,-0.7831108742038793
QDS,Cape,MAP,15.511287565819995,-0.5869398998614092
QDS,Cape,MAP,15.429683824704009,-0.5896955531009512
QDS,Cape,MAP,14.428097831820265,-0.6235178221320621
QDS,Cape,MAP,14.841773091812591,-0.6095485413769555
QDS,Cape,MAP,14.153490593194938,-0.6327909549121392
QDS,Cape,MAP,11.644108692382353,-0.7175295498546658
QDS,Cape,MAP,14.059240892923114,-0.6359736459055677
QDS,Cape,MAP,8.71718849337957,-0.8163678753770112
QDS,Cape,MAP,5.266486749739947,-0.9328936290803678
QDS,Cape,MAP,8.22965595359174,-0.8328312213495809
QDS,Cape,MAP,15.41046382951146,-0.5903445875850571
QDS,Cape,MAP,23.96742401499808,-0.3013870626812251
QDS,Cape,MAP,30.572058882536723,-0.07835704935307695
QDS,Cape,MAP,30.095435081764496,-0.09445202125851977
QDS,Cape,MAP,23.611163107190194,-0.3134175347073498
QDS,Cape,MAP,18.574321078670028,-0.4835052030315907
QDS,Cape,MAP,14.515114473374553,-0.6205793822160254
QDS,Cape,MAP,14.558525121403525,-0.6191134605409194
QDS,Cape,MAP,10.433539458321931,-0.7584089137895506
QDS,Cape,MAP,11.140727695933101,-0.7345280777973698
QDS,Cape,MAP,14.804430919066379,-0.6108095384573882
QDS,Cape,MAP,11.193471401826834,-0.7327469907782719
QDS,Cape,MAP,37.46206367492675,0.1543095388076746
QDS,Cape,MAP,75.10136235366635,1.4253401793114853
QDS,Cape,MAP,28.617184893761152,-0.1443706262601602
QDS,Cape,MAP,14.260679562800938,-0.6291713214578577
QDS,Cape,MAP,22.594671942071894,-0.3477431322083615
QDS,Cape,MAP,16.43236244121385,-0.5558363875771833
QDS,Cape,MAP,21.895069680390527,-0.3713677995634164
QDS,Cape,MAP,17.22756305956968,-0.5289834868389255
QDS,Cape,MAP,18.914001276777615,-0.4720346402176503
QDS,Cape,MAP,17.00012038713621,-0.5366639329622296
QDS,Cape,MAP,41.22386979939025,0.2813408867782662
QDS,Cape,MAP,60.805874520761016,0.9425999664383016
QDS,Cape,MAP,25.99984487180357,-0.23275482791384527
QDS,Cape,MAP,12.554896450278196,-0.6867734202795079
QDS,Cape,MAP,16.299285363091382,-0.5603302291146166
QDS,Cape,MAP,23.026981974093637,-0.3331445792016555
QDS,Cape,MAP,17.53711113221246,-0.5185304470945875
QDS,Cape,MAP,30.222998685483567,-0.09014436265085267
QDS,Cape,MAP,25.496923578756817,-0.24973783226470173
QDS,Cape,MAP,28.910569391132878,-0.13446340963556075
QDS,Cape,MAP,29.317827590188855,-0.12071082476370358
QDS,Cape,MAP,20.630926347897383,-0.41405629180397346
QDS,Cape,MAP,20.51756480840988,-0.4178843649934637
QDS,Cape,MAP,14.622046161227761,-0.616968436835181
QDS,Cape,MAP,24.696691282295873,-0.2767606462922411
QDS,Cape,MAP,22.673687184273106,-0.3450748892434282
QDS,Cape,MAP,24.68327218522026,-0.27721379191794937
QDS,Cape,MAP,28.723857332865403,-0.1407684353756801
QDS,Cape,MAP,28.95629836047137,-0.13291920123561224
QDS,Cape,MAP,27.284341724537036,-0.18937902350819272
QDS,Cape,MAP,25.706776243610147,-0.24265137804310327
QDS,Cape,MAP,30.22917942941924,-0.08993564688836198
QDS,Cape,MAP,24.198016370608467,-0.2936002558135323
QDS,Cape,MAP,19.257995944552952,-0.4604183833196611
QDS,Cape,MAP,31.545322699619547,-0.04549118372246395
QDS,Cape,MAP,20.341485628479198,-0.423830332126297
QDS,Cape,MAP,18.541088233191484,-0.48462743342262127
QDS,Cape,MAP,7.440820947152588,-0.8594691635717221
QDS,Cape,MAP,10.382678845487993,-0.7601264111812661
QDS,Cape,MAP,5.7604456239276445,-0.916213274071629
QDS,Cape,MAP,26.06484658041117,-0.23055980393025477
QDS,Cape,MAP,26.017370477998217,-0.23216301076398482
QDS,Cape,MAP,38.46759183718837,0.18826492982153298
QDS,Cape,MAP,48.10444621427561,0.5136890907735486
QDS,Cape,MAP,57.71767170187867,0.8383153345594713
QDS,Cape,MAP,39.99034051118071,0.23968619138515632
QDS,Cape,MAP,29.077963427319943,-0.128810728621301
QDS,Cape,MAP,28.947649650102765,-0.13321125704603431
QDS,Cape,MAP,32.88982788572586,-8.897518390080514e-5
QDS,Cape,MAP,16.5621353204162,-0.551454124581785
QDS,Cape,MAP,10.12499910762875,-0.7688279240615018
QDS,Cape,MAP,15.704782301438096,-0.5804058318426099
QDS,Cape,MAP,10.61050964754551,-0.7524328584204324
QDS,Cape,MAP,9.313428757682674,-0.7962336095528874
QDS,Cape,MAP,9.689176800515902,-0.7835450820745543
QDS,Cape,MAP,21.243342840709392,-0.39337577557656506
QDS,Cape,MAP,26.870039361788933,-0.20336948071571254
QDS,Cape,MAP,40.431571163601376,0.2545859822538137
QDS,Cape,MAP,43.492721162019,0.3579570752270392
QDS,Cape,MAP,60.07315103130575,0.9178568378783487
QDS,Cape,MAP,65.63444513862515,1.1056545774586801
QDS,Cape,MAP,38.215368723928165,0.17974768012638745
QDS,Cape,MAP,22.153549078482154,-0.36263928318702043
QDS,Cape,MAP,22.573354886843862,-0.3484629817090496
QDS,Cape,MAP,15.771995389961932,-0.5781361324072974
QDS,Cape,MAP,8.793690487383211,-0.8137845015668825
QDS,Cape,MAP,6.904721241214048,-0.8775725601952583
QDS,Cape,MAP,14.823654053823972,-0.6101603979542141
QDS,Cape,MAP,5.894241940905474,-0.9116951447643622
QDS,Cape,MAP,23.49381323265453,-0.3173802888348159
QDS,Cape,MAP,30.195464856262127,-0.09107414460267785
QDS,Cape,MAP,35.694257449161896,0.09461299933177561
QDS,Cape,MAP,33.285135626145376,0.01326005809087008
QDS,Cape,MAP,45.376670935359996,0.4215756327226168
QDS,Cape,MAP,62.778523527545715,1.0092137828110013
QDS,Cape,MAP,80.99707004405833,1.62443063489893
QDS,Cape,MAP,38.881990642783094,0.2022586437797738
QDS,Cape,MAP,14.392190165578578,-0.6247303777753465
QDS,Cape,MAP,14.482543764467604,-0.6216792531078028
QDS,Cape,MAP,13.525027458285118,-0.6540133455766247
QDS,Cape,MAP,17.21355679326617,-0.529456460413241
QDS,Cape,MAP,19.64181613344746,-0.4474572698650037
QDS,Cape,MAP,25.882408642536483,-0.23672049812937487
QDS,Cape,MAP,40.797001236888626,0.2669260851891535
QDS,Cape,MAP,42.91523610895218,0.33845614873141616
QDS,Cape,MAP,28.79298004943158,-0.13843425026079914
QDS,Cape,MAP,42.14337788146218,0.31239149046989295
QDS,Cape,MAP,59.759955973684015,0.9072806441482452
QDS,Cape,MAP,64.71995907065308,1.0747735607153235
QDS,Cape,MAP,88.44419072280697,1.8759103090291391
QDS,Cape,MAP,67.6083580403269,1.1723110739349512
QDS,Cape,MAP,25.668599261060177,-0.2439405655754523
QDS,Cape,MAP,14.4054967216209,-0.6242810325153901
QDS,Cape,MAP,23.106385141066543,-0.3304632365167927
QDS,Cape,MAP,46.13965959165648,0.4473407769881087
QDS,Cape,MAP,44.799756214344164,0.40209396560582167
QDS,Cape,MAP,129.9135904336382,3.276278528576725
QDS,Cape,MAP,44.36928455522327,0.3875574920843258
QDS,Cape,MAP,32.879302938072776,-4.443891110025222e-4
QDS,Cape,MAP,50.98908708476518,0.6110996978238021
QDS,Cape,MAP,63.328489125524506,1.0277854127507717
QDS,Cape,MAP,78.46568857553467,1.5389491428881747
QDS,Cape,MAP,80.84697201026735,1.6193620176099612
QDS,Cape,MAP,60.32360160625336,0.9263142312375406
QDS,Cape,MAP,50.498065974872844,0.5945185473317535
QDS,Cape,MAP,50.48944864633526,0.5942275512453482
QDS,Cape,MAP,69.30296609384041,1.2295358054062844
QDS,Cape,MAP,56.90210518919392,0.8107747037990823
QDS,Cape,MAP,71.77951465371216,1.3131656607114943
QDS,Cape,MAP,94.18361879419398,2.069723403156239
QDS,Cape,MAP,64.0322855113465,1.0515517102764182
QDS,Cape,MAP,31.36669110427666,-0.0515233426364963
QDS,Cape,MAP,25.295876579755614,-0.25652693049134345
QDS,Cape,MAP,37.004194764502245,0.13884789539473913
QDS,Cape,MAP,56.47853083566056,0.7964711434041967
QDS,Cape,MAP,61.27193244584443,0.9583381423295874
QDS,Cape,MAP,41.49195074001634,0.2903936348801672
QDS,Cape,MAP,23.055163912609448,-0.33219291143366325
QDS,Cape,MAP,34.70259577786355,0.06112586185901059
QDS,Cape,MAP,38.64771292416053,0.1943473869495607
QDS,Cape,MAP,60.72207137715541,0.9397700422093086
QDS,Cape,MAP,66.73750013680343,1.1429033241160507
QDS,Cape,MAP,71.3732668186831,1.2994471945315729
QDS,Cape,MAP,71.84431770839541,1.3153539764079074
QDS,Cape,MAP,74.64868138284697,1.4100537259374368
QDS,Cape,MAP,91.27793980834333,1.9716023660453563
QDS,Cape,MAP,88.14477737885875,1.865799506020239
QDS,Cape,MAP,100.85745305173918,2.295090190762602
QDS,Cape,MAP,111.8029880984673,2.6647068124707514
QDS,Cape,MAP,60.40760058685897,0.929150768629804
QDS,Cape,MAP,87.4747484606588,1.8431734923868661
QDS,Cape,MAP,64.29407312698065,1.0603919408985523
QDS,Cape,MAP,29.00006677839491,-0.1314411981319407
QDS,Cape,MAP,12.230766629415854,-0.6977188668813
QDS,Cape,MAP,3.3150010638766694,-0.9987927873619185
QDS,Cape,MAP,44.19501258204224,0.381672551995916
QDS,Cape,MAP,65.65113205379907,1.1062180730929259
QDS,Cape,MAP,45.08794108395849,0.4118255974976854
QDS,Cape,MAP,31.515299055311402,-0.04650504352311944
QDS,Cape,MAP,50.471124248541656,0.5936087599319593
QDS,Cape,MAP,54.82728696580006,0.7407107645658347
QDS,Cape,MAP,72.98759738236166,1.3539610585610375
QDS,Cape,MAP,83.27815457190988,1.7014599215821102
QDS,Cape,MAP,76.37618958838185,1.46838945317023
QDS,Cape,MAP,85.76316074512624,1.7853753795973573
QDS,Cape,MAP,58.15784591109665,0.8531794507017735
QDS,Cape,MAP,34.20652373702437,0.04437414793401111
QDS,Cape,MAP,35.47860730583287,0.0873307717286599
QDS,Cape,MAP,49.05538884198227,0.5458011985865215
QDS,Cape,MAP,48.10889257568393,0.5138392386718122
QDS,Cape,MAP,36.331162793749854,0.11612047254431956
QDS,Cape,MAP,28.57857958067948,-0.1456742779629153
QDS,Cape,MAP,23.142461890666368,-0.32924497114626755
QDS,Cape,MAP,46.31703091933125,0.453330378286095
QDS,Cape,MAP,44.88003352178042,0.40480482688832103
QDS,Cape,MAP,58.93810454657979,0.8795277799222894
QDS,Cape,MAP,82.38816290116083,1.6714060490864948
QDS,Cape,MAP,115.95889933134515,2.805046582382176
QDS,Cape,MAP,134.0168766859306,3.414841220669806
QDS,Cape,MAP,148.1258084612829,3.8912816757460824
QDS,Cape,MAP,139.7259563160391,3.6076294870208683
QDS,Cape,MAP,132.76615184803757,3.372605853710135
QDS,Cape,MAP,120.29150247274225,2.951353010481734
QDS,Cape,MAP,97.67550310745773,2.1876398391965255
QDS,Cape,MAP,84.32503439002909,1.7368117047572353
QDS,Cape,MAP,67.44658344641988,1.166848154249175
QDS,Cape,MAP,52.28605595836042,0.6548966663111668
QDS,Cape,MAP,33.173123071892064,0.00947753839537234
QDS,Cape,MAP,59.84322910647613,0.9100926705946706
QDS,Cape,MAP,72.15591689904278,1.3258762797656132
QDS,Cape,MAP,91.91530713601078,1.993125439831504
QDS,Cape,MAP,88.32021219512559,1.8717237138220244
QDS,Cape,MAP,99.33265131444111,2.2435995998952962
QDS,Cape,MAP,59.82584863921744,0.9095057545997521
QDS,Cape,MAP,69.8317099262756,1.2473908036552857
QDS,Cape,MAP,80.98182847576378,1.6239159467673294
QDS,Cape,MAP,91.08697856573411,1.965153850822566
QDS,Cape,MAP,82.53163604359567,1.6762509523266038
QDS,Cape,MAP,71.69273198445634,1.310235121738643
QDS,Cape,MAP,63.53230830471213,1.0346681239320017
QDS,Cape,MAP,64.86137798507553,1.0795490953211067
QDS,Cape,MAP,62.2967556253647,0.9929451012261028
QDS,Cape,MAP,75.31442407035307,1.4325349990805405
QDS,Cape,MAP,86.73664407835429,1.8182486580054784
QDS,Cape,MAP,106.15262336965438,2.4739012727171685
QDS,Cape,MAP,122.62108876833034,3.030020139395661
QDS,Cape,MAP,128.12207216799652,3.215781264053063
QDS,Cape,MAP,125.12919315029401,3.1147155941719844
QDS,Cape,MAP,120.10785736370836,2.94515155166729
QDS,Cape,MAP,123.01577516469237,3.0433481906818436
QDS,Cape,MAP,111.60689499822297,2.6580850010249737
QDS,Cape,MAP,95.99237890333164,2.1308029025288873
QDS,Cape,MAP,59.26303543675031,0.8905002776029167
QDS,Cape,MAP,34.425642897109945,0.051773519765228045
QDS,Cape,MAP,28.60271762931003,-0.1448591671481985
QDS,Cape,MAP,25.00421701523578,-0.26637589835508574
QDS,Cape,MAP,40.54233627252056,0.2583263773269701
QDS,Cape,MAP,0,-1.1107361038793948
QDS,Cape,MAP,78.62094026873413,1.544191792617939
QDS,Cape,MAP,64.52324401413331,1.0681307466071455
QDS,Cape,MAP,62.22740880817824,0.9906033485218952
QDS,Cape,MAP,83.99627652742232,1.7257099751462166
QDS,Cape,MAP,82.20108683730619,1.6650887313465021
QDS,Cape,MAP,71.15934984937128,1.292223493982853
QDS,Cape,MAP,59.935348107608775,0.9132034106223091
QDS,Cape,MAP,58.857130963360845,0.8767934063033465
QDS,Cape,MAP,126.23933503704309,3.1522036559291444
QDS,Cape,MAP,114.6679421855376,2.761452622199662
QDS,Cape,MAP,65.51663729587872,1.1016763583345563
QDS,Cape,MAP,64.15025041292412,1.0555352330749943
QDS,Cape,MAP,75.88207247918518,1.4517037547690301
QDS,Cape,MAP,44.68769532895808,0.39830981383021613
QDS,Cape,MAP,40.276956660139916,0.24936484960086122
QDS,Cape,MAP,55.55586995611288,0.7653140738023205
QDS,Cape,MAP,124.54420524762294,3.0949613061081904
QDS,Cape,MAP,70.7840333851687,1.279549540359044
QDS,Cape,MAP,81.77801529576438,1.6508021502649963
QDS,Cape,MAP,87.88285908559537,1.8569548625828667
QDS,Cape,MAP,49.61591639302884,0.5647294920785885
QDS,Cape,MAP,89.1760502963596,1.9006242642617026
QDS,Cape,MAP,81.01599797526357,1.6250698067583353
QDS,Cape,MAP,124.82952937661811,3.10459633447371
QDS,Cape,MAP,80.33079493977644,1.6019313827270105
QDS,Cape,MAP,26.62422043969211,-0.2116704691232666
QDS,Cape,MAP,20.828413218182764,-0.4073874145389541
QDS,Cape,MAP,25.476860637154026,-0.25041533196344584
QDS,Cape,MAP,24.804087108194892,-0.2731340275673559
QDS,Cape,MAP,33.89606302963622,0.03389028968970964
QDS,Cape,MAP,49.391958424888664,0.5571667199312975
QDS,Cape,MAP,47.120175537039096,0.4804515376513463
QDS,Cape,MAP,50.626425745671845,0.5988530914763215
QDS,Cape,MAP,47.04277110221458,0.4778376895769556
QDS,Cape,MAP,53.64777843710818,0.7008802806479778
QDS,Cape,MAP,52.467452863947045,0.6610222061906706
QDS,Cape,MAP,57.54454348989315,0.832469017813577
QDS,Cape,MAP,34.1194030207681,0.041432193549326785
QDS,Cape,MAP,38.73739371902397,0.19737579189166857
QDS,Cape,MAP,26.264066367018785,-0.22383240831286685
QDS,Cape,MAP,13.12986312600942,-0.6673575361430749
QDS,Cape,MAP,10.126307368833611,-0.768783745765531
QDS,Cape,MAP,17.339828185014653,-0.5251924381395733
QDS,Cape,MAP,81.56734842587201,1.643688201387849
QDS,Cape,MAP,25.05233815602285,-0.2647509094062107
QDS,Cape,MAP,21.022943304085345,-0.4008183840744816
QDS,Cape,MAP,24.01759100420575,-0.29969298806604666
QDS,Cape,MAP,36.94920478178602,0.13699095450033896
QDS,Cape,MAP,45.86944969528319,0.4382161367925194
QDS,Cape,MAP,45.718729200545184,0.433126499799041
QDS,Cape,MAP,35.76180564570897,0.09689401493344509
QDS,Cape,MAP,23.9443219839667,-0.30216718851591134
QDS,Cape,MAP,33.117829607127895,0.0076103493030693515
QDS,Cape,MAP,14.240619147265392,-0.6298487358545644
QDS,Cape,MAP,23.122971465961758,-0.3299031376867081
QDS,Cape,MAP,37.42419554353967,0.15303078078132495
QDS,Cape,MAP,30.477773404071115,-0.08154094853003055
QDS,SWA,MAP,18.21388297294603,-0.4956767336515043
QDS,SWA,MAP,7.966086516472818,-0.8417316217884371
QDS,SWA,MAP,5.90286734747508,-0.9114038758932191
QDS,SWA,MAP,15.335642597662707,-0.5928712042218789
QDS,SWA,MAP,18.03896042188305,-0.5015836429171046
QDS,SWA,MAP,14.673754016464748,-0.615222329158683
QDS,SWA,MAP,8.792111243101354,-0.8138378306123627
QDS,SWA,MAP,16.34758185334121,-0.5586993188402177
QDS,SWA,MAP,13.843183837768105,-0.6432696143969826
QDS,SWA,MAP,15.585636376397751,-0.5844292362824748
QDS,SWA,MAP,19.756259819922096,-0.44359265396546155
QDS,SWA,MAP,11.353619075364216,-0.7273390100980582
QDS,SWA,MAP,18.04971386854034,-0.5012205128729159
QDS,SWA,MAP,17.826443489236077,-0.508760066030768
QDS,SWA,MAP,15.81721123130645,-0.5766092516788446
QDS,SWA,MAP,19.447895560172856,-0.45400571787302435
QDS,SWA,MAP,18.352047451417388,-0.4910110971563823
QDS,SWA,MAP,16.631601010808676,-0.549108357682508
QDS,SWA,MAP,14.101283257058846,-0.6345539294153155
QDS,SWA,MAP,9.76745103709761,-0.7809018619150462
QDS,SWA,MAP,20.638169932816258,-0.4138116852703193
QDS,SWA,MAP,17.306916891608143,-0.52630381013126
QDS,SWA,MAP,15.946340734479666,-0.5722487146633424
QDS,SWA,MAP,11.13083593464355,-0.7348621098364596
QDS,SWA,MAP,16.233326912243996,-0.5625575610514506
QDS,SWA,MAP,14.638018765911184,-0.6164290625462346
QDS,SWA,MAP,7.889140112596186,-0.8443300027476184
QDS,SWA,MAP,14.488208577448281,-0.6214879596691917
QDS,SWA,MAP,16.025890225240275,-0.5695624308126201
QDS,SWA,MAP,18.357826547504928,-0.49081594452443844
QDS,SWA,MAP,15.939492539423794,-0.5724799693905478
QDS,SWA,MAP,16.557577156858425,-0.551608047894645
QDS,SWA,MAP,18.02672107670922,-0.5019969498404991
QDS,SWA,MAP,10.838562382201737,-0.7447318112815685
QDS,SWA,MAP,8.711746851911256,-0.8165516326010736
QDS,SWA,MAP,6.450961486102557,-0.8928954427254788
QDS,SWA,MAP,11.637205251861019,-0.717762670150089
QDS,SWA,MAP,18.881632333889293,-0.47312769773083435
QDS,SWA,MAP,18.589656104074802,-0.4829873589737422
QDS,SWA,MAP,21.01837751471583,-0.40097256490118277
QDS,SWA,MAP,18.361794468543188,-0.4906819529412855
QDS,SWA,MAP,16.770216120322683,-0.5444275039574461
QDS,SWA,MAP,16.448062116487833,-0.5553062297628863
QDS,SWA,MAP,14.300407556232654,-0.6278297582855883
QDS,SWA,MAP,12.047974795542252,-0.7038915116925186
QDS,SWA,MAP,9.485754553807421,-0.7904143893571751
QDS,SWA,MAP,7.134272671115383,-0.8698209040481457
QDS,SWA,MAP,12.568052000367564,-0.6863291742961013
QDS,SWA,MAP,19.62301330167456,-0.4480922172776954
QDS,SWA,MAP,28.916896988892816,-0.13424973480855854
QDS,SWA,MAP,23.794014528508757,-0.3072428777048578
QDS,SWA,MAP,15.835878451758187,-0.5759788836858141
QDS,SWA,MAP,15.1237251710055,-0.6000273827903752
QDS,SWA,MAP,16.38544540970414,-0.5574207153065416
QDS,SWA,MAP,15.660831888755334,-0.581889980674908
QDS,SWA,MAP,11.815294241923674,-0.7117488343175454
QDS,SWA,MAP,7.745956808139184,-0.8491651185324998
QDS,SWA,MAP,6.199339172594924,-0.9013924041867535
QDS,SWA,MAP,7.684235795427028,-0.8512493576409289
QDS,SWA,MAP,5.307108308643585,-0.9315218913529398
QDS,SWA,MAP,17.057448980507274,-0.534728020197926
QDS,SWA,MAP,25.94163709211874,-0.23472042966765547
QDS,SWA,MAP,34.0043795352064,0.037547998581341155
QDS,SWA,MAP,32.81111797191479,-0.0027469076023331853
QDS,SWA,MAP,19.526941920150946,-0.4513364241008427
QDS,SWA,MAP,13.595073737627205,-0.6516479729362633
QDS,SWA,MAP,12.880108906310296,-0.6757914144823653
QDS,SWA,MAP,13.93041362809549,-0.640323976721394
QDS,SWA,MAP,12.49237970291769,-0.6888845303221806
QDS,SWA,MAP,9.250859058849032,-0.7983465076986113
QDS,SWA,MAP,8.399222816061853,-0.8271051667901386
QDS,SWA,MAP,8.448828588546924,-0.8254300437408878
QDS,SWA,MAP,7.469090435453144,-0.8585145393602549
QDS,SWA,MAP,15.54093880999845,-0.5859386155335169
QDS,SWA,MAP,31.164230246369414,-0.05836018505747781
QDS,SWA,MAP,32.90990279825987,5.889287577732753e-4
QDS,SWA,MAP,28.418596568166468,-0.1510766982524039
QDS,SWA,MAP,20.33475069775992,-0.4240577620627296
QDS,SWA,MAP,13.93700942051262,-0.6401012453062278
QDS,SWA,MAP,12.44374429773401,-0.6905268853174049
QDS,SWA,MAP,11.70305321210699,-0.7155390693385633
QDS,SWA,MAP,10.243252798951707,-0.7648346492051596
QDS,SWA,MAP,10.480875117925965,-0.7568104495286007
QDS,SWA,MAP,8.566597150234116,-0.8214531510875442
QDS,SWA,MAP,6.778635412433878,-0.8818303162464739
QDS,SWA,MAP,26.135411387566045,-0.22817692127347064
QDS,SWA,MAP,19.01595937922921,-0.4685916464103081
QDS,SWA,MAP,29.271286681889162,-0.1222824512966709
QDS,SWA,MAP,27.66099549846887,-0.17665991065715622
QDS,SWA,MAP,24.025674110695174,-0.2994200319701799
QDS,SWA,MAP,20.516886613633872,-0.41790726675759843
QDS,SWA,MAP,13.191892112449352,-0.6652628971585
QDS,SWA,MAP,7.767233792528708,-0.8484466221724206
QDS,SWA,MAP,6.783287948796815,-0.8816732060855269
QDS,SWA,MAP,8.95107676188153,-0.8084697697757957
QDS,SWA,MAP,9.964216885036901,-0.7742573326460452
QDS,SWA,MAP,7.3939457441259115,-0.8610520788070795
QDS,SWA,MAP,6.514301913226073,-0.8907565180780315
QDS,SWA,MAP,28.622808262089695,-0.14418073235407491
QDS,SWA,MAP,26.56989215369174,-0.21350506537177558
QDS,SWA,MAP,29.61438866132569,-0.11069633933418467
QDS,SWA,MAP,26.417443220350506,-0.21865306951081867
QDS,SWA,MAP,21.670922435242453,-0.37893696335149324
QDS,SWA,MAP,15.261220637191961,-0.5953843379784892
QDS,SWA,MAP,6.965607209382231,-0.8755165194656203
QDS,SWA,MAP,3.0197416442117504,-1.0087633176976354
QDS,SWA,MAP,4.723107857409825,-0.9512428344534402
QDS,SWA,MAP,8.83155154192891,-0.8125059825163522
QDS,SWA,MAP,7.133722035600335,-0.8698394983003221
QDS,SWA,MAP,5.7010855738322235,-0.9182177865131889
QDS,SWA,MAP,3.8708644932876695,-0.9800219952505345
QDS,SWA,MAP,9.301871669628008,-0.7966238775320508
QDS,SWA,MAP,10.682557601794159,-0.7499998917964454
QDS,SWA,MAP,9.464192303046993,-0.7911425187952035
QDS,SWA,MAP,21.02697504867745,-0.4006822372521141
QDS,SWA,MAP,32.465705392677904,-0.01441104554424219
QDS,SWA,MAP,33.43228025271571,0.01822894262170811
QDS,SWA,MAP,26.48404635205681,-0.21640396753166724
QDS,SWA,MAP,17.728175760904932,-0.5120784406569173
QDS,SWA,MAP,10.19865911413124,-0.7663405205090743
QDS,SWA,MAP,6.7470299332229935,-0.8828975925745404
QDS,SWA,MAP,2.034988339271081,-1.042017168535828
QDS,SWA,MAP,6.1140765569239575,-0.9042716129077308
QDS,SWA,MAP,5.971761165665997,-0.9090774203816712
QDS,SWA,MAP,2.705564011310849,-1.0193726917294519
QDS,SWA,MAP,5.522199923903877,-0.9242585245233738
QDS,SWA,MAP,11.667590187113174,-0.716736610019563
QDS,SWA,MAP,9.663263296803475,-0.784420147720767
QDS,SWA,MAP,11.801380146962622,-0.7122186953843344
QDS,SWA,MAP,12.315071881757909,-0.6948719870869461
QDS,SWA,MAP,9.312894618696829,-0.7962516467385184
QDS,SWA,MAP,11.909363259209519,-0.7085722447558508
QDS,SWA,MAP,24.99001961036966,-0.26685532643249227
QDS,SWA,MAP,39.66926106582451,0.2288437520356097
QDS,SWA,MAP,33.1870989255552,0.009949484973991077
QDS,SWA,MAP,22.61628189652053,-0.3470133918782203
QDS,SWA,MAP,15.391431799994576,-0.5909872747103779
QDS,SWA,MAP,7.113034428726008,-0.8705380921407758
QDS,SWA,MAP,3.418934286612057,-0.9952830962863617
QDS,SWA,MAP,6.033531486605455,-0.9069915161979104
QDS,SWA,MAP,4.8954438299014225,-0.9454232706149256
QDS,SWA,MAP,5.150490890602289,-0.9368106598516878
QDS,SWA,MAP,7.466095853865706,-0.8586156625237231
QDS,SWA,MAP,10.872152778510376,-0.7435975068594975
QDS,SWA,MAP,8.975285986529464,-0.8076522554386398
QDS,SWA,MAP,10.338606953292915,-0.7616146622202411
QDS,SWA,MAP,12.444254526663068,-0.6905096555435977
QDS,SWA,MAP,9.00719789163902,-0.806574631502623
QDS,SWA,MAP,6.2505340899109,-0.8996636177632323
QDS,SWA,MAP,15.050835756372493,-0.6024887644478201
QDS,SWA,MAP,24.785064227257212,-0.2737764057569395
QDS,SWA,MAP,39.66551446420176,0.22871723412408018
QDS,SWA,MAP,41.70179850448793,0.2974799236221855
QDS,SWA,MAP,29.61726576628508,-0.11059918320514675
QDS,SWA,MAP,17.59141269071602,-0.5166967533992233
QDS,SWA,MAP,12.956870644651808,-0.6731992694404731
QDS,SWA,MAP,7.010665676917578,-0.8739949530480207
QDS,SWA,MAP,6.764151076328618,-0.8823194336222857
QDS,SWA,MAP,6.308279790760569,-0.8977136198165715
QDS,SWA,MAP,5.784494790237627,-0.9154011646984056
QDS,SWA,MAP,10.527006682595609,-0.755252646002824
QDS,SWA,MAP,9.810765902254872,-0.7794391747041585
QDS,SWA,MAP,6.976581595503281,-0.8751459285802898
QDS,SWA,MAP,16.91182876947977,-0.5396454271791867
QDS,SWA,MAP,25.32914526532545,-0.25540348982658856
QDS,SWA,MAP,36.957630332664195,0.13727547450217764
QDS,SWA,MAP,48.63172265323592,0.5314945370347681
QDS,SWA,MAP,35.81718337635935,0.09876404957619904
QDS,SWA,MAP,22.098127158836096,-0.364510810035247
QDS,SWA,MAP,16.049082543643877,-0.5687792560896556
QDS,SWA,MAP,14.949993564935381,-0.6058940753773915
QDS,SWA,MAP,11.071774574562369,-0.7368565359009233
QDS,SWA,MAP,8.492669128841815,-0.8239496051576227
QDS,SWA,MAP,7.1694418536732325,-0.868633286047767
QDS,SWA,MAP,9.307697182198783,-0.7964271574752481
QDS,SWA,MAP,9.565582299563594,-0.787718709193619
QDS,SWA,MAP,14.699227779529679,-0.6143621129877918
QDS,SWA,MAP,19.60915258619518,-0.44856027578813595
QDS,SWA,MAP,35.791862540539434,0.09790899756141583
QDS,SWA,MAP,53.71320577550817,0.7030896776014862
QDS,SWA,MAP,42.590600877926676,0.3274936350793349
QDS,SWA,MAP,22.73498765168367,-0.34300485140821096
QDS,SWA,MAP,18.79908124382111,-0.4759153417243957
QDS,SWA,MAP,15.228105189947415,-0.5965026039823556
QDS,SWA,MAP,16.157022399902335,-0.565134266160192
QDS,SWA,MAP,10.86608866373697,-0.7438022842053859
QDS,SWA,MAP,5.410798705044278,-0.9280204002099683
QDS,SWA,MAP,7.2323596533059344,-0.8665086329863801
QDS,SWA,MAP,5.9281950472133715,-0.9105485920927525
QDS,SWA,MAP,3.441623264840408,-0.9945169187128606
QDS,SWA,MAP,2.5682885031321687,-1.0240083088427003
QDS,SWA,MAP,10.91393560338904,-0.7421865546756943
QDS,SWA,MAP,22.408052226879036,-0.35404503964178025
QDS,SWA,MAP,30.225967873153323,-0.09004409700727953
QDS,SWA,MAP,56.58355060153539,0.8000175256422071
QDS,SWA,MAP,51.807102050781296,0.6387230096998134
QDS,SWA,MAP,28.362894754292054,-0.15295767676824462
QDS,SWA,MAP,24.35350897329822,-0.28834947088054963
QDS,SWA,MAP,19.10635059309591,-0.46553925153341297
QDS,SWA,MAP,21.670682437096097,-0.3789450677798006
QDS,SWA,MAP,13.725114781885976,-0.6472566543522809
QDS,SWA,MAP,5.962325746512704,-0.9093960423345453
QDS,SWA,MAP,5.209607783188037,-0.9348143585260655
QDS,SWA,MAP,4.3417159455583425,-0.9641219481197472
QDS,SWA,MAP,3.936026852521934,-0.9778215463021844
QDS,SWA,MAP,5.770092751742453,-0.9158875029899163
QDS,SWA,MAP,3.4302661001481547,-0.9949004355375579
QDS,SWA,MAP,29.756288327010257,-0.10590457037744253
QDS,SWA,MAP,33.83378820411461,0.03178734903596419
QDS,SWA,MAP,50.951222926010296,0.6098210739481256
QDS,SWA,MAP,60.332672390408014,0.9266205399361263
QDS,SWA,MAP,43.33228973388677,0.35253951251960663
QDS,SWA,MAP,34.6683504194095,0.05996944020881866
QDS,SWA,MAP,19.386615346272745,-0.4560750717732782
QDS,SWA,MAP,22.63738933610329,-0.3463006208279078
QDS,SWA,MAP,16.285184190538228,-0.5608064075507524
QDS,SWA,MAP,7.602963629828562,-0.8539938140022824
QDS,SWA,MAP,4.9245344279724845,-0.9444409185840206
QDS,SWA,MAP,4.491750431767211,-0.9590554767507831
QDS,SWA,MAP,6.103422440422877,-0.9046313887004723
QDS,SWA,MAP,4.296784289367521,-0.9656392322815631
QDS,SWA,MAP,4.513208062504276,-0.958330880196203
QDS,SWA,MAP,3.1692408898186195,-1.0037149207144613
QDS,SWA,MAP,37.48130711792639,0.15495936509402738
QDS,SWA,MAP,41.56907254486488,0.29299793890426995
QDS,SWA,MAP,45.714767210084055,0.43299270848383986
QDS,SWA,MAP,58.89030021384906,0.8779134891734579
QDS,SWA,MAP,60.47300789350348,0.9313594891367287
QDS,SWA,MAP,46.09568426061563,0.4458557866949501
QDS,SWA,MAP,26.046826720061127,-0.23116831140639016
QDS,SWA,MAP,20.830343271891284,-0.40732223911094506
QDS,SWA,MAP,16.72245784618239,-0.5460402393669977
QDS,SWA,MAP,8.68332378811307,-0.817511442859305
QDS,SWA,MAP,8.981380760287083,-0.8074464427783405
QDS,SWA,MAP,6.438979122962483,-0.8933000716965622
QDS,SWA,MAP,8.23330623485419,-0.8327079560525669
QDS,SWA,MAP,7.866021828870834,-0.8451106774148481
QDS,SWA,MAP,8.934602654732178,-0.8090260791571285
QDS,SWA,MAP,9.230902120774111,-0.7990204277947417
QDS,SWA,MAP,11.585957396184833,-0.719493244233855
QDS,SWA,MAP,33.38198511970055,0.016530540755188075
QDS,SWA,MAP,37.624968788130005,0.15981063467408166
QDS,SWA,MAP,53.812015341053844,0.7064263493725348
QDS,SWA,MAP,71.46626104284212,1.3025874897136067
QDS,SWA,MAP,62.5522378370497,1.0015724064776412
QDS,SWA,MAP,34.90375451170369,0.06791873322725916
QDS,SWA,MAP,19.428120105884684,-0.45467350949541047
QDS,SWA,MAP,13.17778515662677,-0.6657392708881961
QDS,SWA,MAP,7.077201432593079,-0.8717481262706556
QDS,SWA,MAP,11.198798383547967,-0.7325671054662007
QDS,SWA,MAP,6.372463623800424,-0.8955462144375569
QDS,SWA,MAP,9.432201703860484,-0.7922228001288483
QDS,SWA,MAP,12.61794824859244,-0.6846442422552229
QDS,SWA,MAP,10.785851741837872,-0.7465117817203081
QDS,SWA,MAP,10.98783214620594,-0.7396911635965658
QDS,SWA,MAP,10.362848232302142,-0.7607960654485874
QDS,SWA,MAP,7.427056547420638,-0.8599339696234176
QDS,SWA,MAP,21.715895991937668,-0.3774182642636077
QDS,SWA,MAP,41.243507661847985,0.2820040321017437
QDS,SWA,MAP,57.50243590593297,0.8310470989338501
QDS,SWA,MAP,94.01864491027078,2.0641524475670017
QDS,SWA,MAP,93.0074415908625,2.030005413805369
QDS,SWA,MAP,44.852781217598626,0.40388455167450693
QDS,SWA,MAP,21.946744134220083,-0.3696228198094296
QDS,SWA,MAP,15.974980385862757,-0.5712815905213131
QDS,SWA,MAP,9.85062852459188,-0.7780930652871467
QDS,SWA,MAP,6.29079225893372,-0.8983041512440677
QDS,SWA,MAP,5.151507754855705,-0.9367763216554755
QDS,SWA,MAP,6.715493740505672,-0.8839625291869536
QDS,SWA,MAP,7.585950437946091,-0.8545683275807621
QDS,SWA,MAP,7.948790328414343,-0.842315691783308
QDS,SWA,MAP,7.474486369231544,-0.8583323256260137
QDS,SWA,MAP,6.459170157672373,-0.8926182464585631
QDS,SWA,MAP,6.274728009942862,-0.8988466202432469
QDS,SWA,MAP,4.029136746146463,-0.9746773451112714
QDS,SWA,MAP,60.32370886536561,0.9263178532396216
QDS,SWA,MAP,74.63225287254006,1.409498956302749
QDS,SWA,MAP,124.17529744089391,3.0825037645935156
QDS,SWA,MAP,122.72375266746236,3.0334869670479017
QDS,SWA,MAP,65.61624624935196,1.1050400244063825
QDS,SWA,MAP,29.087780722158925,-0.12847921121834113
QDS,SWA,MAP,18.128277857274174,-0.49856750815640394
QDS,SWA,MAP,11.43151385837131,-0.7247086035970641
QDS,SWA,MAP,6.014730642813226,-0.9076263964790551
QDS,SWA,MAP,4.168425820433072,-0.969973732463842
QDS,SWA,MAP,4.367133448094503,-0.9632636317944541
QDS,SWA,MAP,4.879804600845142,-0.9459513872382999
QDS,SWA,MAP,6.491469617302035,-0.8915275353055363
QDS,SWA,MAP,8.117415812928016,-0.8366214263450483
QDS,SWA,MAP,9.631856518498138,-0.7854807141751611
QDS,SWA,MAP,7.846720000715493,-0.8457624752927144
QDS,SWA,MAP,6.475249576231427,-0.892075265202603
QDS,SWA,MAP,5.7866100214948615,-0.9153297360630677
QDS,SWA,MAP,13.313112083934982,-0.6611694548413544
QDS,SWA,MAP,68.36939341168348,1.1980102582836694
QDS,SWA,MAP,81.65366247899266,1.6466029157973496
QDS,SWA,MAP,110.00999370810428,2.6041597011163597
QDS,SWA,MAP,127.29941798457389,3.1880012917801097
QDS,SWA,MAP,81.9769183462637,1.6575188501119336
QDS,SWA,MAP,38.65749985494732,0.194677878997584
QDS,SWA,MAP,20.51806849726927,-0.417867356069386
QDS,SWA,MAP,13.036337457350758,-0.6705157775214116
QDS,SWA,MAP,6.31413916128653,-0.8975157564202281
QDS,SWA,MAP,3.8996803264853384,-0.9790489216755326
QDS,SWA,MAP,2.3964398796175663,-1.0298114155339213
QDS,SWA,MAP,3.9134173640498364,-0.9785850396089922
QDS,SWA,MAP,7.7928711879400545,-0.8475808803479339
QDS,SWA,MAP,9.9133528024179,-0.7759749472079335
QDS,SWA,MAP,9.607145527027228,-0.7863151725317005
QDS,SWA,MAP,8.582880887032482,-0.8209032702677852
QDS,SWA,MAP,8.177353481630954,-0.8345974084670311
QDS,SWA,MAP,9.461299005277233,-0.7912402217345927
QDS,SWA,MAP,10.992198950330362,-0.7395437022453172
QDS,SWA,MAP,5.87321924002805,-0.912405054297731
QDS,SWA,MAP,11.734199978661906,-0.7144872831461101
QDS,SWA,MAP,7.932271919889627,-0.8428734971650308
QDS,SWA,MAP,12.930585477148696,-0.6740868856942291
QDS,SWA,MAP,13.621789053602708,-0.6507458311225852
QDS,SWA,MAP,7.8108465211004345,-0.8469738764976467
QDS,SWA,MAP,82.91227960475545,1.6891047951538574
QDS,SWA,MAP,118.56032019477821,2.8928932145548676
QDS,SWA,MAP,116.47416943585439,2.8224465901920133
QDS,SWA,MAP,125.07078175109103,3.112743116449289
QDS,SWA,MAP,78.0723598225911,1.5256669374717167
QDS,SWA,MAP,45.41343466299553,0.4228170964566446
QDS,SWA,MAP,23.85454036382985,-0.30519899819764873
QDS,SWA,MAP,13.742137511453526,-0.6466818186984596
QDS,SWA,MAP,8.543305771439147,-0.8222396709523447
QDS,SWA,MAP,4.897562647690001,-0.9453517208670433
QDS,SWA,MAP,3.722381616286283,-0.9850360707748885
QDS,SWA,MAP,4.775231276147155,-0.9494826937327424
QDS,SWA,MAP,8.005783523747962,-0.8403911049787678
QDS,SWA,MAP,10.271693557927607,-0.7638742414035667
QDS,SWA,MAP,9.611727901505812,-0.7861604316472262
QDS,SWA,MAP,9.010604293258073,-0.8064596017070725
QDS,SWA,MAP,7.98590419251242,-0.8410624043918827
QDS,SWA,MAP,10.873043199704032,-0.7435674384825665
QDS,SWA,MAP,11.633404525031835,-0.7178910158001318
QDS,SWA,MAP,12.937895291517897,-0.6738400426773348
QDS,SWA,MAP,13.273243278734611,-0.6625157730456989
QDS,SWA,MAP,8.399599717409966,-0.8270924393170263
QDS,SWA,MAP,6.562669055198067,-0.8891232219859678
QDS,SWA,MAP,12.496376799614438,-0.688749553514616
QDS,SWA,MAP,13.096660630564193,-0.6684787416525683
QDS,SWA,MAP,11.045117579599747,-0.7377567082891082
QDS,SWA,MAP,2.183214899987894,-1.0370117484822925
QDS,SWA,MAP,3.121073541301788,-1.0053414700388594
QDS,SWA,MAP,8.549602376370473,-0.8220270427132489
QDS,SWA,MAP,10.437669263670756,-0.7582694555817218
QDS,SWA,MAP,40.7653747105069,0.2658580981252345
QDS,SWA,MAP,88.82010497349283,1.8886044491325957
QDS,SWA,MAP,146.92913473631637,3.8508715452571893
QDS,SWA,MAP,134.91979788321038,3.445331706624349
QDS,SWA,MAP,119.15044505178192,2.9128209709505604
QDS,SWA,MAP,66.29468873577348,1.127950153402713
QDS,SWA,MAP,46.324562426908514,0.4535847075971056
QDS,SWA,MAP,29.635496477668692,-0.10998355556116407
QDS,SWA,MAP,16.61297401899173,-0.5497373672063525
QDS,SWA,MAP,9.056406276373215,-0.8049129277259213
QDS,SWA,MAP,7.476942826259277,-0.8582493742358728
QDS,SWA,MAP,6.822086545214221,-0.8803630274534548
QDS,SWA,MAP,5.888494737413187,-0.9118892204244391
QDS,SWA,MAP,7.319241229398737,-0.8635747540570261
QDS,SWA,MAP,5.913090087513859,-0.9110586671280375
QDS,SWA,MAP,9.202958822368076,-0.7999640369935729
QDS,SWA,MAP,6.201173451741549,-0.9013304629423511
QDS,SWA,MAP,5.456857539047443,-0.9264650527051284
QDS,SWA,MAP,8.142280235761493,-0.8357817868090002
QDS,SWA,MAP,13.06651284334503,-0.6694967935994445
QDS,SWA,MAP,14.829295964210694,-0.6099698779067045
QDS,SWA,MAP,13.173519055787168,-0.6658833316192126
QDS,SWA,MAP,11.1468003924545,-0.7343230106569042
QDS,SWA,MAP,11.314717609100407,-0.7286526625123567
QDS,SWA,MAP,7.981144855504662,-0.8412231210730562
QDS,SWA,MAP,12.807480039260108,-0.6782439977834993
QDS,SWA,MAP,15.357256296825739,-0.5921413374375553
QDS,SWA,MAP,13.668472165927584,-0.649169402542833
QDS,SWA,MAP,14.038809544531363,-0.6366635862271017
QDS,SWA,MAP,13.750337919070425,-0.6464049014945908
QDS,SWA,MAP,11.56763242630732,-0.7201120548657806
QDS,SWA,MAP,13.482159895397354,-0.6554609279659546
QDS,SWA,MAP,7.47363306587755,-0.8583611405813035
QDS,SWA,MAP,7.753310722571143,-0.8489167863132827
QDS,SWA,MAP,5.2934885303210235,-0.93198181372589906
QDS,SWA,MAP,2.6869848228062807,-1.0200000869970034
QDS,SWA,MAP,1.0402850894184894,-1.0756070161991027
QDS,SWA,MAP,32.53316880459256,-0.012132893010414675
QDS,SWA,MAP,73.07386712568776,1.356874276685843
QDS,SWA,MAP,134.19944161528917,3.4210062032077833
QDS,SWA,MAP,126.44853331389248,3.15926801231064
QDS,SWA,MAP,109.91872962857472,2.601077830690199
QDS,SWA,MAP,59.94249729486157,0.913444829468355
QDS,SWA,MAP,41.85225244404359,0.30256055939045423
QDS,SWA,MAP,30.060845173023388,-0.09562007792815724
QDS,SWA,MAP,18.626304066975894,-0.48174980446570226
QDS,SWA,MAP,11.324435332498417,-0.7283245075087198
QDS,SWA,MAP,7.699004443133321,-0.8507506394285169
QDS,SWA,MAP,4.610556474850487,-0.9550435496868722
QDS,SWA,MAP,5.687263113893089,-0.9186845531833049
QDS,SWA,MAP,6.27450220178675,-0.8988542454938592
QDS,SWA,MAP,6.380024398992077,-0.8952908967969022
QDS,SWA,MAP,6.234902383309822,-0.9001914803629826
QDS,SWA,MAP,7.667782464674979,-0.8518049654300829
QDS,SWA,MAP,4.706949022081176,-0.9517884975114284
QDS,SWA,MAP,7.665714433458125,-0.8518748001808463
QDS,SWA,MAP,13.133013414924518,-0.6672511549436878
QDS,SWA,MAP,16.032688527048354,-0.5693328609161348
QDS,SWA,MAP,18.72425742632075,-0.47844204567534204
QDS,SWA,MAP,13.19459455439945,-0.6651716391743362
QDS,SWA,MAP,13.838203400867663,-0.6434377973367761
QDS,SWA,MAP,19.85788552523139,-0.44016088478151866
QDS,SWA,MAP,20.501539809443006,-0.4184255085698833
QDS,SWA,MAP,25.468603239421057,-0.2506941736501364
QDS,SWA,MAP,21.800444907957814,-0.37456315626066045
QDS,SWA,MAP,20.361691365183148,-0.4231480104208934
QDS,SWA,MAP,18.730935465898465,-0.4782165368794896
QDS,SWA,MAP,18.10450369644839,-0.49937033094860717
QDS,SWA,MAP,16.598719440901384,-0.5502187259499073
QDS,SWA,MAP,9.209688327497792,-0.799736790272312
QDS,SWA,MAP,6.146419387487772,-0.9031794371741153
QDS,SWA,MAP,8.245030691991966,-0.8323120362350226
QDS,SWA,MAP,7.753310722571143,-0.8489167863132827
QDS,SWA,MAP,5.777671656612279,-0.9156315731333792
QDS,SWA,MAP,51.59407504470252,0.6315293620632847
QDS,SWA,MAP,58.798349419738805,0.8748084292803308
QDS,SWA,MAP,103.31878259352693,2.3782061194277793
QDS,SWA,MAP,100.31273617214632,2.2766958032828684
QDS,SWA,MAP,60.29145292682413,0.9252286117376913
QDS,SWA,MAP,36.70435904420455,0.12872282928049822
QDS,SWA,MAP,26.659398055841912,-0.21048256633134937
QDS,SWA,MAP,18.685345577663824,-0.4797560486896845
QDS,SWA,MAP,13.446310211935149,-0.65667152560545206
QDS,SWA,MAP,10.17866602391377,-0.7670156614164981
QDS,SWA,MAP,4.105215039665318,-0.9721082791208275
QDS,SWA,MAP,5.105147718264738,-0.9383418403837848
QDS,SWA,MAP,8.578265495771253,-0.8210591260864869
QDS,SWA,MAP,10.957123134283385,-0.7407281673788709
QDS,SWA,MAP,11.742102693157412,-0.71422041865555
QDS,SWA,MAP,13.084499963831016,-0.6688893917063525
QDS,SWA,MAP,14.026773050567265,-0.6370700431263969
QDS,SWA,MAP,17.774057735866975,-0.5105290654541184
QDS,SWA,MAP,23.867550568757206,-0.3047596603331725
QDS,SWA,MAP,27.923203974594287,-0.16780546811826097
QDS,SWA,MAP,26.977048914403067,-0.19975590594217418
QDS,SWA,MAP,24.955761242148316,-0.2680121874057703
QDS,SWA,MAP,27.75243346414449,-0.1735721683197918
QDS,SWA,MAP,31.340528264928782,-0.05240682802599737
QDS,SWA,MAP,38.743370802137605,0.19757763029049502
QDS,SWA,MAP,33.622681758550954,0.024658556254529604
QDS,SWA,MAP,27.64045566134984,-0.1773535145032872
QDS,SWA,MAP,26.95589422343688,-0.2004702726108497
QDS,SWA,MAP,26.96670253800754,-0.20010528974789132
QDS,SWA,MAP,25.64661595689343,-0.24468291344473475
QDS,SWA,MAP,21.601228793916228,-0.38129042786022355
QDS,SWA,MAP,24.85897101505099,-0.2712806687181364
QDS,SWA,MAP,28.712519831439522,-0.1411512881971964
QDS,SWA,MAP,13.024304270217296,-0.670922122753295
QDS,SWA,MAP,5.586110723848748,-0.9221003391203358
QDS,SWA,MAP,55.51212497706896,0.7638368621994266
QDS,SWA,MAP,30.765916352833898,-0.0718107322513334
QDS,SWA,MAP,45.63514791480788,0.43030406742452865
QDS,SWA,MAP,82.87841650315266,1.6879612818252216
QDS,SWA,MAP,83.37796444739824,1.7048303725316185
QDS,SWA,MAP,61.49556682822148,0.9658899874024056
QDS,SWA,MAP,38.57758643633056,0.19197930577186456
QDS,SWA,MAP,28.77382093264733,-0.13908122895946257
QDS,SWA,MAP,21.53932911625615,-0.38338070025384036
QDS,SWA,MAP,18.855065495997298,-0.47402482563085807
QDS,SWA,MAP,13.45240273746443,-0.6564657888649281
QDS,SWA,MAP,7.364900448646084,-0.862032901027824
QDS,SWA,MAP,7.621846102490874,-0.8533561772193252
QDS,SWA,MAP,13.08429881343136,-0.6688961842962861
QDS,SWA,MAP,15.195759072009448,-0.5975948907263625
QDS,SWA,MAP,15.116643876440738,-0.6002665089877856
QDS,SWA,MAP,17.28120616206419,-0.5271720283549575
QDS,SWA,MAP,19.841166131290393,-0.4407254771818989
QDS,SWA,MAP,23.12759740758825,-0.3297469255957592
QDS,SWA,MAP,29.209896569899552,-0.1243555163138687
QDS,SWA,MAP,33.39282718422973,0.016896663310778878
QDS,SWA,MAP,34.763959721694796,0.06319804321120256
QDS,SWA,MAP,35.15772565111703,0.07649501151430284
QDS,SWA,MAP,39.97162018575788,0.23905403010564596
QDS,SWA,MAP,49.57548031088746,0.5633640176625453
QDS,SWA,MAP,56.21549888139891,0.7875888930692032
QDS,SWA,MAP,50.4474504014003,0.5928093246036847
QDS,SWA,MAP,39.321245552345516,0.21709171635667932
QDS,SWA,MAP,36.044806605209516,0.1064505928571552
QDS,SWA,MAP,34.027868411217206,0.03834118767276269
QDS,SWA,MAP,30.342581464441153,-0.08610620621682913
QDS,SWA,MAP,29.863782120154603,-0.10227464342485515
QDS,SWA,MAP,30.856885023667108,-0.06873883739638956
QDS,SWA,MAP,28.67840407238328,-0.14230333344263615
QDS,SWA,MAP,20.947247866720375,-0.4033745215056915
QDS,SWA,MAP,67.70847845713303,1.175692011464812
QDS,SWA,MAP,64.72839802047052,1.0750585331820848
QDS,SWA,MAP,63.7058881912488,1.0405296931457741
QDS,SWA,MAP,46.91005137222692,0.47335591522580395
QDS,SWA,MAP,47.54290578520344,0.4947265936950486
QDS,SWA,MAP,76.5265243567949,1.4734660646824937
QDS,SWA,MAP,65.43514123610504,1.0989243413552605
QDS,SWA,MAP,56.25119937472878,0.7887944527500746
QDS,SWA,MAP,37.69965854597681,0.16233281160318372
QDS,SWA,MAP,25.79330391212746,-0.2397294501167739
QDS,SWA,MAP,29.289470610441974,-0.12166840344863246
QDS,SWA,MAP,20.506093416567232,-0.41827173912191595
QDS,SWA,MAP,13.910149575692603,-0.6410082676728455
QDS,SWA,MAP,10.348036544234649,-0.7612962370785652
QDS,SWA,MAP,12.262717541353172,-0.6966399257349468
QDS,SWA,MAP,19.191755640477293,-0.4626552330770135
QDS,SWA,MAP,19.520832681538177,-0.451542725220671
QDS,SWA,MAP,17.37528655817478,-0.5239950545450061
QDS,SWA,MAP,15.733509600447032,-0.5794357479531377
QDS,SWA,MAP,12.183202937875755,-0.6993250314870472
QDS,SWA,MAP,11.36776272275321,-0.7268613973414197
QDS,SWA,MAP,21.04655343488739,-0.40002110036492483
QDS,SWA,MAP,28.88212884400978,-0.1354238102831575
QDS,SWA,MAP,29.469976922150565,-0.11557293777738861
QDS,SWA,MAP,23.28144295568535,-0.324551759575119
QDS,SWA,MAP,34.053650232636876,0.03921180657754341
QDS,SWA,MAP,46.56536285757832,0.4617162280125144
QDS,SWA,MAP,48.40842925934304,0.5239542067038991
QDS,SWA,MAP,46.85225747368908,0.4714042897052877
QDS,SWA,MAP,40.86592457700471,0.269253537618093
QDS,SWA,MAP,33.81390075868981,0.031115775617128253
QDS,SWA,MAP,30.380720722922597,-0.08481829257768922
QDS,SWA,MAP,36.68101051585036,0.12793437954868608
QDS,SWA,MAP,33.744425882334404,0.028769698519713706
QDS,SWA,MAP,28.987168530701823,-0.13187675534480614
QDS,SWA,MAP,30.968534691078162,-0.06496857192219072
QDS,SWA,MAP,22.312076975207106,-0.3572860002836424
QDS,SWA,MAP,81.67873287820409,1.647449510890403
QDS,SWA,MAP,79.97470111399356,1.5899065528456844
QDS,SWA,MAP,69.13463203935379,1.2238513811847038
QDS,SWA,MAP,57.58789097196196,0.83393280645556
QDS,SWA,MAP,68.65225367039807,1.207562084923047
QDS,SWA,MAP,77.81519675549163,1.5169828718976153
QDS,SWA,MAP,58.84858535201462,0.8765048320141281
QDS,SWA,MAP,50.816030235761495,0.6052557909138955
QDS,SWA,MAP,46.45675759021151,0.45804876800690864
QDS,SWA,MAP,30.572024457013168,-0.07835821185867059
QDS,SWA,MAP,31.094443967842746,-0.060716777805159085
QDS,SWA,MAP,29.917257042402078,-0.1004688641712292
QDS,SWA,MAP,21.29303274084022,-0.3916978116450657
QDS,SWA,MAP,24.65248159337924,-0.27825355054903383
QDS,SWA,MAP,30.04456578195827,-0.09616981199810147
QDS,SWA,MAP,31.815323314902262,-0.0363736106797692
QDS,SWA,MAP,28.63992206903153,-0.14360282113462314
QDS,SWA,MAP,20.81017899187505,-0.40800316087739685
QDS,SWA,MAP,13.201787135591221,-0.6649287549708583
QDS,SWA,MAP,6.786669031425738,-0.8815590312796646
QDS,SWA,MAP,6.739542684201832,-0.8831504273311123
QDS,SWA,MAP,17.74173835997716,-0.5116204491536005
QDS,SWA,MAP,18.575771780961514,-0.48345621468357536
QDS,SWA,MAP,7.670325816007012,-0.8517190797311974
QDS,SWA,MAP,6.098886910224934,-0.9047845477139204
QDS,SWA,MAP,19.06370979968413,-0.46697917620959667
QDS,SWA,MAP,30.007758607927787,-0.09741274286093192
QDS,SWA,MAP,25.797893207629272,-0.23957447551825875
QDS,SWA,MAP,35.10668500764427,0.07477143471977685
QDS,SWA,MAP,30.98277268119877,-0.06448777333301013
QDS,SWA,MAP,21.556931126239636,-0.3827863030464317
QDS,SWA,MAP,21.36261403507953,-0.389348140952768
QDS,SWA,MAP,28.669479759642456,-0.1426046959902182
QDS,SWA,MAP,35.82618480388442,0.0990680161907285
QDS,SWA,MAP,25.77482366295543,-0.24035350433049021
QDS,SWA,MAP,23.219366642154466,-0.3266479967346026
QDS,SWA,MAP,39.318521207717005,0.2169997187472742
QDS,SWA,MAP,63.06408565375106,1.0188568480357905
QDS,SWA,MAP,52.12617953579115,0.6494978454268007
QDS,SWA,MAP,64.4582680608804,1.0659365923487123
QDS,SWA,MAP,93.59812475133823,2.04995202339027
QDS,SWA,MAP,110.84534420814038,2.632368411649688
QDS,SWA,MAP,88.3217070666655,1.871774193708673
QDS,SWA,MAP,73.45762795153958,1.369833385527003
QDS,SWA,MAP,60.61511362334827,0.9361582166147705
QDS,SWA,MAP,50.01873412332417,0.5783321280393049
QDS,SWA,MAP,40.88226725260416,0.26980540872525693
QDS,SWA,MAP,37.641647280469336,0.1603738458800511
QDS,SWA,MAP,37.54755680037133,0.15719653154683194
QDS,SWA,MAP,40.025367469316656,0.2408690066499789
QDS,SWA,MAP,40.532619902057434,0.25799826801020187
QDS,SWA,MAP,36.09771727573726,0.10823731805690903
QDS,SWA,MAP,32.631939576859345,-0.008797531238432051
QDS,SWA,MAP,33.5177272481094,0.02111437760845829
QDS,SWA,MAP,33.06466289520264,0.005814977915078748
QDS,SWA,MAP,21.0743169784546,-0.39908356125549344
QDS,SWA,MAP,24.574390073596902,-0.28089060059754933
QDS,SWA,MAP,29.39051316539326,-0.11825632650123664
QDS,SWA,MAP,40.43562904640474,0.2547230117299119
QDS,SWA,MAP,51.3906980196635,0.6246615818582004
QDS,SWA,MAP,109.88191796008445,2.5998347480552497
QDS,SWA,MAP,123.75815905472868,3.0684175385277306
QDS,SWA,MAP,127.43821872664086,3.192688414077408
QDS,SWA,MAP,119.04314551836177,2.909197603898671
QDS,SWA,MAP,98.51457539876297,2.215974229827696
QDS,SWA,MAP,79.69566590862505,1.5804838933314946
QDS,SWA,MAP,77.04481105851534,1.4909679390950592
QDS,SWA,MAP,64.68661971857516,1.0736477337336026
QDS,SWA,MAP,63.30939773371187,1.0271407210371764
QDS,SWA,MAP,56.0028167786261,0.7804068923731139
QDS,SWA,MAP,42.67821638289868,0.3304522978417082
QDS,SWA,MAP,29.142476628291107,-0.12663220091144106
QDS,SWA,MAP,25.25409184932346,-0.2579379470232338
QDS,SWA,MAP,56.17410537743271,0.7861910877512053
QDS,SWA,MAP,46.33642053985595,0.4539851407992062
QDS,SWA,MAP,45.57158504438993,0.4281576311535142
QDS,SWA,MAP,81.87558339023127,1.6540968991566125
QDS,SWA,MAP,76.31324053863585,1.4662637448327642
QDS,SWA,MAP,83.6133630704795,1.7127794808617818
QDS,SWA,MAP,116.42990237765841,2.820951748648543
QDS,SWA,MAP,117.1148731313321,2.8440823288221853
QDS,SWA,MAP,109.69667290361821,2.5935792610765978
QDS,SWA,MAP,107.74056111810627,2.527523885367893
QDS,SWA,MAP,96.44209847532673,2.1459893532786425
QDS,SWA,MAP,82.53031067426426,1.6762061963112331
QDS,SWA,MAP,69.84222602853808,1.247745918884939
QDS,SWA,MAP,57.687696513122596,0.837303111040403
QDS,SWA,MAP,43.7799679815339,0.3676570303751655
QDS,SWA,MAP,65.00847496186115,1.0845163707800833
QDS,SWA,MAP,49.40150057457475,0.557488946036805
QDS,SWA,MAP,53.705338494437086,0.7028240096520338
QDS,SWA,MAP,81.66277242213113,1.6469105468443856
QDS,SWA,MAP,65.19366935855568,1.0907701470434898
QDS,SWA,MAP,89.78157348852591,1.9210720026042285
QDS,SWA,MAP,86.74777522020383,1.8186245423298735
QDS,SWA,MAP,71.85856117436919,1.315834959909597
QDS,SWA,MAP,84.51064581378613,1.743079563487451
QDS,SWA,MAP,60.93695587006669,0.9470264147839027
QDS,SWA,MAP,53.93042810390686,0.7104249958695779
QDS,SWA,MAP,56.83666505359463,0.8085648747006353
QDS,SWA,MAP,44.0927816744203,0.37822034590931874
QDS,SWA,MAP,36.88791075576967,0.13492113418270826
QDS,SWA,MAP,109.19656124727226,2.5766911345385797
QDS,SWA,MAP,49.442975343303885,0.5588894955611861
QDS,SWA,MAP,41.49905472508173,0.2906335273065605
QDS,SWA,MAP,53.482610077502684,0.6953027578654155
HDS,Cape,MAP,15.552186257630819,-0.7921048193785882
HDS,Cape,MAP,21.349847485748803,-0.6523584882472164
HDS,Cape,MAP,32.220853142331066,-0.39032469626780625
HDS,Cape,MAP,28.133882621583485,-0.4888366846790276
HDS,Cape,MAP,27.091364780855315,-0.5139654456825494
HDS,Cape,MAP,27.920775229322828,-0.4939734070630411
HDS,Cape,MAP,29.861969640544686,-0.4471830227499104
HDS,Cape,MAP,32.34230310740202,-0.38739727668137275
HDS,Cape,MAP,16.684591268722208,-0.7648094256968548
HDS,Cape,MAP,1.3697629656110546,-1.1339567392527068
HDS,Cape,MAP,24.678753122850623,-0.5721188310538393
HDS,Cape,MAP,19.294293561028752,-0.7019053845075843
HDS,Cape,MAP,21.440900895823848,-0.6501637446265861
HDS,Cape,MAP,17.714444744016753,-0.7399859254762282
HDS,Cape,MAP,10.352812475889246,-0.9174300809953133
HDS,Cape,MAP,12.221600558339281,-0.8723849726475115
HDS,Cape,MAP,14.924214487939079,-0.8072413972874328
HDS,Cape,MAP,26.043220698247616,-0.5392298211398631
HDS,Cape,MAP,14.68852824357365,-0.8129223583943811
HDS,Cape,MAP,10.080374228644857,-0.9239969092410926
HDS,Cape,MAP,9.187183232351543,-0.9455263087386351
HDS,Cape,MAP,9.457784126335465,-0.9390037678989391
HDS,Cape,MAP,12.873124491139006,-0.85668069541043
HDS,Cape,MAP,25.995614625570955,-0.5403773138501773
HDS,Cape,MAP,25.87811984202016,-0.5432093980790154
HDS,Cape,MAP,22.420573664845325,-0.6265497958646118
HDS,Cape,MAP,12.46618265929295,-0.8664895865730525
HDS,Cape,MAP,16.778999320781338,-0.7625338220723212
HDS,Cape,MAP,17.720180272635115,-0.7398476767842163
HDS,Cape,MAP,32.753578981085845,-0.37748391814441296
HDS,Cape,MAP,55.546890478747706,0.17192411568214278
HDS,Cape,MAP,22.28801426754108,-0.6297449962568685
HDS,Cape,MAP,21.116496734838215,-0.6579831548193767
HDS,Cape,MAP,38.39816306151589,-0.24142734550836284
HDS,Cape,MAP,42.39917935402289,-0.144987190474296
HDS,Cape,MAP,37.259295723291075,-0.26887850657144763
HDS,Cape,MAP,29.212683572823156,-0.46283335867825737
HDS,Cape,MAP,16.936059249531326,-0.7587480629624034
HDS,Cape,MAP,10.280606872629976,-0.9191705186900294
HDS,Cape,MAP,7.816981553138258,-0.9785535330013159
HDS,Cape,MAP,6.780884811509864,-1.0035275203804883
HDS,Cape,MAP,38.34710218865594,-0.24265811242726054
HDS,Cape,MAP,52.90403824372204,0.10822103110452379
HDS,Cape,MAP,80.401457057529,0.7710164659560473
HDS,Cape,MAP,66.82109707542085,0.4436766286887751
HDS,Cape,MAP,14.577162522329436,-0.8156067082287934
HDS,Cape,MAP,19.691768524014694,-0.6923246819435102
HDS,Cape,MAP,9.557420375053756,-0.9366021442686128
HDS,Cape,MAP,28.86143266748624,-0.47129988050422145
HDS,Cape,MAP,51.70134570415139,0.0792314328387712
HDS,Cape,MAP,56.31887964194531,0.1905320765451929
HDS,Cape,MAP,72.42084563680429,0.5786524898026089
HDS,Cape,MAP,106.53382273685784,1.400908776627509
HDS,Cape,MAP,91.92339427877356,1.0487402567815418
HDS,Cape,MAP,37.73100877031868,-0.2575083755694493
HDS,Cape,MAP,29.22330420496541,-0.46257735986808585
HDS,Cape,MAP,40.91056271623091,-0.18086867878610557
HDS,Cape,MAP,109.02859279477187,1.461042501054015
HDS,Cape,MAP,79.03225119052254,0.7380132446657592
HDS,Cape,MAP,98.88606408975295,1.2165678553042973
HDS,Cape,MAP,43.77140698679025,-0.11191113280016128
HDS,Cape,MAP,15.702879727281276,-0.7884725168551197
HDS,Cape,MAP,106.512487625952,1.4003945169362197
HDS,Cape,MAP,100.70005254858415,1.2602920782041929
HDS,Cape,MAP,128.87635637306872,1.9394512993773734
HDS,Cape,MAP,113.3738544155639,1.5657803160830526
HDS,Cape,MAP,79.97850874229715,0.7608217558848221
HDS,Cape,MAP,77.38912541109995,0.6984074811989239
HDS,Cape,MAP,76.98390708402732,0.6886401332481754
HDS,Cape,MAP,82.46150880896919,0.8206717774475699
HDS,Cape,MAP,101.54129512386773,1.2805693173980304
HDS,Cape,MAP,137.5584652549519,2.1487241104277914
HDS,Cape,MAP,147.63955431098688,2.39171782012525
HDS,Cape,MAP,128.52305650892794,1.9309353896233787
HDS,Cape,MAP,126.18503938059337,1.8745800244250015
HDS,Cape,MAP,82.92639442188496,0.831877340560789
HDS,Cape,MAP,37.88507450436135,-0.25379478827305707
HDS,Cape,MAP,48.824368520462485,0.009885020492477154
HDS,Cape,MAP,47.650181735364605,-0.018417477501810615
HDS,Cape,MAP,68.81655348116755,0.49177493948404316
HDS,Cape,MAP,94.85410862067465,1.1193819450003133
HDS,Cape,MAP,62.52560112132429,0.3401383610398553
HDS,Cape,MAP,118.70014000649871,1.694164649110502
HDS,Cape,MAP,95.54993626262798,1.136154115059366
HDS,Cape,MAP,68.42738880423799,0.48239454734538684
HDS,Cape,MAP,80.32188294339196,0.7690984183043926
HDS,Cape,MAP,67.02412675532571,0.4485704387547853
HDS,Cape,MAP,53.2091051873297,0.11557433866100378
HDS,Cape,MAP,89.46660934580498,0.9895221225628509
HDS,Cape,MAP,166.59874170093389,2.8487084538876375
HDS,Cape,MAP,221.57194142659648,4.173777765449893
HDS,Cape,MAP,183.76991695048795,3.2626009957114293
HDS,Cape,MAP,135.31139471944417,2.0945609141362156
HDS,Cape,MAP,73.02322734135564,0.5931722469666609
HDS,Cape,MAP,39.37323812550978,-0.21792421943573664
HDS,Cape,MAP,24.196180289168183,-0.5837507254259571
HDS,Cape,MAP,55.683711381496344,0.17522203503770525
HDS,Cape,MAP,65.03677862661849,0.40066756917684243
HDS,Cape,MAP,50.861240757667986,0.05898161495238117
HDS,Cape,MAP,68.75861033162104,0.49037828275562845
HDS,Cape,MAP,67.78267224163787,0.4668543543782576
HDS,Cape,MAP,39.92820752512687,-0.20454728442088335
HDS,Cape,MAP,40.04013064215405,-0.20184949916611916
HDS,Cape,MAP,22.01270364144591,-0.6363810600771704
HDS,Cape,MAP,29.979902891075046,-0.4443403697504414
HDS,Cape,MAP,62.906609916518775,0.349322164501669
HDS,Cape,MAP,30.284324627124263,-0.43700261422185027
HDS,SWA,MAP,20.825933479211596,-0.6649868667193541
HDS,SWA,MAP,21.48499107211153,-0.6491009987825798
HDS,SWA,MAP,19.32525572570476,-0.7011590751343542
HDS,SWA,MAP,16.906953242292154,-0.759449631675289
HDS,SWA,MAP,21.06297230590341,-0.659273303083519
HDS,SWA,MAP,26.483928502327323,-0.5286070378660818
HDS,SWA,MAP,28.753824973137952,-0.47389364717926413
HDS,SWA,MAP,25.742580033632873,-0.5464764380454952
HDS,SWA,MAP,26.72796946800176,-0.5227246952701812
HDS,SWA,MAP,16.39267593923226,-0.7718457278697689
HDS,SWA,MAP,36.87916008711537,-0.27804126348283903
HDS,SWA,MAP,31.41405944188933,-0.4097715827243361
HDS,SWA,MAP,32.64882001985934,-0.3800090191995654
HDS,SWA,MAP,23.494879880535986,-0.6006548105856715
HDS,SWA,MAP,16.72688224868812,-0.7637900475273399
HDS,SWA,MAP,9.670214590749186,-0.9338833621259394
HDS,SWA,MAP,24.867758444715925,-0.5675630629163564
HDS,SWA,MAP,37.319102669604256,-0.2674369250449342
HDS,SWA,MAP,41.787653897108385,-0.15972734786444748
HDS,SWA,MAP,30.165215615375445,-0.4398736076693209
HDS,SWA,MAP,22.660531648088675,-0.6207658691285498
HDS,SWA,MAP,15.915778505329214,-0.7833408228902743
HDS,SWA,MAP,14.574751626427442,-0.8156648202577285
HDS,SWA,MAP,44.184534460234616,-0.10195314346069709
HDS,SWA,MAP,44.6933128403073,-0.08968959283630154
HDS,SWA,MAP,38.93000883237504,-0.22860778046636937
HDS,SWA,MAP,22.37981427041588,-0.6275322568271507
HDS,SWA,MAP,15.756795448522544,-0.7871729369146383
HDS,SWA,MAP,12.871466079320449,-0.8567206696272787
HDS,SWA,MAP,12.04147585942214,-0.8767266830078432
HDS,SWA,MAP,32.04165896918378,-0.3946439773144469
HDS,SWA,MAP,44.41520873448774,-0.09639299045332131
HDS,SWA,MAP,48.08894022074814,-0.007841680439412956
HDS,SWA,MAP,27.813035765282855,-0.4965703499034792
HDS,SWA,MAP,12.455370027372936,-0.8667502133294707
HDS,SWA,MAP,7.748777988917652,-0.9801975058888117
HDS,SWA,MAP,10.306761903821254,-0.9185400800517934
HDS,SWA,MAP,11.224762683954992,-0.896412667643278
HDS,SWA,MAP,10.948984492788687,-0.9030600016121252
HDS,SWA,MAP,16.638364236579037,-0.7659236781319178
HDS,SWA,MAP,45.07436653730339,-0.08050470706529639
HDS,SWA,MAP,62.37349728269024,0.3364720631028495
HDS,SWA,MAP,44.46619265709393,-0.09516407833676892
HDS,SWA,MAP,18.8056405785643,-0.71368383426670845
HDS,SWA,MAP,10.880385085334309,-0.9047135158711236
HDS,SWA,MAP,11.867836606704461,-0.88091206872683
HDS,SWA,MAP,12.008589854096329,-0.8775193644718033
HDS,SWA,MAP,14.840435193225268,-0.8092608062525939
HDS,SWA,MAP,16.325409704952826,-0.7734671074364093
HDS,SWA,MAP,45.06128510655435,-0.08082002075493756
HDS,SWA,MAP,67.79376049185483,0.46712162461456797
HDS,SWA,MAP,62.16839795336306,0.3315283663839086
HDS,SWA,MAP,31.30979419237299,-0.41228478339458896
HDS,SWA,MAP,17.601017747670564,-0.7427199601096689
HDS,SWA,MAP,11.076796300043478,-0.8999792367249838
HDS,SWA,MAP,12.875929335765521,-0.8566130876750818
HDS,SWA,MAP,7.579771306686013,-0.9842712285244174
HDS,SWA,MAP,33.6501090531072,-0.3558740338506735
HDS,SWA,MAP,58.814434312954916,0.25068471321875
HDS,SWA,MAP,86.68653655559777,0.9225114854415561
HDS,SWA,MAP,51.40688480801057,0.07213377254469185
HDS,SWA,MAP,23.120901514426958,-0.6096691531851971
HDS,SWA,MAP,11.670683182477514,-0.885664238027803
HDS,SWA,MAP,5.752958534235227,-1.028304567584623
HDS,SWA,MAP,6.798688997987064,-1.0030983697900915
HDS,SWA,MAP,9.882418937300116,-0.9287684066785945
HDS,SWA,MAP,46.32750857984517,-0.05029907828823609
HDS,SWA,MAP,84.39306176622895,0.8672297649777635
HDS,SWA,MAP,107.64363252711134,1.427659537035762
HDS,SWA,MAP,85.08028827573052,0.8837946140747223
HDS,SWA,MAP,34.075499351878214,-0.345620462416762
HDS,SWA,MAP,11.281646651750659,-0.895041541341333
HDS,SWA,MAP,9.175028447973274,-0.9458192866232894
HDS,SWA,MAP,11.004068210958716,-0.9017322683734181
HDS,SWA,MAP,15.340693891164271,-0.7972026133187811
HDS,SWA,MAP,12.333372653083197,-0.869690827620966
HDS,SWA,MAP,89.25725702188365,0.9844759120254114
HDS,SWA,MAP,134.35789726700222,2.0715778929697435
HDS,SWA,MAP,137.59254341690632,2.1495455275333195
HDS,SWA,MAP,54.417172410753054,0.14469348784735245
HDS,SWA,MAP,16.089048777921683,-0.7791643310367151
HDS,SWA,MAP,6.236875726676235,-1.0166402689037948
HDS,SWA,MAP,13.776588199998274,-0.8349036833264712
HDS,SWA,MAP,13.986378674800562,-0.8298469116376146
HDS,SWA,MAP,9.71151450079563,-0.9328878726211276
HDS,SWA,MAP,10.868021784306734,-0.9050115198232858
HDS,SWA,MAP,73.32076991738954,0.6003441878097124
HDS,SWA,MAP,181.3578030632758,3.204459608564814
HDS,SWA,MAP,165.72565677077682,2.827663689291217
HDS,SWA,MAP,69.65559832914374,0.5119992048465462
HDS,SWA,MAP,23.242195720437124,-0.6067454880018632
HDS,SWA,MAP,8.720169564235366,-0.9567831663126719
HDS,SWA,MAP,9.931128834853988,-0.927594307467705
HDS,SWA,MAP,12.508913591062115,-0.865459603842843
HDS,SWA,MAP,15.548300687098251,-0.7921984768388834
HDS,SWA,MAP,11.851174811299622,-0.8813136832203772
HDS,SWA,MAP,22.204435204141323,-0.6317595788635352
HDS,SWA,MAP,13.693231638495751,-0.8369129027664082
HDS,SWA,MAP,16.57266617847254,-0.7675072585140055
HDS,SWA,MAP,16.30658128711265,-0.7739209460121115
HDS,SWA,MAP,4.8228710126400305,-1.0507233177771367
HDS,SWA,MAP,6.509039639847833,-1.0100800531830783
HDS,SWA,MAP,14.791642184423438,-0.8104369087699067
HDS,SWA,MAP,37.83162374588138,-0.2550831607908472
HDS,SWA,MAP,183.1258990567354,3.247077643398536
HDS,SWA,MAP,159.5630720906198,2.6791212744357873
HDS,SWA,MAP,75.44381721119817,0.6515179384747634
HDS,SWA,MAP,29.282655254411125,-0.46114676724073295
HDS,SWA,MAP,11.486960239645903,-0.8900926801521647
HDS,SWA,MAP,11.4948563676999,-0.889902352555868
HDS,SWA,MAP,13.684951560879918,-0.8371124850501547
HDS,SWA,MAP,13.202824716085665,-0.8487336293441983
HDS,SWA,MAP,21.746250170499227,-0.6428036317861604
HDS,SWA,MAP,28.516814686431182,-0.479606522889737
HDS,SWA,MAP,30.182966058240975,-0.4394457525103501
HDS,SWA,MAP,45.87802338819002,-0.06113343096256078
HDS,SWA,MAP,30.13211737467885,-0.4406714048365337
HDS,SWA,MAP,30.27610132710619,-0.437200827943229
HDS,SWA,MAP,27.213695685796804,-0.5110167919967074
HDS,SWA,MAP,22.218153605378333,-0.6314289116916483
HDS,SWA,MAP,15.525918599181647,-0.7927379727746302
HDS,SWA,MAP,4.495586424732471,-1.0586121575344694
HDS,SWA,MAP,8.00743809017805,-0.9739627848971985
HDS,SWA,MAP,44.89023075776174,-0.08494310017046125
HDS,SWA,MAP,110.11950561544083,1.487337770521174
HDS,SWA,MAP,135.87407467076804,2.10812370363094
HDS,SWA,MAP,69.4677139988652,0.5074704569945394
HDS,SWA,MAP,37.29116755544406,-0.26811027065103654
HDS,SWA,MAP,20.179962539672815,-0.6805572950810909
HDS,SWA,MAP,18.157430623843382,-0.7293082316591871
HDS,SWA,MAP,22.814095327579714,-0.6170643833121955
HDS,SWA,MAP,26.3703884702883,-0.5313437971022095
HDS,SWA,MAP,36.307157887945074,-0.29182875564354843
HDS,SWA,MAP,41.64063013200182,-0.16327119614297703
HDS,SWA,MAP,53.73563108917806,0.12826567403466965
HDS,SWA,MAP,63.81982421943589,0.37133420407211254
HDS,SWA,MAP,66.01762238952288,0.42430974347536965
HDS,SWA,MAP,50.66291290307917,0.0542011372822603
HDS,SWA,MAP,46.38511595796684,-0.04891051496557127
HDS,SWA,MAP,44.83189086297166,-0.08634932001234574
HDS,SWA,MAP,33.62043810591089,-0.3565892198280409
HDS,SWA,MAP,64.27302158511584,0.38225803467211733
HDS,SWA,MAP,66.89939764208549,0.4455639788609138
HDS,SWA,MAP,113.63231969833333,1.5720103411863968
HDS,SWA,MAP,129.41249040768466,1.9523742283627494
HDS,SWA,MAP,85.18917699130962,0.8864192583761152
HDS,SWA,MAP,55.04206734598425,0.15975590200111695
HDS,SWA,MAP,41.844954797721215,-0.15834617184948294
HDS,SWA,MAP,44.751133324382806,-0.08829589282592427
HDS,SWA,MAP,40.824395974571836,-0.18294563456855126
HDS,SWA,MAP,31.69955623811024,-0.4028899923292063
HDS,SWA,MAP,29.346656998154288,-0.4596040746751964
HDS,SWA,MAP,48.9103553153731,0.01195763885386513
HDS,SWA,MAP,50.94779087367734,0.06106781155742639
HDS,SWA,MAP,73.94688512174723,0.6154360152262928
HDS,SWA,MAP,78.70496157931548,0.7301242838272441
HDS,SWA,MAP,62.768126865869846,0.3459841808750627
HDS,SWA,MAP,52.87435603746942,0.10750557373982447
HDS,SWA,MAP,47.64484772476166,-0.018546048037867826
HDS,SWA,MAP,28.791897751380148,-0.47297594418386985
HDS,SWA,MAP,62.828971194005206,0.34745076736442715
HDS,SWA,MAP,82.34769537843461,0.8179284282374532
HDS,SWA,MAP,126.47201389064338,1.8814972335080735
HDS,SWA,MAP,164.4397529929825,2.79666837444543
HDS,SWA,MAP,146.6064450713686,2.366815843239401
HDS,SWA,MAP,116.63912717496112,1.6444861718263861
HDS,SWA,MAP,87.30215450661113,0.9373502879599739
HDS,SWA,MAP,67.62258503058828,0.4629956259143154
HDS,SWA,MAP,56.89056562985394,0.20431194677665498
HDS,SWA,MAP,27.181553917584097,-0.5117915344328497
HDS,SWA,MAP,34.123450813617,-0.34446464447799
HDS,SWA,MAP,112.04018156131194,1.5336335794977352
HDS,SWA,MAP,148.6342801810985,2.4156946075503893
HDS,SWA,MAP,132.7580490696568,2.033015288645459
HDS,SWA,MAP,136.86171267343167,2.1319296457044064
HDS,SWA,MAP,132.4731006601865,2.0261469165177344
HDS,SWA,MAP,98.55315415843806,1.2085434227498697
3QDS,Cape,MAP,28.25561189923177,-0.7061975468750962
3QDS,Cape,MAP,21.06810547545615,-0.8674699630361457
3QDS,Cape,MAP,21.087760404918733,-0.8670289480614083
3QDS,Cape,MAP,6.511324934525912,-1.1940932772910446
3QDS,Cape,MAP,22.392541371915,-0.8377524275685192
3QDS,Cape,MAP,24.96529691795531,-0.7800252439476237
3QDS,Cape,MAP,15.193748749549702,-0.9992780821141372
3QDS,Cape,MAP,10.625214143698855,-1.1017863194304527
3QDS,Cape,MAP,13.294097641223983,-1.0419022282421027
3QDS,Cape,MAP,17.035169032600873,-0.9579605123331522
3QDS,Cape,MAP,20.673519850826068,-0.8763236284542396
3QDS,Cape,MAP,26.356062854064426,-0.7488194029220265
3QDS,Cape,MAP,33.19566869708679,-0.5953531387048994
3QDS,Cape,MAP,39.761751837958954,-0.4480241444183761
3QDS,Cape,MAP,28.88309473662222,-0.6921181614361068
3QDS,Cape,MAP,22.93926385263528,-0.825485133428279
3QDS,Cape,MAP,58.05695740044543,-0.0375184931865052
3QDS,Cape,MAP,65.40491175404765,0.12735403458287337
3QDS,Cape,MAP,60.684945200449654,0.021447985194157967
3QDS,Cape,MAP,24.891313391216823,-0.7816852775406044
3QDS,Cape,MAP,29.768829798056736,-0.6722441432420384
3QDS,Cape,MAP,27.675889685330567,-0.7192052851122145
3QDS,Cape,MAP,82.40340200866804,0.5087641416242282
3QDS,Cape,MAP,107.09081643106302,1.062697416660849
3QDS,Cape,MAP,130.3915167055669,1.5855157642150632
3QDS,Cape,MAP,108.572459334058,1.0959423442846286
3QDS,Cape,MAP,70.8920512597747,0.2504738196273918
3QDS,Cape,MAP,65.91268508449899,0.1387473923116605
3QDS,Cape,MAP,81.5788392485736,0.4902627002680201
3QDS,Cape,MAP,125.25893650276042,1.4703515387322355
3QDS,Cape,MAP,135.96852881680968,1.7106521001165333
3QDS,Cape,MAP,141.6360827263567,1.8378200021433275
3QDS,Cape,MAP,88.99618727697123,0.65669227507718
3QDS,Cape,MAP,72.66028221575569,0.29014917597330186
3QDS,Cape,MAP,71.66468483567743,0.26781008011139007
3QDS,Cape,MAP,100.37516047865638,0.9120123253796335
3QDS,Cape,MAP,155.3248383380478,2.1449666760486124
3QDS,Cape,MAP,111.48920510323475,1.1613879397093012
3QDS,Cape,MAP,77.48889655036253,0.398493051378544
3QDS,Cape,MAP,72.2888149569736,0.28181423770453856
3QDS,Cape,MAP,81.70044614197734,0.49299130131054375
3QDS,Cape,MAP,150.59655218234647,2.0388739524152286
3QDS,Cape,MAP,173.0257995395406,2.5421387428303164
3QDS,Cape,MAP,93.60677134939033,0.7601440133341436
3QDS,Cape,MAP,62.709492447625564,0.06687453606362448
3QDS,Cape,MAP,49.73937221004919,-0.22414748260115733
3QDS,Cape,MAP,49.12020737290882,-0.23804022973767203
3QDS,Cape,MAP,37.862632376015,-0.49063636152792084
3QDS,Cape,MAP,85.27930317794772,0.5732932707636336
3QDS,Cape,MAP,75.19228388407625,0.3469619289223784
3QDS,Cape,MAP,41.057238822142125,-0.4189561612088861
3QDS,Cape,MAP,36.58743828296857,-0.5192490152543388
3QDS,Cape,MAP,43.094035238969994,-0.37325476492443627
3QDS,Cape,MAP,37.353599613194795,-0.5020579782507376
3QDS,Cape,MAP,18.018611567569394,-0.9358941454433392
3QDS,SWA,MAP,30.068317065571986,-0.6655242834751119
3QDS,SWA,MAP,25.678032814390082,-0.7640329604871847
3QDS,SWA,MAP,36.403191894878645,-0.5233831138449039
3QDS,SWA,MAP,33.08937765808326,-0.5977380844239966
3QDS,SWA,MAP,37.73365573085406,-0.4935303241857691
3QDS,SWA,MAP,21.202563592832888,-0.8644530077552317
3QDS,SWA,MAP,37.11404612437129,-0.5074330510040057
3QDS,SWA,MAP,41.58611180611525,-0.4070893719583737
3QDS,SWA,MAP,45.092688051253525,-0.32840923031206903
3QDS,SWA,MAP,27.067208699646688,-0.7328627968339172
3QDS,SWA,MAP,19.839002345157198,-0.8950484332102697
3QDS,SWA,MAP,55.09065537054158,-0.10407602610829461
3QDS,SWA,MAP,56.267507521737684,-0.07766995720240767
3QDS,SWA,MAP,34.85515169728309,-0.5581178560852479
3QDS,SWA,MAP,15.471802958020493,-0.9930391347824871
3QDS,SWA,MAP,12.225428721734053,-1.065880894633586
3QDS,SWA,MAP,8.288748251635463,-1.154211663837033
3QDS,SWA,MAP,14.494714809894838,-1.0149629226944252
3QDS,SWA,MAP,55.540111495673365,-0.09399118291168722
3QDS,SWA,MAP,67.90566184176002,0.18346556827503743
3QDS,SWA,MAP,52.60705342539964,-0.15980279181251505
3QDS,SWA,MAP,20.51368928672603,-0.8799098876836617
3QDS,SWA,MAP,14.907903063562962,-1.0056918536936383
3QDS,SWA,MAP,19.593107243526692,-0.900565798319112
3QDS,SWA,MAP,15.84373095383889,-0.984693858550781
3QDS,SWA,MAP,47.488125457857905,-0.2746606900606486
3QDS,SWA,MAP,77.37023199887908,0.3958304702548461
3QDS,SWA,MAP,85.43247874538598,0.5767302059677388
3QDS,SWA,MAP,36.49384610829572,-0.5213490253626188
3QDS,SWA,MAP,13.324339020401137,-1.0412236757650142
3QDS,SWA,MAP,13.962356814684206,-1.026907908213502
3QDS,SWA,MAP,107.51980258706168,1.072322957119316
3QDS,SWA,MAP,126.07929238809973,1.4887585867319377
3QDS,SWA,MAP,74.77465220255007,0.3375911588146353
3QDS,SWA,MAP,16.288522208254662,-0.9747136851696969
3QDS,SWA,MAP,13.394412904674887,-1.0396513662656817
3QDS,SWA,MAP,15.383379940032379,-0.9950231599665236
3QDS,SWA,MAP,97.389204335379,0.8450137957944159
3QDS,SWA,MAP,165.45571507472863,2.3722820859868516
3QDS,SWA,MAP,123.66317760619276,1.4345460899873606
3QDS,SWA,MAP,29.045087785850384,-0.6884833806220121
3QDS,SWA,MAP,12.428727853489344,-1.0613192928417374
3QDS,SWA,MAP,17.181679782447553,-0.954673121515221
3QDS,SWA,MAP,9.114663423474676,-1.1356798772265928
3QDS,SWA,MAP,16.119425870032558,-0.9785078487392564
3QDS,SWA,MAP,26.25194723439286,-0.7511555368403205
3QDS,SWA,MAP,14.936383976171832,-1.005052802356486
3QDS,SWA,MAP,50.30161362824952,-0.21153197638344587
3QDS,SWA,MAP,166.4420123876929,2.394412508046543
3QDS,SWA,MAP,144.24820285394193,1.8964304435733454
3QDS,SWA,MAP,37.4801502339764,-0.49921845044000496
3QDS,SWA,MAP,19.622418464772814,-0.8999081166152937
3QDS,SWA,MAP,14.845613286710098,-1.0070895043144383
3QDS,SWA,MAP,22.97868019976243,-0.8246007141091657
3QDS,SWA,MAP,32.65792915530831,-0.6074188747272117
3QDS,SWA,MAP,51.31621300656919,-0.18876651594005073
3QDS,SWA,MAP,46.423911709210664,-0.29853939185748
3QDS,SWA,MAP,44.69596430457365,-0.3373108706589751
3QDS,SWA,MAP,44.67228007657809,-0.3378422945560193
3QDS,SWA,MAP,25.49598193056636,-0.7681177966135757
3QDS,SWA,MAP,18.07691073660133,-0.9345860356072406
3QDS,SWA,MAP,10.619315099393894,-1.1019186814864996
3QDS,SWA,MAP,85.27570021978049,0.5732124280158574
3QDS,SWA,MAP,50.669566217876564,-0.20327589984408095
3QDS,SWA,MAP,140.5496343725092,1.8134424029136988
3QDS,SWA,MAP,150.18684716244294,2.02968103980028
3QDS,SWA,MAP,65.26949340799382,0.12431553380485788
3QDS,SWA,MAP,42.06472308223398,-0.39635034894390175
3QDS,SWA,MAP,37.42276138503091,-0.5005061346220359
3QDS,SWA,MAP,41.484623237594214,-0.40936656041471675
3QDS,SWA,MAP,51.23646310489388,-0.19055593476954066
3QDS,SWA,MAP,63.86475380635054,0.09279615333032656
3QDS,SWA,MAP,64.79032058359627,0.11356391083674743
3QDS,SWA,MAP,71.99130126989769,0.27513866090129596
3QDS,SWA,MAP,56.077341072366565,-0.08193688942543836
3QDS,SWA,MAP,34.36248755648278,-0.5691721956097247
3QDS,SWA,MAP,76.74243504748965,0.38174403676322505
3QDS,SWA,MAP,106.80357804140928,1.0562523957617465
3QDS,SWA,MAP,144.88515486827245,1.9107222972807636
3QDS,SWA,MAP,193.08780588873964,2.9922876604397777
3QDS,SWA,MAP,130.473886548091,1.5873639689663976
3QDS,SWA,MAP,84.70658756891453,0.5604427458950364
3QDS,SWA,MAP,63.410914472918925,0.08261296022606368
3QDS,SWA,MAP,27.062083658592275,-0.7329777918968831
3QDS,SWA,MAP,45.83178698829283,-0.31182541607517283
3QDS,SWA,MAP,65.12551998634041,0.12108507525581041
3QDS,SWA,MAP,83.08100107762269,0.5239680291195231
3QDS,SWA,MAP,57.06484563167026,-0.05977937931565249
3QDS,SWA,MAP,55.33923090555159,-0.09849851775338304
3QDS,SWA,MAP,70.92345576952928,0.2511784702903423
3QDS,SWA,MAP,161.26818774130268,2.2783228446332577
3QDS,SWA,MAP,184.92527112940374,2.809137674196684
3QDS,SWA,MAP,163.15833499681688,2.320733744439706
3QDS,SWA,MAP,109.38183390333117,1.1141029948176442
0.05º,Cape,PDQ,7.011221795866479,2.2735495426087544
0.05º,Cape,PDQ,0.6023721878314594,-0.4663697829918813
0.05º,Cape,PDQ,1.4338813429082444,-0.1108819586946178
0.05º,Cape,PDQ,2.4539559907542503,0.32522161872190225
0.05º,Cape,PDQ,3.86232720126619,0.9273302237456916
0.05º,Cape,PDQ,1.4811802248895907,-0.09066068206214449
0.05º,Cape,PDQ,1.6055100468703019,-0.037507042512490096
0.05º,Cape,PDQ,1.5599159533714158,-0.056999485860547164
0.05º,Cape,PDQ,1.3880913556318173,-0.1304581507931802
0.05º,Cape,PDQ,0.9728980970891814,-0.3079620871492185
0.05º,Cape,PDQ,4.140435772177613,1.0462275445846827
0.05º,Cape,PDQ,1.9052894056181446,0.09065500039449213
0.05º,Cape,PDQ,0.8266529871855018,-0.37048497774682404
0.05º,Cape,PDQ,1.202758611573111,-0.20969183517803477
0.05º,Cape,PDQ,10.490733807469592,3.7611148292552525
0.05º,Cape,PDQ,2.8614821743082124,0.4994477176785485
0.05º,Cape,PDQ,1.2010762154320125,-0.21041109526092588
0.05º,Cape,PDQ,3.226699201711464,0.6555857537725791
0.05º,Cape,PDQ,0.5637125208213161,-0.4828976117350579
0.05º,Cape,PDQ,0.4220786221949386,-0.5434491115736624
0.05º,Cape,PDQ,2.333903781793735,0.2738967495910109
0.05º,Cape,PDQ,0.8437881061026048,-0.36315935047534403
0.05º,Cape,PDQ,0.7812923384102572,-0.38987761851736974
0.05º,Cape,PDQ,9.639613632399877,3.397242877390695
0.05º,Cape,PDQ,3.528971350726025,0.7848135174631927
0.05º,Cape,PDQ,1.4045640688301289,-0.1234157160353815
0.05º,Cape,PDQ,2.3944745613488903,0.299792044319381
0.05º,Cape,PDQ,3.370316535085291,0.7169852140920774
0.05º,Cape,PDQ,1.4752707612049116,-0.09318710329900538
0.05º,Cape,PDQ,4.261729042988281,1.0980829940155452
0.05º,Cape,PDQ,3.2161365985512367,0.65107001658145
0.05º,Cape,PDQ,1.1682505181999545,-0.22444477801573262
0.05º,Cape,PDQ,0.19150547132835793,-0.6420240307341814
0.05º,Cape,PDQ,2.4954216450621853,0.3429490666315156
0.05º,Cape,PDQ,1.3432106763313425,-0.1496455944191445
0.05º,Cape,PDQ,4.334845448533693,1.1293418103124921
0.05º,Cape,PDQ,1.1880333100035005,-0.2159872143511222
0.05º,Cape,PDQ,0.4647594412684918,-0.5252021549177474
0.05º,Cape,PDQ,0.6809383452853481,-0.432781082006262
0.05º,Cape,PDQ,3.252278738233459,0.6665215489219382
0.05º,Cape,PDQ,2.052908624117478,0.1537653516015627
0.05º,Cape,PDQ,3.1265683062859373,0.6127776692885661
0.05º,Cape,PDQ,2.759694006707934,0.4559311141408679
0.05º,Cape,PDQ,6.511686364563557,2.059987536046274
0.05º,Cape,PDQ,4.667523914651647,1.2715689203674636
0.05º,Cape,PDQ,4.026203552185794,0.9973908443492077
0.05º,Cape,PDQ,0.5514067456369839,-0.48815859198988815
0.05º,Cape,PDQ,3.2475952893137574,0.6645192750365493
0.05º,Cape,PDQ,2.87798991086366,0.5065051256653873
0.05º,Cape,PDQ,1.0582688927531148,-0.2714642588044477
0.05º,Cape,PDQ,4.919219080630962,1.3791739496011621
0.05º,Cape,PDQ,2.2246966977337426,0.22720840169573114
0.05º,Cape,PDQ,1.8597808060822654,0.0711991075314349
0.05º,Cape,PDQ,13.79365860974347,5.173185333360989
0.05º,Cape,PDQ,0.4550146969171378,-0.5293682400975023
0.05º,Cape,PDQ,0.855269130236076,-0.35825096881172286
0.05º,Cape,PDQ,0.5753578539088756,-0.4779189845037905
0.05º,Cape,PDQ,22.26940258638358,8.796745900506151
0.05º,Cape,PDQ,4.546495846978897,1.2198268509107362
0.05º,Cape,PDQ,5.700250591760802,1.7130815090116314
0.05º,Cape,PDQ,1.2642249335119433,-0.18341367706013303
0.05º,Cape,PDQ,2.2399178697420914,0.23371577601321858
0.05º,Cape,PDQ,10.696010293232069,3.8488748868054947
0.05º,Cape,PDQ,1.1511751335085654,-0.2317448676370191
0.05º,Cape,PDQ,2.542606794910207,0.3631217203614251
0.05º,Cape,PDQ,5.664193640291829,1.697666396441628
0.05º,Cape,PDQ,4.749460958523635,1.3065987468913973
0.05º,Cape,PDQ,0.7317215320982066,-0.4110701910548359
0.05º,Cape,PDQ,6.091217677626346,1.88022824200623
0.05º,Cape,PDQ,1.26434813066447,-0.18336100766083188
0.05º,Cape,PDQ,5.257846352494793,1.5239443004597466
0.05º,Cape,PDQ,0.26469770768979906,-0.6107327951528039
0.05º,Cape,PDQ,2.4606349513973864,0.32807701625192254
0.05º,Cape,PDQ,0.9573161909092573,-0.3146236829867217
0.05º,Cape,PDQ,2.581569552023808,0.3797791265611893
0.05º,Cape,PDQ,1.3943782686033677,-0.12777036196950056
0.05º,Cape,PDQ,0.7304208358805057,-0.41162626631351357
0.05º,Cape,PDQ,4.161876772020433,1.055394027404921
0.05º,Cape,PDQ,7.5319826051836465,2.496185849080145
0.05º,Cape,PDQ,1.4398758463912078,-0.108319181137822
0.05º,Cape,PDQ,2.593445491643598,0.3848563429828592
0.05º,Cape,PDQ,1.948909959789004,0.10930371376362852
0.05º,Cape,PDQ,1.6671890305068675,-0.011137967002065327
0.05º,Cape,PDQ,0.67021842323266,-0.437364076365229
0.05º,Cape,PDQ,3.691865255803238,0.8544541216028262
0.05º,Cape,PDQ,11.939239345990616,4.380381711919732
0.05º,Cape,PDQ,1.386593142807146,-0.13109866859641167
0.05º,Cape,PDQ,0.4028193779118187,-0.5516828475536151
0.05º,Cape,PDQ,3.928025450971388,0.9554176208660307
0.05º,Cape,PDQ,1.5431594422629655,-0.06416325025254092
0.05º,Cape,PDQ,9.646305110719464,3.4001036264932623
0.05º,Cape,PDQ,0.4135894839579476,-0.5470783984715896
0.05º,Cape,PDQ,0.8165365532512942,-0.37480996811759926
0.05º,Cape,PDQ,3.1424976086910874,0.6195877843907348
0.05º,Cape,PDQ,1.8283091454226295,0.05774430416984999
0.05º,Cape,PDQ,1.8840256393612107,0.0815642886965013
0.05º,Cape,PDQ,4.36895537794054,1.1439245295979503
0.05º,Cape,PDQ,4.340669666881515,1.1318317873573125
0.05º,Cape,PDQ,1.201331413623528,-0.21030199261387436
0.05º,Cape,PDQ,1.3470161102555547,-0.14801869059257117
0.05º,Cape,PDQ,1.6042403679789807,-0.03804985720536047
0.05º,Cape,PDQ,5.7256771173523315,1.7239518887384029
0.05º,Cape,PDQ,0.9753520078646325,-0.30691298817386914
0.05º,Cape,PDQ,12.650607468169413,4.684506692966294
0.05º,Cape,PDQ,1.5549263641947795,-0.059132641207917704
0.05º,Cape,PDQ,1.1417066414713422,-0.2357928490851339
0.05º,Cape,PDQ,4.790669512720873,1.324216279043114
0.05º,Cape,PDQ,7.373036417517217,2.4282329779795666
0.05º,Cape,PDQ,9.966490029460854,3.5369894796931125
0.05º,Cape,PDQ,0.820441916013185,-0.3731403425905202
0.05º,Cape,PDQ,2.173768844670521,0.20543566284969458
0.05º,Cape,PDQ,1.041910464202,-0.27845783444826727
0.05º,Cape,PDQ,1.2862114374030815,-0.1740139796732266
0.05º,Cape,PDQ,1.697999054843838,0.0020339727790233786
0.05º,Cape,PDQ,0.39996025301354465,-0.5529051841728526
0.05º,Cape,PDQ,1.4962472786177865,-0.08421919658275527
0.05º,Cape,PDQ,1.5702574204555324,-0.05257828903868546
0.05º,Cape,PDQ,1.2182982308907553,-0.2030483178722909
0.05º,Cape,PDQ,0.4628894473259797,-0.5260016170451504
0.05º,Cape,PDQ,1.0640420008588722,-0.2689961324736449
0.05º,Cape,PDQ,20.029912156823244,7.839316177119121
0.05º,Cape,PDQ,3.8955209991078315,0.9415212773292191
0.05º,Cape,PDQ,1.141398846183294,-0.23592443810806785
0.05º,Cape,PDQ,7.188872348379202,2.349498926944905
0.05º,Cape,PDQ,0.9345601667035671,-0.3243523666520142
0.05º,Cape,PDQ,0.49120408734123167,-0.513896507061301
0.05º,Cape,PDQ,1.6029239763885803,-0.03861264256922269
0.05º,Cape,PDQ,0.92354725962048,-0.3290606183342137
0.05º,Cape,PDQ,4.10814836731663,1.0324239932513537
0.05º,Cape,PDQ,4.146750569343564,1.0489272544937038
0.05º,Cape,PDQ,0.7704827879562668,-0.39449893092151966
0.05º,Cape,PDQ,0.8401664276201805,-0.3647076949477538
0.05º,Cape,PDQ,2.7723638388040177,0.46134773645771127
0.05º,Cape,PDQ,5.238490986603279,1.5156694704506692
0.05º,Cape,PDQ,2.671302235929406,0.4181417547718305
0.05º,Cape,PDQ,0.9204452261651888,-0.33038680352073396
0.05º,Cape,PDQ,2.9046690496238496,0.517911024126131
0.05º,Cape,PDQ,0.3379181076436591,-0.5794295190374982
0.05º,Cape,PDQ,5.395377714215497,1.5827418786370047
0.05º,Cape,PDQ,4.288304742809771,1.1094446701330452
0.05º,Cape,PDQ,4.7789825746068,1.3192198647793592
0.05º,Cape,PDQ,1.2938451546110388,-0.1707504034335799
0.05º,Cape,PDQ,2.891669668091667,0.5123535124260237
0.05º,Cape,PDQ,2.392773664480931,0.29906487478281835
0.05º,Cape,PDQ,7.145773235523267,2.3310731408128404
0.05º,Cape,PDQ,0.7189989023042358,-0.4165093855089012
0.05º,Cape,PDQ,3.2497076349599,0.6654223476645852
0.05º,Cape,PDQ,0.9179980146872985,-0.3314330384040891
0.05º,Cape,PDQ,0.4266372668492543,-0.5415001941624557
0.05º,Cape,PDQ,0.27065263675139817,-0.6081869365016662
0.05º,Cape,PDQ,3.1858393401802463,0.6381172951415028
0.05º,Cape,PDQ,0.7132871150970467,-0.4189512958531657
0.05º,Cape,PDQ,0.3815125577999502,-0.5607919656890155
0.05º,Cape,PDQ,0.6987467038062642,-0.4251676305051519
0.05º,Cape,PDQ,7.206251700918081,2.3569289692769955
0.05º,Cape,PDQ,0.448287803240924,-0.5322441300172175
0.05º,Cape,PDQ,0.32020509867497776,-0.5870022065798897
0.05º,Cape,PDQ,0.7732228884348521,-0.39332747976967003
0.05º,Cape,PDQ,5.011567696928978,1.4186549444695986
0.05º,Cape,PDQ,3.4166890549677635,0.7368104512521896
0.05º,Cape,PDQ,1.466441409749465,-0.0969618385736432
0.05º,Cape,PDQ,2.7862858905925885,0.4672997092891058
0.05º,Cape,PDQ,3.945096435370268,0.9627158292688113
0.05º,Cape,PDQ,3.740264721306753,0.8751459210664244
0.05º,Cape,PDQ,5.714999417682709,1.7193869453449615
0.05º,Cape,PDQ,1.9411991942259998,0.1060071977157619
0.05º,Cape,PDQ,2.7357520756420777,0.445695430105266
0.05º,Cape,PDQ,4.92055634294442,1.3797456576424068
0.05º,Cape,PDQ,0.8910674243260512,-0.3429464377648894
0.05º,Cape,PDQ,3.4559808018647473,0.7536085075717951
0.05º,Cape,PDQ,0.5351363893226654,-0.4951145148819027
0.05º,Cape,PDQ,0.2122336440397415,-0.6331622966524355
0.05º,Cape,PDQ,0.7351079870948882,-0.4096224096185151
0.05º,Cape,PDQ,0.9437177183630463,-0.3204373188194772
0.05º,Cape,PDQ,1.6665853905228325,-0.01139603591600726
0.05º,Cape,PDQ,2.7913321764380847,0.46945710366659993
0.05º,Cape,PDQ,0.43974357407849674,-0.5358969694558501
0.05º,Cape,PDQ,0.820969026725931,-0.3729149915654668
0.05º,Cape,PDQ,1.8492469146305768,0.06669564520551677
0.05º,Cape,PDQ,5.822905239638863,1.765518976053221
0.05º,Cape,PDQ,1.1889982045711103,-0.21557470142998167
0.05º,Cape,PDQ,6.243327506383255,1.945258424474912
0.05º,Cape,PDQ,0.5447355366306064,-0.49101067553055633
0.05º,Cape,PDQ,6.834524534366752,2.198007710427698
0.05º,Cape,PDQ,1.7337913335383917,0.01733593211655254
0.05º,Cape,PDQ,0.932545196902645,-0.3252138090380434
0.05º,Cape,PDQ,5.413748839029201,1.590595924680928
0.05º,Cape,PDQ,1.8618608392156035,0.07208836587395828
0.05º,Cape,PDQ,4.04484014757522,1.0053583847026075
0.05º,Cape,PDQ,4.242298891798313,1.0897761917030069
0.05º,Cape,PDQ,1.9640815533874112,0.1157898922578653
0.05º,Cape,PDQ,6.654423744789076,2.121010797705462
0.05º,Cape,PDQ,1.6074510491083527,-0.03667722283059244
0.05º,Cape,PDQ,3.796772290159159,0.8993041069204513
0.05º,Cape,PDQ,3.810507486850609,0.9051761952291935
0.05º,Cape,PDQ,6.495683031317628,2.0531457711873244
0.05º,Cape,PDQ,14.099031066728962,5.303738544556911
0.05º,Cape,PDQ,1.225915573360843,-0.1997917421808681
0.05º,Cape,PDQ,1.4127182000909286,-0.1199296517350211
0.05º,Cape,PDQ,1.840500421232889,0.06295633351040107
0.05º,Cape,PDQ,0.3324368679010359,-0.5817728654440412
0.05º,Cape,PDQ,1.7273039588500236,0.014562441651307908
0.05º,Cape,PDQ,5.96652650244442,1.8269201162882414
0.05º,Cape,PDQ,4.142951564586758,1.0473030992727463
0.05º,Cape,PDQ,0.8102784344145242,-0.3774854468370989
0.05º,Cape,PDQ,3.007662760384049,0.5619430229693234
0.05º,Cape,PDQ,1.048241807275269,-0.2757510508124478
0.05º,Cape,PDQ,3.2943301131656093,0.6844994048385796
0.05º,Cape,PDQ,2.0950483565613713,0.17178098223110772
0.05º,Cape,PDQ,0.8672006659639817,-0.3531499838730223
0.05º,Cape,PDQ,4.248009414077401,1.0922175612636422
0.05º,Cape,PDQ,7.416069414522553,2.446630498181259
0.05º,Cape,PDQ,0.8189005956357044,-0.3737992897881431
0.05º,Cape,PDQ,7.244732538859049,2.373380344794932
0.05º,Cape,PDQ,7.984024020505421,2.6894431550807676
0.05º,Cape,PDQ,1.3453082540133094,-0.14874883540945197
0.05º,Cape,PDQ,1.349569647400467,-0.14692699922830313
0.05º,Cape,PDQ,0.30448704775985885,-0.5937220071832796
0.05º,Cape,PDQ,3.992846379309525,0.983129944468439
0.05º,Cape,PDQ,1.7955736831939337,0.043749198795490434
0.05º,Cape,PDQ,9.44739181616722,3.3150639683338183
0.05º,Cape,PDQ,3.366116965974536,0.7151898091021822
0.05º,Cape,PDQ,2.832217326671786,0.48693637375509713
0.05º,Cape,PDQ,1.0164045212485213,-0.28936216678402493
0.05º,Cape,PDQ,1.9092086286277512,0.09233055147184877
0.05º,Cape,PDQ,1.7474655739895928,0.023181960337933023
0.05º,Cape,PDQ,0.6232039940710078,-0.4574637433757626
0.05º,Cape,PDQ,1.5664856655421882,-0.05419079437280104
0.05º,Cape,PDQ,1.4118591095838284,-0.12029693117311133
0.05º,Cape,PDQ,3.0298069181305425,0.5714101207278195
0.05º,Cape,PDQ,3.555337070472658,0.7960854226389048
0.05º,Cape,PDQ,4.924384058257681,1.381382087236035
0.05º,Cape,PDQ,3.745132936371698,0.8772271864031708
0.05º,Cape,PDQ,1.5496698942509026,-0.06137989375158956
0.05º,Cape,PDQ,0.2734569348730484,-0.6069880394939066
0.05º,Cape,PDQ,0.2356640868557665,-0.6231452847071839
0.05º,Cape,PDQ,1.271157920221347,-0.1804496779914996
0.05º,Cape,PDQ,1.3422917271101928,-0.15003846472883578
0.05º,Cape,PDQ,1.9148390457794828,0.09473767438917882
0.05º,Cape,PDQ,4.683132190552974,1.2782417898209355
0.05º,Cape,PDQ,1.0547332791912984,-0.27297580869535654
0.05º,Cape,PDQ,6.833350735880909,2.1975058866445827
0.05º,Cape,PDQ,3.235405741431613,0.6593079844219671
0.05º,Cape,PDQ,2.274984386808919,0.24870745684037468
0.05º,Cape,PDQ,0.7093258157029406,-0.4206448354785602
0.05º,Cape,PDQ,3.082280155098514,0.5938435440156922
0.05º,Cape,PDQ,1.896475362507232,0.08688680976227799
0.05º,Cape,PDQ,2.5668352935407284,0.37347991811735703
0.05º,Cape,PDQ,1.4161706580682554,-0.11845365262263095
0.05º,Cape,PDQ,1.7209854255746437,0.011861134476154505
0.05º,Cape,PDQ,9.334618700636529,3.266851066245534
0.05º,Cape,PDQ,0.23471740358544857,-0.6235500119119408
0.05º,Cape,PDQ,7.106443069897614,2.31425865967075
0.05º,Cape,PDQ,2.660962743891611,0.4137214023242195
0.05º,Cape,PDQ,1.0290912526784277,-0.28393831964304583
0.05º,Cape,PDQ,1.3158237370284833,-0.16135409264492243
0.05º,Cape,PDQ,0.6247515571507205,-0.4568021272903462
0.05º,Cape,PDQ,2.942229467131197,0.5339689003597977
0.05º,Cape,PDQ,4.677055534260017,1.275643890193016
0.05º,Cape,PDQ,0.575312153693235,-0.4779385223166081
0.05º,Cape,PDQ,0.9772346884081825,-0.30610810225507057
0.05º,Cape,PDQ,0.6545778698112952,-0.44405074514406245
0.05º,Cape,PDQ,0.6276775913553545,-0.4555511855215467
0.05º,Cape,PDQ,3.2164036759265797,0.6511841978318909
0.05º,Cape,PDQ,1.4012084766392074,-0.12485030296674171
0.05º,Cape,PDQ,0.8093923747559408,-0.37786425616024855
0.05º,Cape,PDQ,3.108602897620495,0.6050970755150682
0.05º,Cape,PDQ,11.746045183252408,4.297787104079972
0.05º,Cape,PDQ,1.7586368675585158,0.027957925606812983
0.05º,Cape,PDQ,0.8511009063369086,-0.36003297305792026
0.05º,Cape,PDQ,3.6722027460734097,0.8460479810794124
0.05º,Cape,PDQ,2.010843120739088,0.13578145547407847
0.05º,Cape,PDQ,3.735384327155335,0.8730594489115384
0.05º,Cape,PDQ,0.7094076810218828,-0.4206098363159671
0.05º,Cape,PDQ,0.6805184072043282,-0.4329606144550028
0.05º,Cape,PDQ,4.4179821863626305,1.1648845314834355
0.05º,Cape,PDQ,0.5564339872913275,-0.4860093394085931
0.05º,Cape,PDQ,0.7502962281858482,-0.4031291139676343
0.05º,Cape,PDQ,0.7437162761255465,-0.4059421832256402
0.05º,Cape,PDQ,2.929115623882066,0.5283624538446315
0.05º,Cape,PDQ,5.333517590744625,1.5562953620001678
0.05º,Cape,PDQ,0.3590022839822093,-0.5704155858439437
0.05º,Cape,PDQ,0.7381084948768211,-0.408339628813669
0.05º,Cape,PDQ,1.8304688704284304,0.05866763248043448
0.05º,Cape,PDQ,0.49481202947882647,-0.5123540351680533
0.05º,Cape,PDQ,2.7396049155447546,0.4473426009944931
0.05º,Cape,PDQ,1.4434718189336548,-0.10678182650072346
0.05º,Cape,PDQ,0.6645068381383168,-0.43980590030195915
0.05º,Cape,PDQ,0.9374308494237569,-0.3231250888184301
0.05º,Cape,PDQ,4.38504170315402,1.1508017752857023
0.05º,Cape,PDQ,0.7284842043031168,-0.4124542174451493
0.05º,Cape,PDQ,0.847717112288858,-0.3614796168821851
0.05º,Cape,PDQ,2.637665074456622,0.40376115381934724
0.05º,Cape,PDQ,7.293985242651341,2.3944369217489916
0.05º,Cape,PDQ,1.2368696567154662,-0.19510863889194963
0.05º,Cape,PDQ,0.4638831730898436,-0.5255767781752626
0.05º,Cape,PDQ,0.23423072630101416,-0.6237580767876215
0.05º,Cape,PDQ,1.156544582701382,-0.22944931406484845
0.05º,Cape,PDQ,6.000778603402621,1.8415636169314984
0.05º,Cape,PDQ,1.864109088151821,0.07304954004496397
0.05º,Cape,PDQ,1.1970503627806508,-0.2121322327748499
0.05º,Cape,PDQ,2.488606102513521,0.3400352774360059
0.05º,Cape,PDQ,2.3540427392428804,0.28250658163375103
0.05º,Cape,PDQ,3.865273551584721,0.9285898510846781
0.05º,Cape,PDQ,2.631664008180578,0.4011955705291218
0.05º,Cape,PDQ,0.04014839988213126,-0.7067323934646625
0.05º,Cape,PDQ,0.39790806392053035,-0.5537825385967553
0.05º,Cape,PDQ,0.44770696290859097,-0.5324924515958129
0.05º,Cape,PDQ,3.122068094618527,0.610853733220325
0.05º,Cape,PDQ,4.434705200973336,1.1720339754112081
0.05º,Cape,PDQ,2.6169640802724548,0.3949110391352337
0.05º,Cape,PDQ,3.3483599561788964,0.7075983102717284
0.05º,Cape,PDQ,1.5228825665644932,-0.07283204527612712
0.05º,Cape,PDQ,1.5796971392305363,-0.04854260877128744
0.05º,Cape,PDQ,1.3506587682106017,-0.1464613769500302
0.05º,Cape,PDQ,3.8963091785525057,0.9418582407820355
0.05º,Cape,PDQ,0.4794072282982541,-0.5189399148567837
0.05º,Cape,PDQ,5.153302796093038,1.4792497096874702
0.05º,Cape,PDQ,1.759412889137322,0.02828969131374866
0.05º,Cape,PDQ,0.6503498305877055,-0.44585832171187373
0.05º,Cape,PDQ,2.2968834100498094,0.2580697543912904
0.05º,Cape,PDQ,1.3608954120644898,-0.14208499428544175
0.05º,Cape,PDQ,0.7798797196454126,-0.390481543042085
0.05º,Cape,PDQ,0.848975892489777,-0.36094146161094
0.05º,Cape,PDQ,1.1158596952239148,-0.24684296757165589
0.05º,Cape,PDQ,0.5733159931975083,-0.4787919233251736
0.05º,Cape,PDQ,0.7284846877829013,-0.4124540107472728
0.05º,Cape,PDQ,2.791766325155417,0.46964271146418524
0.05º,Cape,PDQ,0.3439768061061009,-0.5768392967635321
0.05º,Cape,PDQ,0.5466759901445312,-0.4901810904398769
0.05º,Cape,PDQ,0.9302017116371621,-0.3262156987625435
0.05º,Cape,PDQ,2.4395629377972896,0.3190682828873825
0.05º,Cape,PDQ,10.249906900193963,3.658156211449359
0.05º,Cape,PDQ,1.275268401867315,-0.17869235978493808
0.05º,Cape,PDQ,1.305026074489197,-0.16597032271304774
0.05º,Cape,PDQ,2.2682487350087746,0.24582782263666444
0.05º,Cape,PDQ,9.925231861956803,3.519350736798992
0.05º,Cape,PDQ,0.387884773497964,-0.5580677081380199
0.05º,Cape,PDQ,3.792833349487563,0.8976201261238087
0.05º,Cape,PDQ,1.600550039506352,-0.039627551006646215
0.05º,Cape,PDQ,4.827467288238609,1.3399481096283963
0.05º,Cape,PDQ,4.546482358728205,1.219821084397087
0.05º,Cape,PDQ,1.1243913418299207,-0.2431955074431356
0.05º,Cape,PDQ,0.7157498876333315,-0.41789840828684405
0.05º,Cape,PDQ,1.1857635642354956,-0.21695757887429032
0.05º,Cape,PDQ,2.12617107721659,0.18508660632963425
0.05º,Cape,PDQ,2.087442662108231,0.16852938631432327
0.05º,Cape,PDQ,1.4861987500259093,-0.08851515597743616
0.05º,Cape,PDQ,3.6186679542402778,0.8231607205402189
0.05º,Cape,PDQ,0.9293299064979905,-0.3265884139758916
0.05º,Cape,PDQ,2.9622354776532327,0.542521894767526
0.05º,Cape,PDQ,2.6136412488089666,0.3934904581106594
0.05º,Cape,PDQ,0.430446916984188,-0.5398714878162503
0.05º,Cape,PDQ,7.653286805859319,2.548045971260437
0.05º,Cape,PDQ,2.883452482171006,0.5088404909193486
0.05º,Cape,PDQ,1.7597915737836551,0.02845158704297527
0.05º,Cape,PDQ,3.171425955928799,0.6319552672467718
0.05º,Cape,PDQ,0.6741783702059263,-0.4356711149284677
0.05º,Cape,PDQ,3.59455840989583,0.8128533782680648
0.05º,Cape,PDQ,1.5908696423143336,-0.043766126409109735
0.05º,Cape,PDQ,8.878599796766117,3.0718932994121118
0.05º,Cape,PDQ,1.7203838913529026,0.011603965820317686
0.05º,Cape,PDQ,3.391871903413608,0.7262005918689486
0.05º,Cape,PDQ,3.703342836938145,0.859361031311435
0.05º,Cape,PDQ,1.475077963865794,-0.09326952825631915
0.05º,Cape,PDQ,1.819844476310338,0.05412547834243401
0.05º,Cape,PDQ,1.0718150000930993,-0.26567301020954365
0.05º,Cape,PDQ,0.7547359503022559,-0.40123103846719016
0.05º,Cape,PDQ,2.8092187790223133,0.47710400616660914
0.05º,Cape,PDQ,2.5847500429019825,0.38113885396235675
0.05º,Cape,PDQ,1.7117550694071382,0.007914961170134353
0.05º,Cape,PDQ,0.2936751839813883,-0.5983443085827777
0.05º,Cape,PDQ,0.33180500712639766,-0.5820429993453501
0.05º,Cape,PDQ,2.5079632809172505,0.3483108823325513
0.05º,Cape,PDQ,1.8179759351778395,0.05332663732216825
0.05º,Cape,PDQ,3.6435765851367345,0.8338096892852321
0.05º,Cape,PDQ,5.214121989898377,1.5052512067838877
0.05º,Cape,PDQ,0.26863155553529416,-0.6090509916474866
0.05º,Cape,PDQ,4.75255283161446,1.3079205883063112
0.05º,Cape,PDQ,0.6421668417341597,-0.4493567232460422
0.05º,Cape,PDQ,1.2671154472314403,-0.18217792105315259
0.05º,Cape,PDQ,0.38031978019185964,-0.5613019034499911
0.05º,Cape,PDQ,5.09631616175473,1.4548867131633032
0.05º,Cape,PDQ,0.7646355616238899,-0.3969987443684063
0.05º,Cape,PDQ,4.122768837410411,1.0386745547419982
0.05º,Cape,PDQ,1.3051920416834828,-0.16589936821249757
0.05º,Cape,PDQ,0.6355543582711688,-0.45218370036963534
0.05º,Cape,PDQ,0.7341413369745978,-0.410035673075713
0.05º,Cape,PDQ,0.9763093804334618,-0.3065036910669676
0.05º,Cape,PDQ,11.326052864790363,4.118231467680696
0.05º,Cape,PDQ,7.170128558152985,2.341485558522056
0.05º,Cape,PDQ,2.457087642099605,0.32656046618548185
0.05º,Cape,PDQ,0.7896509587585752,-0.38630413078893217
0.05º,Cape,PDQ,1.373605648388177,-0.13665109830314875
0.05º,Cape,PDQ,4.379245451203098,1.1483237544695375
0.05º,Cape,PDQ,4.083651909420081,1.0219512372179824
0.05º,Cape,PDQ,0.9121598773273892,-0.33392896612220435
0.05º,Cape,PDQ,1.02173933892954,-0.28708141891868993
0.05º,Cape,PDQ,4.1227609854083385,1.0386711978443426
0.05º,Cape,PDQ,1.3212378219162797,-0.1590394563651262
0.05º,Cape,PDQ,2.2345719111420856,0.23143026516839355
0.05º,Cape,PDQ,1.438475174111528,-0.10891799828639671
0.05º,Cape,PDQ,1.6414299811726614,-0.022150507691334368
0.05º,Cape,PDQ,1.5678525164320658,-0.05360643658670245
0.05º,Cape,PDQ,1.894933963442469,0.08622782892417062
0.05º,Cape,PDQ,4.340363818643727,1.1317010307397186
0.05º,Cape,PDQ,6.367395047788268,1.9982999335078533
0.05º,Cape,PDQ,3.1038383801539493,0.6030601431040808
0.05º,Cape,PDQ,3.5239761319803247,0.7826779553554803
0.05º,Cape,PDQ,1.3484881955423005,-0.14738934286672808
0.05º,Cape,PDQ,8.380307585474045,2.858862795809137
0.05º,Cape,PDQ,2.1072635038628107,0.177003217141147
0.05º,Cape,PDQ,4.085243947155125,1.0226318671631545
0.05º,Cape,PDQ,3.167672740188009,0.6303506878026784
0.05º,Cape,PDQ,0.6588539611430101,-0.4422226252794442
0.05º,Cape,PDQ,2.580612121739704,0.37936980477978205
0.05º,Cape,PDQ,4.318455040434976,1.122334562732856
0.05º,Cape,PDQ,0.2973821032711535,-0.5967595218547921
0.05º,Cape,PDQ,0.7120266802556764,-0.4194901585183468
0.05º,Cape,PDQ,0.5079654688074622,-0.5067306604879142
0.05º,Cape,PDQ,0.42910178073314853,-0.5404465621330463
0.05º,Cape,PDQ,0.48100151410242464,-0.5182583238143132
0.05º,Cape,PDQ,1.5727113200836988,-0.05152919482903698
0.05º,Cape,PDQ,3.774505787902883,0.8897847042855365
0.05º,Cape,PDQ,3.877808192629876,0.9339486763559136
0.05º,Cape,PDQ,0.5162429815536744,-0.5031918479820288
0.05º,Cape,PDQ,5.267047767837839,1.5278781009486335
0.05º,Cape,PDQ,0,-0.7238966871299528
0.05º,Cape,PDQ,9.169163530255538,3.1961154667895784
0.05º,Cape,PDQ,0.803641790898892,-0.38032275289633377
0.05º,Cape,PDQ,0.36396436200843574,-0.5682941920976853
0.05º,Cape,PDQ,2.801062092806523,0.4736168495687253
0.05º,Cape,PDQ,1.6317566776219952,-0.026286050411457245
0.05º,Cape,PDQ,0.9999826049900157,-0.2963828847711756
0.05º,Cape,PDQ,9.065616239969795,3.151846800941688
0.05º,Cape,PDQ,7.646151136389403,2.544995321006886
0.05º,Cape,PDQ,1.519410776493348,-0.07431630926922082
0.05º,Cape,PDQ,1.594234474110209,-0.04232758935039081
0.05º,Cape,PDQ,0.5829223650751568,-0.474684995316834
0.05º,Cape,PDQ,1.7471083813521884,0.023029252898994275
0.05º,Cape,PDQ,1.1999212349300434,-0.21090487395625826
0.05º,Cape,PDQ,1.2238503100476663,-0.2006746861115748
0.05º,Cape,PDQ,4.9662628036301895,1.3992861403494337
0.05º,Cape,PDQ,0.6691457843995309,-0.4378226522482697
0.05º,Cape,PDQ,1.9421587824463487,0.1064174420607464
0.05º,Cape,PDQ,0.7707091799608108,-0.3944021435312158
0.05º,Cape,PDQ,4.427936608746805,1.1691402584755928
0.05º,Cape,PDQ,1.1021447657922285,-0.2527063911963909
0.05º,Cape,PDQ,4.354481838725589,1.1377367841786845
0.05º,Cape,PDQ,1.200782615739901,-0.21053661536509527
0.05º,Cape,PDQ,9.188155525260502,3.2042349480269863
0.05º,Cape,PDQ,3.0914162770286566,0.5977494301837898
0.05º,Cape,PDQ,4.893787097542238,1.3683012366784277
0.05º,Cape,PDQ,4.901460089662052,1.3715816037770567
0.05º,Cape,PDQ,1.1884293542092825,-0.2158178970415299
0.05º,Cape,PDQ,0.7128860235293786,-0.4191227710171657
0.05º,Cape,PDQ,0.4182902454216162,-0.5450687231059519
0.05º,Cape,PDQ,1.0482877006839415,-0.27573143040550585
0.05º,Cape,PDQ,0.6381059300016473,-0.4510928492617814
0.05º,Cape,PDQ,3.7734240406864994,0.8893222343752005
0.05º,Cape,PDQ,0.26585866215032516,-0.6102364624633069
0.05º,Cape,PDQ,0.959160786053718,-0.31383507938493327
0.05º,Cape,PDQ,3.817208689055445,0.9080411014992311
0.05º,Cape,PDQ,2.4609564993944435,0.3282144848500529
0.05º,Cape,PDQ,2.8172457506796285,0.48053570703572496
0.05º,Cape,PDQ,3.0713722207644087,0.5891801704132087
0.05º,Cape,PDQ,0.2936595630598021,-0.5983509868585299
0.05º,Cape,PDQ,0.8181057415106737,-0.374139106808576
0.05º,Cape,PDQ,0.6865346619376427,-0.43038853777670505
0.05º,Cape,PDQ,1.8938381566100826,0.08575934822938007
0.05º,Cape,PDQ,0.5638123937634821,-0.48285491393107094
0.05º,Cape,PDQ,1.4866827612206446,-0.08830823091172707
0.05º,Cape,PDQ,5.777954675533154,1.7463016551887292
0.05º,Cape,PDQ,1.2534369496572093,-0.18802576928504577
0.05º,Cape,PDQ,0.5217985654020456,-0.500816717891277
0.05º,Cape,PDQ,1.7430585838026484,0.02129787843253107
0.05º,Cape,PDQ,0.8490346786496169,-0.3609163292790436
0.05º,Cape,PDQ,0.8051528889296793,-0.37967672639381755
0.05º,Cape,PDQ,2.28963977228732,0.25497294539951554
0.05º,Cape,PDQ,3.829796053625798,0.9134224671972889
0.05º,Cape,PDQ,0.92321688296758,-0.3292018613702296
0.05º,Cape,PDQ,7.1837263493253305,2.3472989030530123
0.05º,Cape,PDQ,0.9472205289849285,-0.318939792882095
0.05º,Cape,PDQ,3.4774771487271345,0.7627986524184188
0.05º,Cape,PDQ,4.113186323427939,1.0345778264905667
0.05º,Cape,PDQ,2.142698457599442,0.19215241246990566
0.05º,Cape,PDQ,1.0555175010029154,-0.2726405372147287
0.05º,Cape,PDQ,0.5213955881786929,-0.5009889992131318
0.05º,Cape,PDQ,0.8057171385169712,-0.3794354977110997
0.05º,Cape,PDQ,1.6788833428511099,-0.006138400098290889
0.05º,Cape,PDQ,4.920714581255362,1.379813307881173
0.05º,Cape,PDQ,6.998337140789744,2.268041078905037
0.05º,Cape,PDQ,1.8945680926909714,0.08607141140714178
0.05º,Cape,PDQ,0.8498452503282626,-0.3605697926706137
0.05º,Cape,PDQ,2.5363155543346756,0.3604320813951291
0.05º,Cape,PDQ,4.243421418592334,1.0902560957489038
0.05º,Cape,PDQ,0.3874632387229667,-0.5582479232073484
0.05º,Cape,PDQ,1.0347424692359013,-0.28152230453800053
0.05º,Cape,PDQ,13.90518724771194,5.2208661948598465
0.05º,Cape,PDQ,2.322421128864402,0.2689876715825647
0.05º,Cape,PDQ,4.046337703147806,1.005998621516613
0.05º,Cape,PDQ,2.0093429970033267,0.13514012071577
0.05º,Cape,PDQ,3.4818455918176507,0.7646662546213924
0.05º,Cape,PDQ,1.6206079993718931,-0.031052347151212335
0.05º,Cape,PDQ,1.631700562404559,-0.026310040858747608
0.05º,Cape,PDQ,0.56951848584332,-0.48041543837470857
0.05º,Cape,PDQ,2.940794329425277,0.5333553485094908
0.05º,Cape,PDQ,3.713617303668161,0.8637535840588917
0.05º,Cape,PDQ,1.1336355350158358,-0.23924341851785963
0.05º,Cape,PDQ,7.323478058492658,2.4070457269218726
0.05º,Cape,PDQ,0.8815373148586425,-0.347020761973107
0.05º,Cape,PDQ,7.537488824637957,2.4985398748439804
0.05º,Cape,PDQ,8.396501543444714,2.86578605678661
0.05º,Cape,PDQ,3.5059175105106055,0.7749575111283984
0.05º,Cape,PDQ,0.5252681925052554,-0.49933337861291516
0.05º,Cape,PDQ,10.179768537130027,3.62817057156417
0.05º,Cape,PDQ,1.4707518511905147,-0.09511903330771918
0.05º,Cape,PDQ,0.6887847475302316,-0.4294265783960916
0.05º,Cape,PDQ,12.38244456347124,4.569861355670417
0.05º,Cape,PDQ,1.3630078745397447,-0.14118187171047908
0.05º,Cape,PDQ,1.0319237226162248,-0.2827273785855395
0.05º,Cape,PDQ,6.444261207992648,2.031161849562905
0.05º,Cape,PDQ,0.5113674981975141,-0.5052762206676414
0.05º,Cape,PDQ,1.2206348065071837,-0.2020493821695163
0.05º,Cape,PDQ,5.060068108477035,1.4393899005112412
0.05º,Cape,PDQ,1.2828531104562917,-0.1754497357708043
0.05º,Cape,PDQ,2.929054154886736,0.5283361745435823
0.05º,Cape,PDQ,0.5067327827722345,-0.5072576599491098
0.05º,Cape,PDQ,0.7165562885729203,-0.4175536547579437
0.05º,Cape,PDQ,1.0304415203906876,-0.28336105151759056
0.05º,Cape,PDQ,0.7110130240768444,-0.41992351806393735
0.05º,Cape,PDQ,3.297736886464876,0.685955872780798
0.05º,Cape,PDQ,1.280462071901168,-0.17647195553661474
0.05º,Cape,PDQ,2.138101348568289,0.19018705072065234
0.05º,Cape,PDQ,14.962391491289484,5.67284346305061
0.05º,Cape,PDQ,2.7811755552178328,0.46511493237749924
0.05º,Cape,PDQ,0.9461067636728209,-0.3194159512083883
0.05º,Cape,PDQ,1.4449247545129191,-0.10616066568155118
0.05º,Cape,PDQ,2.8027757403251528,0.47434947027926205
0.05º,Cape,PDQ,0.5738684130900302,-0.4785557520882219
0.05º,Cape,PDQ,1.6530240677498493,-0.017193789431680262
0.05º,Cape,PDQ,1.5902371725162558,-0.04403652068087409
0.05º,Cape,PDQ,1.5723381289689589,-0.05168874195682986
0.05º,Cape,PDQ,8.102018608345283,2.739888347480569
0.05º,Cape,PDQ,1.0983397142864044,-0.25433313153098114
0.05º,Cape,PDQ,1.1648078985837929,-0.2259165710197668
0.05º,Cape,PDQ,0.35322758389843856,-0.5728843927791595
0.05º,Cape,PDQ,0.37052669263021365,-0.5654886563789118
0.05º,Cape,PDQ,2.373668313245198,0.29089693134917255
0.05º,Cape,PDQ,2.393093027390757,0.2992014092097481
0.05º,Cape,PDQ,0.7779186825812717,-0.3913199280376577
0.05º,Cape,PDQ,2.2109612248561996,0.22133619531156823
0.05º,Cape,PDQ,1.0171299719357043,-0.28905202120733814
0.05º,Cape,PDQ,7.48948871942214,2.478018810385424
0.05º,Cape,PDQ,0.9433093817583268,-0.32061189139069474
0.05º,Cape,PDQ,4.770313182233532,1.3155135154097386
0.05º,Cape,PDQ,1.0436820182197277,-0.27770045747948463
0.05º,Cape,PDQ,10.06778422844263,3.580294901154937
0.05º,Cape,PDQ,4.194452304347062,1.0693207593493808
0.05º,Cape,PDQ,0.958802800477645,-0.31398812582199415
0.05º,Cape,PDQ,0.6554134854842393,-0.4436935016961582
0.05º,Cape,PDQ,1.2311496626030103,-0.1975540578625229
0.05º,Cape,PDQ,0.8511990132155236,-0.35999103028361107
0.05º,Cape,PDQ,0.22437718191423764,-0.6279706762933338
0.05º,Cape,PDQ,0.4492317006951517,-0.5318405938080074
0.05º,Cape,PDQ,9.855854522614253,3.489690450718151
0.05º,Cape,PDQ,1.7453697671492865,0.022285958400661495
0.05º,Cape,PDQ,1.118018625197827,-0.2459199791540896
0.05º,Cape,PDQ,12.353078954973379,4.557306934338633
0.05º,Cape,PDQ,2.8556728891464003,0.49696412488791436
0.05º,Cape,PDQ,0.3706055545174447,-0.5654549412471653
0.05º,Cape,PDQ,6.962692989561611,2.252802447205496
0.05º,Cape,PDQ,0.5654095802300765,-0.4821720827938068
0.05º,Cape,PDQ,3.0375197004945744,0.5747074990009605
0.05º,Cape,PDQ,0.22252604539369691,-0.6287620764723293
0.05º,Cape,PDQ,5.8698097285645225,1.7855716412778366
0.05º,Cape,PDQ,2.4486866767207776,0.32296887505713134
0.05º,Cape,PDQ,6.695351145607173,2.1385081308161524
0.05º,Cape,PDQ,6.938042396221473,2.242263794996293
0.05º,Cape,PDQ,0.39709712399376684,-0.5541292326390769
0.05º,Cape,PDQ,1.9922674031586947,0.12783994167702994
0.05º,Cape,PDQ,1.931010655613792,0.10165138106370357
0.05º,Cape,PDQ,0.3942368724841761,-0.5553520509085804
0.05º,Cape,PDQ,0.27864343160623584,-0.6047707019839721
0.05º,Cape,PDQ,0.5182508505858449,-0.5023334413254548
0.05º,Cape,PDQ,9.374096689243167,3.2837287448516217
0.05º,Cape,PDQ,3.6591193683353493,0.840454559217289
0.05º,Cape,PDQ,11.683757034567623,4.2711575975733185
0.05º,Cape,PDQ,1.2942834084018853,-0.17056304062987912
0.05º,Cape,PDQ,0.6167318961562258,-0.46023070269583444
0.05º,Cape,PDQ,0.5089475084910361,-0.5063108176655522
0.05º,Cape,PDQ,2.6818341277651596,0.4226443622194664
0.05º,Cape,PDQ,5.711761183487325,1.7180025314492713
0.05º,Cape,PDQ,1.185534384605048,-0.21705555803387463
0.05º,Cape,PDQ,9.183729502770518,3.202342729407806
0.05º,Cape,PDQ,0.9034928341368492,-0.33763431116631387
0.05º,Cape,PDQ,1.0692588403338703,-0.266765822797134
0.05º,Cape,PDQ,5.3941345803531515,1.5822104125078136
0.05º,Cape,PDQ,2.980736714673114,0.5504315665430558
0.05º,Cape,PDQ,0.38154787478504204,-0.5607768669277878
0.05º,Cape,PDQ,7.371622492362548,2.427628494945455
0.05º,Cape,PDQ,1.1638515606239157,-0.22632542580936707
0.05º,Cape,PDQ,7.0358334654643215,2.2840715540914207
0.05º,Cape,PDQ,1.6315467622545061,-0.026375793689471242
0.05º,Cape,PDQ,0.6732412023288954,-0.43607177410049597
0.05º,Cape,PDQ,0.5605617090786225,-0.4842446506754494
0.05º,Cape,PDQ,1.9108385961871965,0.09302739722254749
0.05º,Cape,PDQ,1.8119460050865623,0.05074871413788921
0.05º,Cape,PDQ,0.9357108989774601,-0.32386040416441286
0.05º,Cape,PDQ,1.2003518691610247,-0.21072076867623243
0.05º,Cape,PDQ,2.794655929009121,0.4708780784842145
0.05º,Cape,PDQ,5.054617992790292,1.4370598602996338
0.05º,Cape,PDQ,1.4932072414809359,-0.08551887702639648
0.05º,Cape,PDQ,0.32966608576747586,-0.5829574336550432
0.05º,Cape,PDQ,1.2315782036509226,-0.19737084746271633
0.05º,Cape,PDQ,1.178616413731634,-0.2200131375136997
0.05º,Cape,PDQ,3.189734663432703,0.6397826285650687
0.05º,Cape,PDQ,0.8808677196303789,-0.3473070281547863
0.05º,Cape,PDQ,0.6615979589539285,-0.4410495079352465
0.05º,Cape,PDQ,1.1670701592852362,-0.22494940652152984
0.05º,Cape,PDQ,1.371832774347332,-0.13740903960985015
0.05º,Cape,PDQ,12.302231325043573,4.535568492585998
0.05º,Cape,PDQ,0.8834252970533694,-0.3462136094858281
0.05º,Cape,PDQ,20.274161615489447,7.943738008336379
0.05º,Cape,PDQ,1.9323829782379047,0.10223807813240234
0.05º,Cape,PDQ,13.17835278569916,4.9101290250431955
0.05º,Cape,PDQ,8.50894447167714,2.9138577967920067
0.05º,Cape,PDQ,1.9461918598141006,0.1081416682943737
0.05º,Cape,PDQ,0.6319537054390598,-0.4537230559299695
0.05º,Cape,PDQ,7.498121917744975,2.4817096860297556
0.05º,Cape,PDQ,1.9976446823473977,0.13013884273874401
0.05º,Cape,PDQ,1.3992790373556199,-0.12567517924001964
0.05º,Cape,PDQ,2.2797665775001223,0.2507519449302665
0.05º,Cape,PDQ,0.586893471849732,-0.472987262827989
0.05º,Cape,PDQ,0.6209098739666972,-0.4584445284453903
0.05º,Cape,PDQ,1.4677401659665281,-0.096406592706442
0.05º,Cape,PDQ,2.0345816881727448,0.14593019723765563
0.05º,Cape,PDQ,3.986064778115696,0.9802306659230052
0.05º,Cape,PDQ,3.402082714196797,0.730565930347142
0.05º,Cape,PDQ,1.7067224433173886,0.005763406628342812
0.05º,Cape,PDQ,12.137460759810148,4.465125576371021
0.05º,Cape,PDQ,1.981005933112128,0.12302542404869049
0.05º,Cape,PDQ,0.9939576797299196,-0.2989586682838266
0.05º,Cape,PDQ,5.884529205075813,1.7918645301147733
0.05º,Cape,PDQ,0.8012143340375687,-0.3813605422615364
0.05º,Cape,PDQ,1.2865777113933266,-0.17385738976306878
0.05º,Cape,PDQ,2.8342947579092437,0.4878245197318697
0.05º,Cape,PDQ,3.9344562199534088,0.9581669111895578
0.05º,Cape,PDQ,4.378064949829895,1.1478190650597122
0.05º,Cape,PDQ,3.28263013132978,0.6794974141067369
0.05º,Cape,PDQ,3.7296650724278546,0.870614346043746
0.05º,Cape,PDQ,0.7808395542296362,-0.3900711933713114
0.05º,Cape,PDQ,5.37686326635413,1.5748265589461532
0.05º,Cape,PDQ,1.9426054327655804,0.10660839455866652
0.05º,Cape,PDQ,8.259041605172335,2.8070190136504807
0.05º,Cape,PDQ,3.572058958771793,0.803234385044559
0.05º,Cape,PDQ,1.4391835425390898,-0.10861515573850976
0.05º,Cape,PDQ,2.1719133593094093,0.20464240344898948
0.05º,Cape,PDQ,2.107554049542794,0.1771274315902671
0.05º,Cape,PDQ,3.812921622911608,0.9062082896693355
0.05º,Cape,PDQ,1.571921112619323,-0.05186702530334902
0.05º,Cape,PDQ,2.192887990886894,0.2136095039305569
0.05º,Cape,PDQ,1.1546740663978359,-0.23024899951268793
0.05º,Cape,PDQ,4.891740917363961,1.3674264511931993
0.05º,Cape,PDQ,3.7712571973915203,0.8883958628448064
0.05º,Cape,PDQ,0.15596067678701608,-0.6572201853398729
0.05º,Cape,PDQ,1.5926380951801535,-0.04301007524863328
0.05º,Cape,PDQ,5.957165972367901,1.8229182908713417
0.05º,Cape,PDQ,5.4144755436413945,1.590906606337189
0.05º,Cape,PDQ,0.9996987789680364,-0.29650422642377955
0.05º,Cape,PDQ,2.7949022728772386,0.4709833957199556
0.05º,Cape,PDQ,0.20510397120082147,-0.6362103832188726
0.05º,Cape,PDQ,2.2261279348655663,0.22782028596776718
0.05º,Cape,PDQ,0.743195585063748,-0.4061647897135659
0.05º,Cape,PDQ,2.1293547642919126,0.186447700172967
0.05º,Cape,PDQ,5.231433003673484,1.512652032843012
0.05º,Cape,PDQ,6.196096712881858,1.925066257113755
0.05º,Cape,PDQ,3.948964980351038,0.9643697144124846
0.05º,Cape,PDQ,0.7258173022064961,-0.41359437473404165
0.05º,Cape,PDQ,0.24588028214993743,-0.6187776442361834
0.05º,Cape,PDQ,2.0578920928326916,0.15589589032168194
0.05º,Cape,PDQ,3.246699069753106,0.6641361221394784
0.05º,Cape,PDQ,9.205623215124692,3.211702756441852
0.05º,Cape,PDQ,2.956460059066991,0.5400527806572437
0.05º,Cape,PDQ,1.1354553368356488,-0.23846541458894582
0.05º,Cape,PDQ,8.881221331196068,3.073014061059934
0.05º,Cape,PDQ,2.7000830508880425,0.43044616444511064
0.05º,Cape,PDQ,3.763677427619152,0.8851553502796687
0.05º,Cape,PDQ,0.6670273168110081,-0.43872834213669765
0.05º,Cape,PDQ,1.5737469197413434,-0.05108645398019442
0.05º,Cape,PDQ,0.9852182523862972,-0.3026949590907528
0.05º,Cape,PDQ,8.978371096802903,3.1145476492299573
0.05º,Cape,PDQ,0.45950354233478463,-0.527449163342444
0.05º,Cape,PDQ,1.7849699553471425,0.0392158799274041
0.05º,Cape,PDQ,1.0972929463451766,-0.25478064705825976
0.05º,Cape,PDQ,0.8579380617644495,-0.3571099438976529
0.05º,Cape,PDQ,3.5504545137251378,0.7939980259282533
0.05º,Cape,PDQ,2.1878669196102734,0.21146288931679166
0.05º,Cape,PDQ,2.012890212906573,0.13665663085406327
0.05º,Cape,PDQ,1.9016161475862776,0.08908460456919269
0.05º,Cape,PDQ,0.7570076286792773,-0.4002598477126207
0.05º,Cape,PDQ,0.43430573249364457,-0.5382217622282084
0.05º,Cape,PDQ,7.0380100468058675,2.28500208884355
0.05º,Cape,PDQ,6.283963357682301,1.9626311139739603
0.05º,Cape,PDQ,3.476333132312622,0.7623095611033415
0.05º,Cape,PDQ,4.481175330685988,1.1919009428468665
0.05º,Cape,PDQ,0.4889123711261423,-0.5148762644172301
0.05º,Cape,PDQ,3.2687414178141854,0.6735596940951143
0.05º,Cape,PDQ,11.648483756147789,4.256077521876328
0.05º,Cape,PDQ,2.1552301866036867,0.19750999278180306
0.05º,Cape,PDQ,0.5026085630014491,-0.5090208514958161
0.05º,Cape,PDQ,4.6426292345733255,1.260925915893506
0.05º,Cape,PDQ,9.799798807423235,3.465725441901331
0.05º,Cape,PDQ,1.933561161970909,0.10274177670181789
0.05º,Cape,PDQ,0.37031035298779297,-0.5655811461709048
0.05º,Cape,PDQ,2.839578662599837,0.4900835012124521
0.05º,Cape,PDQ,4.838482604092027,1.3446573911110722
0.05º,Cape,PDQ,3.036985948298985,0.5744793086009324
0.05º,Cape,PDQ,1.3026347273900423,-0.16699267438798462
0.05º,Cape,PDQ,0.7373677096766236,-0.40865633022036063
0.05º,Cape,PDQ,5.599633129489473,1.6700654068667986
0.05º,Cape,PDQ,0.23095349490662442,-0.625159162814152
0.05º,Cape,PDQ,1.3275260447978512,-0.15635110752709122
0.05º,Cape,PDQ,1.8239034863165844,0.055860791329803434
0.05º,Cape,PDQ,0.5617075498934648,-0.4837547793904824
0.05º,Cape,PDQ,0.6788697691561577,-0.43366544223617587
0.05º,Cape,PDQ,1.4189712000084111,-0.11725636146223804
0.05º,Cape,PDQ,12.570977916270444,4.650463368269866
0.05º,Cape,PDQ,0.631472696124771,-0.45392869762803045
0.05º,Cape,PDQ,1.0711354513963063,-0.265963531710422
0.05º,Cape,PDQ,1.3879796890246696,-0.13050589063943352
0.05º,Cape,PDQ,0.4992085543520497,-0.510474427406541
0.05º,Cape,PDQ,0.5574575581867222,-0.48557174111109247
0.05º,Cape,PDQ,0.8949305269771474,-0.3412948793327416
0.05º,Cape,PDQ,1.171291264606233,-0.22314479434434675
0.05º,Cape,PDQ,4.6001703800222735,1.242773853785286
0.05º,Cape,PDQ,2.4020962471320786,0.3030504768694024
0.05º,Cape,PDQ,1.076303972575838,-0.2637538791314598
0.05º,Cape,PDQ,13.758544212506141,5.158173182744012
0.05º,Cape,PDQ,0.1151761750320534,-0.6746564260660268
0.05º,Cape,PDQ,1.1236222375819471,-0.2435243158442225
0.05º,Cape,PDQ,5.298774141001635,1.5414417993156098
0.05º,Cape,PDQ,5.480703197541458,1.619220334994899
0.05º,Cape,PDQ,0.4240481248489015,-0.5426071073586394
0.05º,Cape,PDQ,1.0952420977401387,-0.2556574283950818
0.05º,Cape,PDQ,2.110979849856999,0.17859203398548812
0.05º,Cape,PDQ,0.9446901917895121,-0.3200215657752076
0.05º,Cape,PDQ,0.9148498018025804,-0.33277896627749864
0.05º,Cape,PDQ,0.6310680635549406,-0.45410168664566253
0.05º,Cape,PDQ,1.4521168740811168,-0.10308588181203591
0.05º,Cape,PDQ,5.561426457103426,1.653731242946619
0.05º,Cape,PDQ,1.2870547883622787,-0.17365342922615865
0.05º,Cape,PDQ,2.0023206291265954,0.13213790929972888
0.05º,Cape,PDQ,1.503486054000116,-0.08112446636177137
0.05º,Cape,PDQ,1.5996843310328457,-0.03999765976593472
0.05º,Cape,PDQ,1.4702807307382568,-0.09532044730723144
0.05º,Cape,PDQ,5.304475941775759,1.543879440247636
0.05º,Cape,PDQ,1.2667072292443384,-0.18235244291281924
0.05º,Cape,PDQ,0,-0.7238966871299528
0.05º,Cape,PDQ,2.253424688184266,0.2394902277698482
0.05º,Cape,PDQ,0.6323098358230508,-0.4535708026269263
0.05º,Cape,PDQ,1.1150888818321458,-0.247172506668016
0.05º,Cape,PDQ,0.9053697835158062,-0.3368318754421036
0.05º,Cape,PDQ,0.6764957208085705,-0.43468039832740774
0.05º,Cape,PDQ,1.757723850799394,0.027567591550638725
0.05º,Cape,PDQ,0.46915204647504616,-0.5233242228969861
0.05º,Cape,PDQ,1.59001737457138,-0.04413048897061798
0.05º,Cape,PDQ,1.208255195522213,-0.20734192879732505
0.05º,Cape,PDQ,1.3478584855168403,-0.14765855727708338
0.05º,Cape,PDQ,0.27194250018165245,-0.6076354924897006
0.05º,Cape,PDQ,6.973092211617365,2.257248335504396
0.05º,Cape,PDQ,1.161907685610466,-0.2271564736637629
0.05º,Cape,PDQ,3.051792758064823,0.5808095342590676
0.05º,Cape,PDQ,1.2855120679518357,-0.1743129749676084
0.05º,Cape,PDQ,0.3712861336491727,-0.5651639792134668
0.05º,Cape,PDQ,2.4701693402078098,0.33215316997016825
0.05º,Cape,PDQ,5.066440564614756,1.4421142608553184
0.05º,Cape,PDQ,1.937697325661297,0.10451007452783234
0.05º,Cape,PDQ,5.806411320780528,1.7584674754253733
0.05º,Cape,PDQ,0.178890760308073,-0.6474170876203988
0.05º,Cape,PDQ,4.010421804439875,0.9906438119977876
0.05º,Cape,PDQ,2.461847354461243,0.32859534431206516
0.05º,Cape,PDQ,4.423109132964331,1.1670764100473685
0.05º,Cape,PDQ,0.9434529835675853,-0.32055049856726425
0.05º,Cape,PDQ,0,-0.7238966871299528
0.05º,Cape,PDQ,1.8806310985976964,0.080113050423125165
0.05º,Cape,PDQ,0.19155151304261547,-0.6420043469234519
0.05º,Cape,PDQ,0.5973580830994947,-0.468513419259843
0.05º,Cape,PDQ,5.520379208289347,1.636182672272183
0.05º,Cape,PDQ,1.2498696315555036,-0.18955087354013303
0.05º,Cape,PDQ,1.2217998131338996,-0.2015513170929088
0.05º,Cape,PDQ,18.228556871414188,7.069198533450715
0.05º,Cape,PDQ,0.4259934100481843,-0.5417754566198487
0.05º,Cape,PDQ,2.4372144601008543,0.31806425879261546
0.05º,Cape,PDQ,1.9150603774948687,0.09483229839839159
0.05º,Cape,PDQ,7.268581580968553,2.3835763168288158
0.05º,Cape,PDQ,2.902967320428835,0.5171834987520741
0.05º,Cape,PDQ,1.3278623815174697,-0.15620731643596675
0.05º,Cape,PDQ,3.6581695967011743,0.840048511671389
0.05º,Cape,PDQ,1.0117282591384766,-0.29136136815564423
0.05º,Cape,PDQ,2.105899479773427,0.17642006787229833
0.05º,Cape,PDQ,0.7152079291688942,-0.4181301070410983
0.05º,Cape,PDQ,0.404796230522521,-0.5508377010759795
0.05º,Cape,PDQ,0.3021032835469046,-0.5947411170133121
0.05º,Cape,PDQ,1.2789256124047785,-0.1771288246043304
0.05º,Cape,PDQ,2.0789548450404096,0.1649006642442765
0.05º,Cape,PDQ,1.1164451017155426,-0.24659269386298094
0.05º,Cape,PDQ,0.8418787511579582,-0.3639756402671515
0.05º,Cape,PDQ,1.3216238405690983,-0.1588744251923594
0.05º,Cape,PDQ,1.8651525866703904,0.07349565782461659
0.05º,Cape,PDQ,0.8700017257455906,-0.3519524713244097
0.05º,Cape,PDQ,0.7412852733223525,-0.40698148855630506
0.05º,Cape,PDQ,0.7249775167839262,-0.41395340083847265
0.05º,Cape,PDQ,2.5696583081373663,0.37468681681569493
0.05º,Cape,PDQ,3.7912319112229738,0.8969354772525974
0.05º,Cape,PDQ,1.5334928261664926,-0.06829593394396069
0.05º,Cape,PDQ,3.5252985284652243,0.7832433079392795
0.05º,Cape,PDQ,2.1884240831907555,0.211701088581098
0.05º,Cape,PDQ,0.8257112510435215,-0.37088758994914406
0.05º,Cape,PDQ,2.0972786096406644,0.1727344627910625
0.05º,Cape,PDQ,3.55242946719105,0.794842360481155
0.05º,Cape,PDQ,1.0267839231688372,-0.2849247520139865
0.05º,Cape,PDQ,0.5830946813027067,-0.47461132646971566
0.05º,Cape,PDQ,1.963106228504174,0.11537292015526358
0.05º,Cape,PDQ,13.048227012415985,4.854497493210977
0.05º,Cape,PDQ,1.0700626360164855,-0.26642218307092314
0.05º,Cape,PDQ,0.7974142388807017,-0.38298516365167906
0.05º,Cape,PDQ,2.0862305283268014,0.1680111733781375
0.05º,Cape,PDQ,1.412308043008809,-0.12010500259899244
0.05º,Cape,PDQ,0.9667262253579921,-0.310600693399272
0.05º,Cape,PDQ,1.6322091436402042,-0.02609261157870414
0.05º,Cape,PDQ,3.699236653310122,0.8576055505988309
0.05º,Cape,PDQ,9.218161659476202,3.217063207707333
0.05º,Cape,PDQ,1.4021071979293123,-0.12446608052719504
0.05º,Cape,PDQ,2.381409939006841,0.2942066407873998
0.05º,Cape,PDQ,2.9984909831991726,0.5580218934225418
0.05º,Cape,PDQ,1.435205542090579,-0.11031583541937756
0.05º,Cape,PDQ,0.5298514331196562,-0.497373945906376
0.05º,Cape,PDQ,2.125783349937071,0.18492084468266348
0.05º,Cape,PDQ,4.095313846118866,1.0269369628456941
0.05º,Cape,PDQ,4.169346197629158,1.0585873654964912
0.05º,Cape,PDQ,3.2839907996249584,0.6800791287022888
0.05º,Cape,PDQ,3.375245299107004,0.719092365393847
0.05º,Cape,PDQ,4.585694567656812,1.2365851365458973
0.05º,Cape,PDQ,8.936676322677991,3.0967222477322887
0.05º,Cape,PDQ,2.8271495942915132,0.48476981052848106
0.05º,Cape,PDQ,0.7802868299894752,-0.3903074947233429
0.05º,Cape,PDQ,0.5583291261180026,-0.48519912730915593
0.05º,Cape,PDQ,10.61305283911434,3.8134088132289166
0.05º,Cape,PDQ,1.7537680341575324,0.025876395918277423
0.05º,Cape,PDQ,0.7210555180812782,-0.41563013858355774
0.05º,Cape,PDQ,2.148569059642427,0.19466221952955629
0.05º,Cape,PDQ,2.517064715529586,0.3522019389355592
0.05º,Cape,PDQ,2.864040777360673,0.5005415748258887
0.05º,Cape,PDQ,9.749769623080892,3.4443369030203805
0.05º,Cape,PDQ,0.7580918008053263,-0.39979634110189993
0.05º,Cape,PDQ,1.4697275181034621,-0.09555695745834188
0.05º,Cape,PDQ,4.7717191794334655,1.3161146090748184
0.05º,Cape,PDQ,4.107673057485192,1.032220788203263
0.05º,Cape,PDQ,6.7599918501717715,2.1661434049275834
0.05º,Cape,PDQ,6.863306200062797,2.210312483809289
0.05º,Cape,PDQ,2.4742669045109733,0.3339049657383282
0.05º,Cape,PDQ,0.5554841560624539,-0.48641541243249226
0.05º,Cape,PDQ,7.426256444719103,2.4509856699535866
0.05º,Cape,PDQ,1.6788474378543647,-0.006153750246989058
0.05º,Cape,PDQ,6.07828766622661,1.8747003875111026
0.05º,Cape,PDQ,0.9029425595019068,-0.337869565260087
0.05º,Cape,PDQ,2.5862225971999155,0.3817684022004438
0.05º,Cape,PDQ,1.3219286625608833,-0.15874410731672808
0.05º,Cape,PDQ,5.862225880215558,1.7823293850345787
0.05º,Cape,PDQ,2.838749390693358,0.48972896985944747
0.05º,Cape,PDQ,6.265568014538841,1.9547667140796907
0.05º,Cape,PDQ,1.4724120848330828,-0.09440924816366122
0.05º,Cape,PDQ,1.0346871338295662,-0.28154596159948275
0.05º,Cape,PDQ,0.6467305952145492,-0.447405621703182
0.05º,Cape,PDQ,1.1802768811489068,-0.21930325242599033
0.05º,Cape,PDQ,4.778645813465118,1.3190758922387882
0.05º,Cape,PDQ,9.048811933627956,3.1446626030722924
0.05º,Cape,PDQ,0.8718868071411607,-0.35114655899038066
0.05º,Cape,PDQ,0.5353749931196714,-0.4950125066909539
0.05º,Cape,PDQ,1.2525481217437289,-0.18840576209595913
0.05º,Cape,PDQ,3.355455845564574,0.7106319536943744
0.05º,Cape,PDQ,1.509057598846692,-0.0787425126052898
0.05º,Cape,PDQ,1.6673532461062008,-0.011067761345559615
0.05º,Cape,PDQ,0.5031974738663259,-0.5087690795931474
0.05º,Cape,PDQ,6.692723162519481,2.137384612230182
0.05º,Cape,PDQ,1.5558967826726997,-0.05871776669779656
0.05º,Cape,PDQ,0.5312904749944446,-0.4967587249409569
0.05º,Cape,PDQ,0.2869003061775679,-0.6012407127361842
0.05º,Cape,PDQ,10.134118232004717,3.6086540965519327
0.05º,Cape,PDQ,3.9499010517273416,0.9647699048071634
0.05º,Cape,PDQ,1.2061053809222244,-0.20826102019893666
0.05º,Cape,PDQ,1.2441565965786756,-0.1919933173324196
0.05º,Cape,PDQ,3.8971201877981905,0.9422049644596682
0.05º,Cape,PDQ,2.203399431705475,0.21810336813399037
0.05º,Cape,PDQ,3.6359350289310424,0.8305427617075606
0.05º,Cape,PDQ,0.884740355245901,-0.3456513941778749
0.05º,Cape,PDQ,0.6292357367299024,-0.45488504528032986
0.05º,Cape,PDQ,2.7957858772408306,0.47136115535234824
0.05º,Cape,PDQ,1.6728995895839205,-0.008696581709518439
0.05º,Cape,PDQ,5.913824901423297,1.8043890625174004
0.05º,Cape,PDQ,1.3603941788266092,-0.14229928214037607
0.05º,Cape,PDQ,0.9433106062290548,-0.32061136790345185
0.05º,Cape,PDQ,2.7715446286731287,0.4609975067274744
0.05º,Cape,PDQ,4.467009747867627,1.1858448553278582
0.05º,Cape,PDQ,1.7381081328934576,0.019181455525754815
0.05º,Cape,PDQ,2.5478788325497836,0.36537562842565235
0.05º,Cape,PDQ,0.8108108898187858,-0.37725781084290616
0.05º,Cape,PDQ,0.29984927074011164,-0.5957047553614082
0.05º,Cape,PDQ,1.0050961242980634,-0.2941967466604628
0.05º,Cape,PDQ,7.365639404014304,2.4250705976011986
0.05º,Cape,PDQ,0.4161084876046167,-0.5460014709112808
0.05º,Cape,PDQ,2.8417809612957043,0.49102503067976655
0.05º,Cape,PDQ,2.3608124001964073,0.28540075547285587
0.05º,Cape,PDQ,0.40928037019622365,-0.5489206361264031
0.05º,Cape,PDQ,10.43822961590232,3.738668172218731
0.05º,Cape,PDQ,1.9865618909363907,0.12540071402207886
0.05º,Cape,PDQ,1.0047677804678317,-0.29433712062161266
0.05º,Cape,PDQ,0.5806435673066603,-0.4756592297624685
0.05º,Cape,PDQ,0.3381351544970792,-0.5793367268977824
0.05º,Cape,PDQ,0,-0.7238966871299528
0.05º,Cape,PDQ,1.0766288359383165,-0.26361499314419645
0.05º,Cape,PDQ,1.1938624823236599,-0.2134951193779094
0.05º,Cape,PDQ,1.8998709125521986,0.08833847952491124
0.05º,Cape,PDQ,2.839889015680479,0.49021618374604503
0.05º,Cape,PDQ,0.4804954764681501,-0.518474665650747
0.05º,Cape,PDQ,4.972256085983627,1.4018483958474217
0.05º,Cape,PDQ,5.555742301874692,1.6513011458600222
0.05º,Cape,PDQ,0.4037664279187564,-0.5512779635611641
0.05º,Cape,PDQ,11.786361806186626,4.315023316672934
0.05º,Cape,PDQ,0.7474559629444766,-0.40434338768298395
0.05º,Cape,PDQ,1.522307409180536,-0.07307793727359115
0.05º,Cape,PDQ,0.4234536027745237,-0.5428612781725466
0.05º,Cape,PDQ,3.4140588192292176,0.7356859696101344
0.05º,Cape,PDQ,1.5423289275006293,-0.0645183129528216
0.05º,Cape,PDQ,2.088880041161099,0.16914389638805452
0.05º,Cape,PDQ,4.642797941962877,1.2609980418857318
0.05º,Cape,PDQ,2.715560126312581,0.43706294290817604
0.05º,Cape,PDQ,1.2074819163835402,-0.20767252205285675
0.05º,Cape,PDQ,0.9612434062314988,-0.31294471502596416
0.05º,Cape,PDQ,9.36702428418555,3.2807051414780077
0.05º,Cape,PDQ,7.955058884393942,2.677059944199833
0.05º,Cape,PDQ,0.4975045932395322,-0.5112029069727341
0.05º,Cape,PDQ,0.7298189243615602,-0.4118835962719187
0.05º,Cape,PDQ,0.66140343069354,-0.4411326728981668
0.05º,Cape,PDQ,0.4106804169652308,-0.5483220863969263
0.05º,Cape,PDQ,5.365692632791795,1.5700508758441074
0.05º,Cape,PDQ,0.5324292812579708,-0.496271861076085
0.05º,Cape,PDQ,1.5025779562400978,-0.08151269744135375
0.05º,Cape,PDQ,4.205576706457665,1.0740766775238964
0.05º,Cape,PDQ,7.304795252320207,2.3990584304772544
0.05º,Cape,PDQ,4.621915531329486,1.2520703678164535
0.05º,Cape,PDQ,19.15083688571129,7.463492827955566
0.05º,Cape,PDQ,4.0018808625123885,0.9869923779219103
0.05º,Cape,PDQ,0.9987092442340683,-0.29692727353937315
0.05º,Cape,PDQ,2.435682990268484,0.31740952291224395
0.05º,Cape,PDQ,3.922031505654255,0.9528550819369822
0.05º,Cape,PDQ,0.8486889861635976,-0.36106412015901246
0.05º,Cape,PDQ,18.54934146374832,7.206340759847987
0.05º,Cape,PDQ,2.900031072849984,0.5159281905488742
0.05º,Cape,PDQ,0.68611156660038,-0.43056942001954696
0.05º,Cape,PDQ,0.6158821495758882,-0.4605939874067771
0.05º,Cape,PDQ,1.9923748860078843,0.12788589287789692
0.05º,Cape,PDQ,3.5872537261909976,0.8097304708393778
0.05º,Cape,PDQ,0.7117069373935865,-0.41962685538293926
0.05º,Cape,PDQ,9.778314749399824,3.456540550794373
0.05º,Cape,PDQ,1.8579977969149573,0.07043683324290959
0.05º,Cape,PDQ,4.203613531124125,1.073237378372741
0.05º,Cape,PDQ,2.4632404592302093,0.32919092618908274
0.05º,Cape,PDQ,1.0367878547097302,-0.2806478588058023
0.05º,Cape,PDQ,1.7263258009462892,0.014144258372272785
0.05º,Cape,PDQ,4.216234998097494,1.078633323572392
0.05º,Cape,PDQ,0.4980591105090244,-0.5109658390625813
0.05º,Cape,PDQ,0.9841560508594706,-0.3031490728036703
0.05º,Cape,PDQ,0.7742524826709611,-0.39288730636608366
0.05º,Cape,PDQ,2.2609908367181806,0.24272491696624424
0.05º,Cape,PDQ,2.1938535430141366,0.2140222979724064
0.05º,Cape,PDQ,0.3335839340119588,-0.5812824703189755
0.05º,Cape,PDQ,5.167892305760293,1.4854870349382034
0.05º,Cape,PDQ,0.5448532792421672,-0.4909603380633676
0.05º,Cape,PDQ,0.6428263539825652,-0.4490747677524056
0.05º,Cape,PDQ,5.046971904458823,1.4337909951419343
0.05º,Cape,PDQ,0.5235840534523479,-0.5000533838276224
0.05º,Cape,PDQ,6.236879312538651,1.9425016846525422
0.05º,Cape,PDQ,1.9483816813022468,0.10907786349038281
0.05º,Cape,PDQ,3.1026389648516997,0.6025473675878735
0.05º,Cape,PDQ,2.5291438422352366,0.35736602215194435
0.05º,Cape,PDQ,0.7159216575844112,-0.4178249729845192
0.05º,Cape,PDQ,0.18093257242534655,-0.6465441695740229
0.05º,Cape,PDQ,3.200784996306057,0.6445068805674972
0.05º,Cape,PDQ,3.3547162818320024,0.7103157744910357
0.05º,Cape,PDQ,1.2598969286029884,-0.18526399108161867
0.05º,Cape,PDQ,8.971062012660651,3.111422860520812
0.05º,Cape,PDQ,2.447931372934395,0.32264596664648393
0.05º,Cape,PDQ,0.7682261162691988,-0.39546370599740555
0.05º,Cape,PDQ,4.987256613480158,1.408261439949817
0.05º,Cape,PDQ,5.318178878532158,1.549737736748972
0.05º,Cape,PDQ,4.720306973762136,1.2941347992016043
0.05º,Cape,PDQ,1.2114191698081345,-0.20598926259014316
0.05º,Cape,PDQ,0.9760959762849928,-0.3065949258729491
0.05º,Cape,PDQ,0.9073616241191595,-0.33598032127927824
0.05º,Cape,PDQ,1.9241107950259897,0.09870154411562357
0.05º,Cape,PDQ,14.97147232848961,5.676725713822428
0.05º,Cape,PDQ,0.2691774045303343,-0.6088176296087683
0.05º,Cape,PDQ,1.4198739421558575,-0.11687042002077849
0.05º,Cape,PDQ,4.665248967352361,1.270596332079197
0.05º,Cape,PDQ,3.2462579184744738,0.6639475205982093
0.05º,Cape,PDQ,0.3008043062579529,-0.5952964573934411
0.05º,Cape,PDQ,0.6600111365159198,-0.4417279082301677
0.05º,Cape,PDQ,0.9013469296771375,-0.33855173089990936
0.05º,Cape,PDQ,0.6857468731848049,-0.43072533420046333
0.05º,Cape,PDQ,11.656263271021462,4.259403429714679
0.05º,Cape,PDQ,2.118785022336878,0.1819289109954362
0.05º,Cape,PDQ,6.823234702174885,2.1931810673798564
0.05º,Cape,PDQ,3.024595748117298,0.5691822348666226
0.05º,Cape,PDQ,2.3911714051061796,0.29837987486957296
0.05º,Cape,PDQ,1.231976003896647,-0.19720077940875197
0.05º,Cape,PDQ,1.6809496337427952,-0.005255016855946874
0.05º,Cape,PDQ,2.8886020619510457,0.5110420456477298
0.05º,Cape,PDQ,10.718691823028383,3.858571722528584
0.05º,Cape,PDQ,14.121972157472289,5.313546348097688
0.05º,Cape,PDQ,1.6457853397608682,-0.02028849939100115
0.05º,Cape,PDQ,6.5704214690644065,2.0850980407008515
0.05º,Cape,PDQ,0.7057079005169798,-0.4221915710618027
0.05º,Cape,PDQ,0.38235865146279724,-0.5604302426778845
0.05º,Cape,PDQ,3.047710401040538,0.579064239925617
0.05º,Cape,PDQ,0.313763375814493,-0.5897561799191107
0.05º,Cape,PDQ,1.076187138979857,-0.2638038279751816
0.05º,Cape,PDQ,13.49196231659548,5.044203760283991
0.05º,Cape,PDQ,10.79070857890177,3.8893604152351773
0.05º,Cape,PDQ,2.2592896845565855,0.24199763828622997
0.05º,Cape,PDQ,0.1957103679050475,-0.6402263481394487
0.05º,Cape,PDQ,1.9440242208920795,0.1072149566165207
0.05º,Cape,PDQ,3.040040440029568,0.5757851686903968
0.05º,Cape,PDQ,0.3131379469866191,-0.5900235640265691
0.05º,Cape,PDQ,0.6272020015988625,-0.45575451024354313
0.05º,SWA,PDQ,1.4445470954165056,-0.10632212296640538
0.05º,SWA,PDQ,0.36276963329788475,-0.5688049639964025
0.05º,SWA,PDQ,0.36916297600593295,-0.5660716741998987
0.05º,SWA,PDQ,1.0485140110279347,-0.27563467792682184
0.05º,SWA,PDQ,0.2610631577762561,-0.6122866424353944
0.05º,SWA,PDQ,0.48615513981124653,-0.5160550393654458
0.05º,SWA,PDQ,0.6043649516902687,-0.46551783411773945
0.05º,SWA,PDQ,0.7903006268136292,-0.38602638389703503
0.05º,SWA,PDQ,0.650853141212527,-0.4456431457299003
0.05º,SWA,PDQ,0.838022742424163,-0.3656241658989848
0.05º,SWA,PDQ,0.42086740201578443,-0.5439669339254712
0.05º,SWA,PDQ,0.2951612326271394,-0.5977089912243907
0.05º,SWA,PDQ,1.9816412695415977,0.1232970438662596
0.05º,SWA,PDQ,0.14407087683001465,-0.6623033273500819
0.05º,SWA,PDQ,1.0286560823887971,-0.28412436418448606
0.05º,SWA,PDQ,0.3272808724078963,-0.5839771630260365
0.05º,SWA,PDQ,0.4372917119367617,-0.5369451925967748
0.05º,SWA,PDQ,0.44751642292883137,-0.5325739114840569
0.05º,SWA,PDQ,0.5953323102053069,-0.46937948019769127
0.05º,SWA,PDQ,0.5069436735020179,-0.5071674996829991
0.05º,SWA,PDQ,0.3256828052264906,-0.5846603706875881
0.05º,SWA,PDQ,0.39616083494217474,-0.5545295160945646
0.05º,SWA,PDQ,0.5278097052633027,-0.49824682792941893
0.05º,SWA,PDQ,1.4102126781169584,-0.12100081559391261
0.05º,SWA,PDQ,0.4709844052652399,-0.5225408505965359
0.05º,SWA,PDQ,1.4001761472817857,-0.12529164569278078
0.05º,SWA,PDQ,0.9512663733613146,-0.31721010848111686
0.05º,SWA,PDQ,0.6939474096845513,-0.427219430674848
0.05º,SWA,PDQ,0.7214807669321672,-0.4154483356679019
0.05º,SWA,PDQ,1.039268433311838,-0.2795873587681566
0.05º,SWA,PDQ,0.6422110692158832,-0.4493378150582537
0.05º,SWA,PDQ,1.7045210263392585,0.004822254114087842
0.05º,SWA,PDQ,0.28614892194300506,-0.6015619454551809
0.05º,SWA,PDQ,1.4718245528799956,-0.094660430552253
0.05º,SWA,PDQ,0.5803700441275181,-0.47577616673093653
0.05º,SWA,PDQ,0.42192830795202796,-0.5435133741050452
0.05º,SWA,PDQ,0.9987311349696328,-0.29691791478497986
0.05º,SWA,PDQ,0.05650102283145486,-0.6997412998389144
0.05º,SWA,PDQ,0.8516308457047094,-0.3598064127227529
0.05º,SWA,PDQ,0.31037684225980416,-0.5912039949406481
0.05º,SWA,PDQ,0.4134132850158202,-0.5471537272616551
0.05º,SWA,PDQ,0.5781405553405669,-0.4767293205396824
0.05º,SWA,PDQ,0.7355726423524485,-0.4094237596270509
0.05º,SWA,PDQ,0.2771652688334135,-0.6054026479641932
0.05º,SWA,PDQ,0.5077727745483815,-0.5068130413763228
0.05º,SWA,PDQ,0.2613902663961838,-0.6121467965528843
0.05º,SWA,PDQ,0.49885146352979887,-0.5106270913173391
0.05º,SWA,PDQ,0.5886169318799624,-0.47225044706033414
0.05º,SWA,PDQ,0.3475857848201479,-0.5752963817118352
0.05º,SWA,PDQ,0.8588717432669656,-0.3567107752247771
0.05º,SWA,PDQ,0.7739276687900829,-0.393026171198912
0.05º,SWA,PDQ,0.8846880065070274,-0.3456737743755832
0.05º,SWA,PDQ,1.2625392646363143,-0.18413433630654583
0.05º,SWA,PDQ,0.7475338548789784,-0.4043100872266302
0.05º,SWA,PDQ,0.7183071610368338,-0.4168051195926741
0.05º,SWA,PDQ,3.0788565474746625,0.5923798790421682
0.05º,SWA,PDQ,0.47146279573542876,-0.5223363285099496
0.05º,SWA,PDQ,0.35896863650392535,-0.5704299708555521
0.05º,SWA,PDQ,0.8713457406382601,-0.3513778764121335
0.05º,SWA,PDQ,0.702613010699247,-0.4235147021915424
0.05º,SWA,PDQ,0.642612725128362,-0.449166098624861
0.05º,SWA,PDQ,1.0863121953215813,-0.2594751513420609
0.05º,SWA,PDQ,0.44883527579131055,-0.5320100738741058
0.05º,SWA,PDQ,0.33325180632096735,-0.581424461960966
0.05º,SWA,PDQ,0.1747518844074677,-0.6491865449738861
0.05º,SWA,PDQ,0.5628148776354465,-0.48328137326214604
0.05º,SWA,PDQ,0.24690440741625885,-0.6183398089333373
0.05º,SWA,PDQ,0.5436738486643198,-0.49146456968543545
0.05º,SWA,PDQ,0.574173953798079,-0.47842512694612294
0.05º,SWA,PDQ,0.6523825283801491,-0.44498930023294253
0.05º,SWA,PDQ,0.6268614669780064,-0.45590009602660625
0.05º,SWA,PDQ,0.7101240974885441,-0.420303553060432
0.05º,SWA,PDQ,0.3630014838259908,-0.5687058429713417
0.05º,SWA,PDQ,1.0287927359710514,-0.28406594187567397
0.05º,SWA,PDQ,1.6353020684735782,-0.0247703205215124
0.05º,SWA,PDQ,0.3351247192900853,-0.5806237518876917
0.05º,SWA,PDQ,0.7079811847166186,-0.42121969378395807
0.05º,SWA,PDQ,0.5342938620367161,-0.4954747131911631
0.05º,SWA,PDQ,0.17388449539600362,-0.6495573721988446
0.05º,SWA,PDQ,0.5110317048606442,-0.5054197794511001
0.05º,SWA,PDQ,0.18252056139009357,-0.6458652705641451
0.05º,SWA,PDQ,0.8538936729784352,-0.35883900600283164
0.05º,SWA,PDQ,0.8513399384639891,-0.3599307817467673
0.05º,SWA,PDQ,0.4675014315742969,-0.5240298958246231
0.05º,SWA,PDQ,0.8244118347818706,-0.3714431179994252
0.05º,SWA,PDQ,1.0534782671793177,-0.2735123529857976
0.05º,SWA,PDQ,1.0047625372876814,-0.2943393621924873
0.05º,SWA,PDQ,0.5389480744356463,-0.49348493853936115
0.05º,SWA,PDQ,0.6499943168592088,-0.4460103113815959
0.05º,SWA,PDQ,0.9984116039953906,-0.2970545210630171
0.05º,SWA,PDQ,1.0632630189856505,-0.2693291637693172
0.05º,SWA,PDQ,0.5898075405462291,-0.4717414365680546
0.05º,SWA,PDQ,0.7454782240701816,-0.40518891305712884
0.05º,SWA,PDQ,0.9858367728677879,-0.3024305284481002
0.05º,SWA,PDQ,0.7866474378295893,-0.38758819977813996
0.05º,SWA,PDQ,0.5771975921001453,-0.4771324573526484
0.05º,SWA,PDQ,0.6958970780725812,-0.4263859060297731
0.05º,SWA,PDQ,0.6507480241952442,-0.44568808548737915
0.05º,SWA,PDQ,1.059166925845243,-0.27108033058415276
0.05º,SWA,PDQ,0.19126153507350413,-0.6421283186641166
0.05º,SWA,PDQ,0.8722823880336897,-0.3509774397570443
0.05º,SWA,PDQ,0.37259040317974507,-0.5646063762876427
0.05º,SWA,PDQ,0.46431604698971113,-0.5253917153892194
0.05º,SWA,PDQ,0.4457294913502889,-0.5333378626866933
0.05º,SWA,PDQ,0.5355991331147547,-0.49491668208252515
0.05º,SWA,PDQ,0.6243765280272188,-0.4569624602059224
0.05º,SWA,PDQ,0.47325249292232346,-0.5215711949510035
0.05º,SWA,PDQ,0.532837068314626,-0.49609752344833685
0.05º,SWA,PDQ,0.6745590427775439,-0.4355083693189603
0.05º,SWA,PDQ,2.156811683345803,0.19818611622861726
0.05º,SWA,PDQ,0.6017166359805657,-0.4666500453314664
0.05º,SWA,PDQ,0.6780835930251846,-0.43400154922983636
0.05º,SWA,PDQ,0.774648222280494,-0.39271811927785716
0.05º,SWA,PDQ,1.0048279907550663,-0.29431137944500785
0.05º,SWA,PDQ,0.2124276756245883,-0.6330793440288582
0.05º,SWA,PDQ,1.6152687975276006,-0.03333496933946261
0.05º,SWA,PDQ,0.5528129685072243,-0.4875574018459592
0.05º,SWA,PDQ,0.5692531488559874,-0.4805288755723108
0.05º,SWA,PDQ,0.2722244037959752,-0.6075149727072
0.05º,SWA,PDQ,0.5554348627726269,-0.4864364863608382
0.05º,SWA,PDQ,0.7142372624373733,-0.41854508768490645
0.05º,SWA,PDQ,0.789535727765825,-0.38635339448573486
0.05º,SWA,PDQ,0.5441876159415947,-0.49124492326244845
0.05º,SWA,PDQ,0.4270778979545524,-0.5413118150063347
0.05º,SWA,PDQ,0.4318051967455381,-0.5392907943696402
0.05º,SWA,PDQ,0.23046960102187342,-0.6253660377273513
0.05º,SWA,PDQ,0.5657905266608717,-0.48200922010368447
0.05º,SWA,PDQ,1.027187001796651,-0.2847524273395708
0.05º,SWA,PDQ,0.8137710826135213,-0.37599226555134074
0.05º,SWA,PDQ,1.5919889245066672,-0.043287609499346305
0.05º,SWA,PDQ,0.5496326850818574,-0.48891704055664537
0.05º,SWA,PDQ,0.1948962918034335,-0.6405743829631283
0.05º,SWA,PDQ,1.2558994764163158,-0.18697298679368796
0.05º,SWA,PDQ,0.3271630515167614,-0.5840275339594058
0.05º,SWA,PDQ,0.8973727322515749,-0.34025078470769404
0.05º,SWA,PDQ,0.26748694385494154,-0.6095403374513535
0.05º,SWA,PDQ,0.4630322930889995,-0.5259405474475447
0.05º,SWA,PDQ,0.5247504768031095,-0.4995547130713955
0.05º,SWA,PDQ,0.44928545998779473,-0.5318176105686039
0.05º,SWA,PDQ,0.5517003310693285,-0.4880330779820719
0.05º,SWA,PDQ,0.6374429827496968,-0.4513762732923899
0.05º,SWA,PDQ,0.28410374603153776,-0.6024363015950186
0.05º,SWA,PDQ,0.4157968487268609,-0.5461347031504491
0.05º,SWA,PDQ,0.793132403511821,-0.3848157392141837
0.05º,SWA,PDQ,0.780423828908753,-0.3902489247756186
0.05º,SWA,PDQ,0.45088360776573605,-0.5311343684503215
0.05º,SWA,PDQ,0.6025250302003075,-0.46630443963296514
0.05º,SWA,PDQ,1.2479106614619124,-0.19038837486189517
0.05º,SWA,PDQ,0.5231136067692401,-0.5002545097765129
0.05º,SWA,PDQ,1.0582400935070897,-0.27147657109379336
0.05º,SWA,PDQ,0.6338439029894727,-0.4529149563310826
0.05º,SWA,PDQ,0.17850519624757175,-0.6475819244452949
0.05º,SWA,PDQ,0.4985336573035634,-0.5107629602289714
0.05º,SWA,PDQ,1.311498625540199,-0.16320316966761772
0.05º,SWA,PDQ,0.7049669777308843,-0.42250833128938803
0.05º,SWA,PDQ,0.2893294046670505,-0.6002022215400769
0.05º,SWA,PDQ,1.0346716826543556,-0.2815525673050543
0.05º,SWA,PDQ,0.4883225078697314,-0.5151284434875075
0.05º,SWA,PDQ,1.0157625834306263,-0.2896366088353533
0.05º,SWA,PDQ,0.48734081209123226,-0.5155481392831458
0.05º,SWA,PDQ,1.4917045715931545,-0.0861613003187715
0.05º,SWA,PDQ,0.28552807849130546,-0.6018273692169356
0.05º,SWA,PDQ,0.380197158566229,-0.5613543267993205
0.05º,SWA,PDQ,0.6449686627329135,-0.44815888526093267
0.05º,SWA,PDQ,0.5017736174481947,-0.5093778084533201
0.05º,SWA,PDQ,0.641889040176573,-0.4494754893121642
0.05º,SWA,PDQ,0.7390799071735488,-0.4079243294248998
0.05º,SWA,PDQ,0.8162174942814033,-0.37494637260375135
0.05º,SWA,PDQ,0.19644877645704403,-0.6399106628003408
0.05º,SWA,PDQ,0.7250343898474717,-0.41392908639587456
0.05º,SWA,PDQ,0.49482772443387546,-0.5123473252414232
0.05º,SWA,PDQ,0.7066892617775812,-0.42177201827967065
0.05º,SWA,PDQ,0.49743460153077657,-0.5112328299147878
0.05º,SWA,PDQ,0.2403492011505269,-0.6211422988385863
0.05º,SWA,PDQ,0.7243268043150866,-0.41423159423944556
0.05º,SWA,PDQ,1.0280981004973992,-0.284362913294089
0.05º,SWA,PDQ,0.6173132518390274,-0.45998216079396814
0.05º,SWA,PDQ,0.8599307712889694,-0.3562580182525737
0.05º,SWA,PDQ,0.4489955170615205,-0.5319415673277115
0.05º,SWA,PDQ,0.2103677020396716,-0.6339600264883848
0.05º,SWA,PDQ,0.840110599974769,-0.36473156245189586
0.05º,SWA,PDQ,0.5046235190497497,-0.5081594149893246
0.05º,SWA,PDQ,0.48878857235849676,-0.5149291910197723
0.05º,SWA,PDQ,0.5447163824681895,-0.4910188643418066
0.05º,SWA,PDQ,0.5853315289058391,-0.47365502661075776
0.05º,SWA,PDQ,0.4849755600925142,-0.5165593347484096
0.05º,SWA,PDQ,0.18198288206979563,-0.6460951398933946
0.05º,SWA,PDQ,0.4073488343920979,-0.5497464087067393
0.05º,SWA,PDQ,0.8652319220809233,-0.3539916636973682
0.05º,SWA,PDQ,0.5159103495103337,-0.5033340552453606
0.05º,SWA,PDQ,0.4792442458209744,-0.5190095933274211
0.05º,SWA,PDQ,0.32599231637554266,-0.5845280480976316
0.05º,SWA,PDQ,1.6137682325369842,-0.03397649274359349
0.05º,SWA,PDQ,0.6726278444509108,-0.4363339976205006
0.05º,SWA,PDQ,0.2986011860328467,-0.5962383380819537
0.05º,SWA,PDQ,2.970714975286412,0.546147060102566
0.05º,SWA,PDQ,0.33469270979677884,-0.5808084451215707
0.05º,SWA,PDQ,0.6050564154490338,-0.46522221867480296
0.05º,SWA,PDQ,0.1869283260098289,-0.6439808575722767
0.05º,SWA,PDQ,0.9303823985137024,-0.32613845128519686
0.05º,SWA,PDQ,0.2665082223621419,-0.6099587616766842
0.05º,SWA,PDQ,0.20833741514771098,-0.634828017256154
0.05º,SWA,PDQ,0.600712119558473,-0.4670794974369308
0.05º,SWA,PDQ,0.8967402826598148,-0.3405211703408284
0.05º,SWA,PDQ,0.31637450206426837,-0.5886398679893733
0.05º,SWA,PDQ,2.239073895795527,0.23335495922581945
0.05º,SWA,PDQ,0.18584765878704568,-0.6444428657624104
0.05º,SWA,PDQ,0.3610763115647397,-0.5695288950019431
0.05º,SWA,PDQ,0.5598684013943872,-0.4845410544356876
0.05º,SWA,PDQ,1.1665693020717183,-0.22516353361806266
0.05º,SWA,PDQ,0.6287913246873936,-0.455075040867412
0.05º,SWA,PDQ,1.0692953386424509,-0.26675021899502477
0.05º,SWA,PDQ,0.7129895745972061,-0.41907850073633846
0.05º,SWA,PDQ,0.5456887467039939,-0.49060315797886384
0.05º,SWA,PDQ,0.4442163085714752,-0.533984780463269
0.05º,SWA,PDQ,0.42956385077099984,-0.5402490173779154
0.05º,SWA,PDQ,0.25795294023729315,-0.6136163264915069
0.05º,SWA,PDQ,0.4538834840407312,-0.5298518576281038
0.05º,SWA,PDQ,1.3500230709711718,-0.14673315102152054
0.05º,SWA,PDQ,1.9648752296651064,0.11612920572354588
0.05º,SWA,PDQ,0.660149274725179,-0.4416688512117788
0.05º,SWA,PDQ,0.6144986800205553,-0.4611854500253233
0.05º,SWA,PDQ,0.6723940451621707,-0.4364339517821224
0.05º,SWA,PDQ,3.1960987334335726,0.6425034036575278
0.05º,SWA,PDQ,0.5657070718449586,-0.482044898809992
0.05º,SWA,PDQ,0.6123743066001721,-0.4620936647823059
0.05º,SWA,PDQ,0.309849313011876,-0.5914295248983812
0.05º,SWA,PDQ,0.4137191117744605,-0.5470229798268528
0.05º,SWA,PDQ,0.2921391449592726,-0.5990009978888108
0.05º,SWA,PDQ,0.3908925478880845,-0.5567818207038374
0.05º,SWA,PDQ,0.35628637413919784,-0.5715766949852983
0.05º,SWA,PDQ,0.24148442568602413,-0.6206569662385195
0.05º,SWA,PDQ,4.4881203395746745,1.1948700816524835
0.05º,SWA,PDQ,0.44241778334260495,-0.5347536881976592
0.05º,SWA,PDQ,0.38514313488592067,-0.5592398168745913
0.05º,SWA,PDQ,0.7290620289526646,-0.41220718513499505
0.05º,SWA,PDQ,0.5111404651795226,-0.5053732821048087
0.05º,SWA,PDQ,0.6264574189244969,-0.45607283515109653
0.05º,SWA,PDQ,0.2015549038742882,-0.6377276848799436
0.05º,SWA,PDQ,0.5520454130054991,-0.48788554812513085
0.05º,SWA,PDQ,0.6230820981828565,-0.4575158564569056
0.05º,SWA,PDQ,0.6344178525018107,-0.4526695807243899
0.05º,SWA,PDQ,0.33699758294665194,-0.5798230628965801
0.05º,SWA,PDQ,1.053291434799387,-0.2735922277963687
0.05º,SWA,PDQ,0.7119783118322466,-0.4195108370466646
0.05º,SWA,PDQ,0.33969213825724864,-0.578671083271384
0.05º,SWA,PDQ,0.8946895447817885,-0.34139790433950123
0.05º,SWA,PDQ,0.38203562441326355,-0.5605683436023625
0.05º,SWA,PDQ,0.9776229376708562,-0.3059421174492146
0.05º,SWA,PDQ,1.891707004528663,0.08484823545083169
0.05º,SWA,PDQ,0.3448900845315721,-0.5764488508394359
0.05º,SWA,PDQ,0.39108976547742774,-0.55669750599567
0.05º,SWA,PDQ,1.041879780498549,-0.27847095238318675
0.05º,SWA,PDQ,0.2923299415154492,-0.5989194283086992
0.05º,SWA,PDQ,0.40321348474786983,-0.5515143585107307
0.05º,SWA,PDQ,0.5548762369442284,-0.4866753107671856
0.05º,SWA,PDQ,0.8437034687599732,-0.3631955347369396
0.05º,SWA,PDQ,0.6629919336165904,-0.44045355416019827
0.05º,SWA,PDQ,0.5248629677721289,-0.49950662079293334
0.05º,SWA,PDQ,0.7207319383268,-0.4157684758011383
0.05º,SWA,PDQ,0.43512179740556356,-0.5378728771458828
0.05º,SWA,PDQ,0.501938129966959,-0.5093074758574515
0.05º,SWA,PDQ,1.2360441998557161,-0.19546153923144946
0.05º,SWA,PDQ,0.6789493369467468,-0.4336314253157511
0.05º,SWA,PDQ,0.5112318506947252,-0.5053342128561139
0.05º,SWA,PDQ,0.3556557056066178,-0.5718463191778052
0.05º,SWA,PDQ,0.6828920333473774,-0.4319458388651781
0.05º,SWA,PDQ,0.4373145471384482,-0.5369354300630548
0.05º,SWA,PDQ,0.21114326799198324,-0.6336284555714526
0.05º,SWA,PDQ,0.2725871640538407,-0.6073598849922629
0.05º,SWA,PDQ,0.1619250581071204,-0.6546702856474669
0.05º,SWA,PDQ,0.7025018449143074,-0.4235622279256647
0.05º,SWA,PDQ,0.5852885716431584,-0.47367339175292716
0.05º,SWA,PDQ,0.21372624938393237,-0.6325241761662072
0.05º,SWA,PDQ,0.3075739748683972,-0.5924022802808413
0.05º,SWA,PDQ,0.2507344637069859,-0.616702378522122
0.05º,SWA,PDQ,0.9604639028325485,-0.3132779692849622
0.05º,SWA,PDQ,1.2090384840448172,-0.2070070563175724
0.05º,SWA,PDQ,0.8029899768205655,-0.38060141725875946
0.05º,SWA,PDQ,0.4701883271808877,-0.5228811908855745
0.05º,SWA,PDQ,0.34026672369168254,-0.5784254357944888
0.05º,SWA,PDQ,0.3800776081559339,-0.5614054371388641
0.05º,SWA,PDQ,0.8933150414669571,-0.34198553369979817
0.05º,SWA,PDQ,0.8413487304676982,-0.36420223536939744
0.05º,SWA,PDQ,0.4769047336416084,-0.5200097844732215
0.05º,SWA,PDQ,0.8408691378923732,-0.3644072713814612
0.05º,SWA,PDQ,0.6602016400805613,-0.44164646391016016
0.05º,SWA,PDQ,0.25655643399810896,-0.6142133625692867
0.05º,SWA,PDQ,0.7428745458155501,-0.4063020408107536
0.05º,SWA,PDQ,0.9420037909989192,-0.32117005916990765
0.05º,SWA,PDQ,0.6311356813302251,-0.45407277861058803
0.05º,SWA,PDQ,0.9113274397832546,-0.334284850852542
0.05º,SWA,PDQ,0.3903618183062794,-0.5570087188722751
0.05º,SWA,PDQ,0.559699674705922,-0.48461318867860875
0.05º,SWA,PDQ,0.44378398255900936,-0.5341696090158113
0.05º,SWA,PDQ,0.3810130568158472,-0.5610055129686683
0.05º,SWA,PDQ,0.3007161331089253,-0.5953341532873683
0.05º,SWA,PDQ,0.8809690744351018,-0.347263696823083
0.05º,SWA,PDQ,0.5506332770442428,-0.4884892662410578
0.05º,SWA,PDQ,0.6229997152959194,-0.4575510768908092
0.05º,SWA,PDQ,1.1102676833117455,-0.24923367143338052
0.05º,SWA,PDQ,0.5618451980896929,-0.48369593186307164
0.05º,SWA,PDQ,0.6110459779515686,-0.4626615534920823
0.05º,SWA,PDQ,0.7877702968773705,-0.3871081536867035
0.05º,SWA,PDQ,0.8801400472133751,-0.347618123568159
0.05º,SWA,PDQ,0.455038494335081,-0.529358066195896
0.05º,SWA,PDQ,0.49744307712431557,-0.511229206418536
0.05º,SWA,PDQ,1.4654675194689684,-0.09737819735310367
0.05º,SWA,PDQ,0.4080402873180502,-0.5494507978950602
0.05º,SWA,PDQ,0.5931979822324946,-0.47029195073726304
0.05º,SWA,PDQ,0.575699071825286,-0.4777731065973653
0.05º,SWA,PDQ,0.3191602034770848,-0.5874489214696172
0.05º,SWA,PDQ,0.5555887225869903,-0.48637070802235455
0.05º,SWA,PDQ,0.48900587028927434,-0.5148362915391536
0.05º,SWA,PDQ,0.6507715266030113,-0.44567803770888886
0.05º,SWA,PDQ,0.5292549492082136,-0.49762895544729613
0.05º,SWA,PDQ,0.34581747761479104,-0.57605237059937
0.05º,SWA,PDQ,0.8416095737779293,-0.3640907193141978
0.05º,SWA,PDQ,0.7172886279172653,-0.4172405641340113
0.05º,SWA,PDQ,0.44506975030914553,-0.5336199159940848
0.05º,SWA,PDQ,0.3001676366851839,-0.5955686471580852
0.05º,SWA,PDQ,0.3357724748057136,-0.5803468226470195
0.05º,SWA,PDQ,0.3090850923074895,-0.5917562454808626
0.05º,SWA,PDQ,0.5428441840288932,-0.49181926893840633
0.05º,SWA,PDQ,0.7763858761117572,-0.39197523535879736
0.05º,SWA,PDQ,0.2913555142320219,-0.599336016668318
0.05º,SWA,PDQ,0.40650784682941166,-0.5501059487516023
0.05º,SWA,PDQ,0.5491615769303861,-0.4891184492973101
0.05º,SWA,PDQ,0.6722583661466826,-0.436491957442943
0.05º,SWA,PDQ,1.0451226988990656,-0.2770845358903139
0.05º,SWA,PDQ,0.29809405973126957,-0.5964551453467816
0.05º,SWA,PDQ,1.5107338568310698,-0.07802587671476578
0.05º,SWA,PDQ,0.24595617989439866,-0.618745196338427
0.05º,SWA,PDQ,0.9482681478983095,-0.318491913546147
0.05º,SWA,PDQ,0.3229104651186042,-0.5858456049657044
0.05º,SWA,PDQ,1.2233666516082218,-0.20088146036690488
0.05º,SWA,PDQ,0.956997404127945,-0.31475997110647547
0.05º,SWA,PDQ,0.6272278820668854,-0.4557434457937856
0.05º,SWA,PDQ,0.3871822954616364,-0.5583680324185477
0.05º,SWA,PDQ,0.5076608619651763,-0.506860886382565
0.05º,SWA,PDQ,0.8624656188476065,-0.35517431708338826
0.05º,SWA,PDQ,1.5795000946506446,-0.04862684951423973
0.05º,SWA,PDQ,0.8048321104344028,-0.3798138660135932
0.05º,SWA,PDQ,0.5326540305847564,-0.49617577596541185
0.05º,SWA,PDQ,1.0874165394801816,-0.2590030207589888
0.05º,SWA,PDQ,0.5199902363924499,-0.5015898169501507
0.05º,SWA,PDQ,2.09973242766546,0.17378352211353673
0.05º,SWA,PDQ,0.8253095135276697,-0.37105934126971196
0.05º,SWA,PDQ,0.3799605915304518,-0.561455464231585
0.05º,SWA,PDQ,0.6501765118704925,-0.445932419144615
0.05º,SWA,PDQ,2.4217684167124327,0.31146074718408234
0.05º,SWA,PDQ,0.5157675603090787,-0.5033951006616105
0.05º,SWA,PDQ,0.4267155697316301,-0.5414667180171575
0.05º,SWA,PDQ,0.613218859191098,-0.4617326006121524
0.05º,SWA,PDQ,0.26976006879065295,-0.6085685282622205
0.05º,SWA,PDQ,0.594756315102129,-0.46962573033791444
0.05º,SWA,PDQ,0.7464863492681215,-0.4047579181233427
0.05º,SWA,PDQ,0.6035669983169171,-0.4658589761326548
0.05º,SWA,PDQ,0.404535004008322,-0.5509493809590144
0.05º,SWA,PDQ,0.3639260459272396,-0.5683105730361956
0.05º,SWA,PDQ,0.8700986997580821,-0.35191101287442933
0.05º,SWA,PDQ,0.3365959142660131,-0.5799947847886326
0.05º,SWA,PDQ,1.0637301136582633,-0.2691294708761071
0.05º,SWA,PDQ,0.8037586589634379,-0.3802727893165685
0.05º,SWA,PDQ,0.5580737523965745,-0.4853083049989731
0.05º,SWA,PDQ,0.632021071734252,-0.45369425540797564
0.05º,SWA,PDQ,0.3064836410430808,-0.5928684211488677
0.05º,SWA,PDQ,0.33583649715503505,-0.5803194517329079
0.05º,SWA,PDQ,0.43972903583540635,-0.5359031848635503
0.05º,SWA,PDQ,0.40990252958403506,-0.5486546497740113
0.05º,SWA,PDQ,0.2537993510882386,-0.6153920740712022
0.05º,SWA,PDQ,0.8180954395471742,-0.37414351111677635
0.05º,SWA,PDQ,0.616233074728711,-0.46044395945061267
0.05º,SWA,PDQ,0.15256014549389363,-0.65867398469189
0.05º,SWA,PDQ,1.0484313745676859,-0.27567000676870185
0.05º,SWA,PDQ,0.3998569257465421,-0.5529493587740738
0.05º,SWA,PDQ,1.7674737335206032,0.03173587349264103
0.05º,SWA,PDQ,0.5426044348163693,-0.4919217668188165
0.05º,SWA,PDQ,0.40801131005361513,-0.5494631862910572
0.05º,SWA,PDQ,1.1939754549725916,-0.21344682117105426
0.05º,SWA,PDQ,0.6474903808023527,-0.44708079722723776
0.05º,SWA,PDQ,0.4618056572832027,-0.5264649603071572
0.05º,SWA,PDQ,0.5742083611709501,-0.47841041706343906
0.05º,SWA,PDQ,0.7276437788913326,-0.41281351715856224
0.05º,SWA,PDQ,0.345673222362022,-0.5761140427837798
0.05º,SWA,PDQ,0.2698551702388012,-0.6085278703732684
0.05º,SWA,PDQ,0.6856992980978036,-0.43074567356060817
0.05º,SWA,PDQ,0.6805328110833947,-0.4329544564907766
0.05º,SWA,PDQ,1.6556249959173688,-0.01608183739870526
0.05º,SWA,PDQ,0.5614637932381226,-0.4838589905378119
0.05º,SWA,PDQ,0.3627145341884936,-0.5688285200359223
0.05º,SWA,PDQ,0.43918549646565846,-0.5361355594884019
0.05º,SWA,PDQ,3.6276716909927273,0.8270100092331114
0.05º,SWA,PDQ,0.669519427739902,-0.43766291178441474
0.05º,SWA,PDQ,0.3879056948202625,-0.5580587638283874
0.05º,SWA,PDQ,0.4111557431645857,-0.5481188743512037
0.05º,SWA,PDQ,0.6124804842897681,-0.46204827156488565
0.05º,SWA,PDQ,0.3214012534569848,-0.5864908250053367
0.05º,SWA,PDQ,0.5002389111676361,-0.5100339279840316
0.05º,SWA,PDQ,0.8136455093099966,-0.3760459508056609
0.05º,SWA,PDQ,1.9846774457811227,0.12459507369429214
0.05º,SWA,PDQ,0.636928926359068,-0.45159604331747627
0.05º,SWA,PDQ,0.645434584385322,-0.44795969385877377
0.05º,SWA,PDQ,0.5504406442195133,-0.4885716208649765
0.05º,SWA,PDQ,1.4313724793550928,-0.11195455114958146
0.05º,SWA,PDQ,0.7239504662362006,-0.4143924867612495
0.05º,SWA,PDQ,0.5166293878653979,-0.5030266510768466
0.05º,SWA,PDQ,0.45964746710694926,-0.5273876324455117
0.05º,SWA,PDQ,0.3266450608218171,-0.5842489859831481
0.05º,SWA,PDQ,0.5556459665885165,-0.4863462349958914
0.05º,SWA,PDQ,1.3209619381684707,-0.15915740252683566
0.05º,SWA,PDQ,0.19263092104021398,-0.6415428770788295
0.05º,SWA,PDQ,0.7192224668271116,-0.4164138069270637
0.05º,SWA,PDQ,0.3972202464266922,-0.5540765951839922
0.05º,SWA,PDQ,0.4408274705027348,-0.5354335807135091
0.05º,SWA,PDQ,0.3296007704683339,-0.5829853573326641
0.05º,SWA,PDQ,0.4298858782391485,-0.5401113437957098
0.05º,SWA,PDQ,0.6309175855683047,-0.45416601918096566
0.05º,SWA,PDQ,0.29798669873932343,-0.5965010444510889
0.05º,SWA,PDQ,0.4723463488452471,-0.5219585907896338
0.05º,SWA,PDQ,0.46550569410597753,-0.5248831159799874
0.05º,SWA,PDQ,1.3111931176276324,-0.16333378078895155
0.05º,SWA,PDQ,0.5821907489268767,-0.47499777675908855
0.05º,SWA,PDQ,0.24481872814991115,-0.6192314811176409
0.05º,SWA,PDQ,0.47786603508530195,-0.5195988076888699
0.05º,SWA,PDQ,0.5075012445449821,-0.5069291262198276
0.05º,SWA,PDQ,0.36668576605923736,-0.5671307340658085
0.05º,SWA,PDQ,0.7437728995436778,-0.4059179755117589
0.05º,SWA,PDQ,0.9651522195295443,-0.3112736143213927
0.05º,SWA,PDQ,1.2878933099431316,-0.17329494344090454
0.05º,SWA,PDQ,1.929716348290084,0.10109803719290222
0.05º,SWA,PDQ,0.5668379846794949,-0.48156140955366267
0.05º,SWA,PDQ,1.0008365228090998,-0.2960178167670754
0.05º,SWA,PDQ,0.15991545312198557,-0.6555294344608033
0.05º,SWA,PDQ,0.7740512436773541,-0.39297334030998476
0.05º,SWA,PDQ,0.542979168860085,-0.4917615600561162
0.05º,SWA,PDQ,0.6430491905909292,-0.4489795003694821
0.05º,SWA,PDQ,0.490282033696587,-0.5142907045779715
0.05º,SWA,PDQ,0.5533859286887223,-0.487312449199213
0.05º,SWA,PDQ,2.8616796504826727,0.4995321429373455
0.05º,SWA,PDQ,0.7497164256818559,-0.4033769918525714
0.05º,SWA,PDQ,0.33077949359093295,-0.5824814281627406
0.05º,SWA,PDQ,1.265340420139366,-0.18293678283498335
0.05º,SWA,PDQ,0.4234848544324742,-0.5428479174250158
0.05º,SWA,PDQ,0.6210421044099776,-0.45838799712243294
0.05º,SWA,PDQ,0.8175440599888917,-0.374379237588745
0.05º,SWA,PDQ,0.5501596327419875,-0.4886917592400483
0.05º,SWA,PDQ,0.5832654186237005,-0.4745383326386846
0.05º,SWA,PDQ,0.7465889799742054,-0.4047140413167085
0.05º,SWA,PDQ,1.8951753433998917,0.08633102398266071
0.05º,SWA,PDQ,0.38375783837712796,-0.5598320605545445
0.05º,SWA,PDQ,0.36348130426925507,-0.5685007095408943
0.05º,SWA,PDQ,2.109592384821898,0.17799886321448077
0.05º,SWA,PDQ,0.48395765989193584,-0.5169945087034359
0.05º,SWA,PDQ,0.6581801750041818,-0.4425106831644012
0.05º,SWA,PDQ,0.4139220660871222,-0.546936212547624
0.05º,SWA,PDQ,0.7015384906603978,-0.4239740823299836
0.05º,SWA,PDQ,1.5502712678861568,-0.06112279374988664
0.05º,SWA,PDQ,0.7971701665365339,-0.38308950976268646
0.05º,SWA,PDQ,0.3100067538979603,-0.5913622155756783
0.05º,SWA,PDQ,0.3039309423607024,-0.5939597540525944
0.05º,SWA,PDQ,0.5046447322573084,-0.5081503458925439
0.05º,SWA,PDQ,0.593799042113036,-0.4700349848723637
0.05º,SWA,PDQ,0.7666648942548322,-0.39613116156748995
0.05º,SWA,PDQ,0.7268758071515017,-0.4131418413883647
0.05º,SWA,PDQ,0.46562279843870474,-0.5248330513905565
0.05º,SWA,PDQ,0.7663241798256395,-0.396276824222436
0.05º,SWA,PDQ,0.3947397396888282,-0.5551370644981474
0.05º,SWA,PDQ,0.4546425094555183,-0.5295273581422695
0.05º,SWA,PDQ,0.1868504104830634,-0.6440141681148243
0.05º,SWA,PDQ,1.3459980208196791,-0.14845394544970622
0.05º,SWA,PDQ,0.32189003161123886,-0.5862818619631874
0.05º,SWA,PDQ,0.27934417901215625,-0.6044711175847004
0.05º,SWA,PDQ,1.4587977468311142,-0.10022966681572101
0.05º,SWA,PDQ,0.257615708612704,-0.6137605001735132
0.05º,SWA,PDQ,0.7919887282826892,-0.3853046846652644
0.05º,SWA,PDQ,0.9263201147705694,-0.3278751638646165
0.05º,SWA,PDQ,0.6305743948912905,-0.4543127404844486
0.05º,SWA,PDQ,0.8541398438406583,-0.35873376273078494
0.05º,SWA,PDQ,0.2844082709746161,-0.6023061107140185
0.05º,SWA,PDQ,0.16583703548302886,-0.6529978322324069
0.05º,SWA,PDQ,0.4434117829358127,-0.5343287322599112
0.05º,SWA,PDQ,1.5494951696685437,-0.06145459222153999
0.05º,SWA,PDQ,1.9378209123223245,0.10456291045029038
0.05º,SWA,PDQ,0.7528035536502892,-0.40205717907826205
0.05º,SWA,PDQ,1.2129559492245496,-0.20533225674982167
0.05º,SWA,PDQ,0.6475078202423595,-0.4470733414962369
0.05º,SWA,PDQ,0.5092840327156914,-0.506166946412042
0.05º,SWA,PDQ,0.6596119197798368,-0.44189858186384545
0.05º,SWA,PDQ,0.7862232761618534,-0.38776953789990704
0.05º,SWA,PDQ,2.2762786877485435,0.24926079798184475
0.05º,SWA,PDQ,1.3642709648605171,-0.14064187377145354
0.05º,SWA,PDQ,0.2355887806729792,-0.6231774796997606
0.05º,SWA,PDQ,0.9055231226894662,-0.3367663196885787
0.05º,SWA,PDQ,0.7984878847031828,-0.3825261572593028
0.05º,SWA,PDQ,0.48787182054401945,-0.5153211218914402
0.05º,SWA,PDQ,0.42649112145105916,-0.5415626744241799
0.05º,SWA,PDQ,1.0252312051482226,-0.2855885719461247
0.05º,SWA,PDQ,0.7055646944610837,-0.42225279469226534
0.05º,SWA,PDQ,0.5344830241090336,-0.4953938423876161
0.05º,SWA,PDQ,0.7550722625520498,-0.40108725783743543
0.05º,SWA,PDQ,1.5783173358953482,-0.049132504002854495
0.05º,SWA,PDQ,0.40183748652388196,-0.5521026269764425
0.05º,SWA,PDQ,0.8217812441649907,-0.37256775135950543
0.05º,SWA,PDQ,0.25616933955802307,-0.6143788536639591
0.05º,SWA,PDQ,0.3388835193069131,-0.5790167850469871
0.05º,SWA,PDQ,1.491450765668294,-0.08626980774225751
0.05º,SWA,PDQ,0.5237246722350888,-0.499993266311385
0.05º,SWA,PDQ,0.9462269712059287,-0.31936455993488544
0.05º,SWA,PDQ,0.448909587688274,-0.5319783039598365
0.05º,SWA,PDQ,0.34849420459341235,-0.5749080129647508
0.05º,SWA,PDQ,0.7684079009292538,-0.39538598919429035
0.05º,SWA,PDQ,0.4175425895580176,-0.5453883618671742
0.05º,SWA,PDQ,0.4084396767624191,-0.5492800504249222
0.05º,SWA,PDQ,2.246275087615271,0.23643362167555712
0.05º,SWA,PDQ,1.1700802970258717,-0.22366250870480672
0.05º,SWA,PDQ,0.860273277948773,-0.3561115893809762
0.05º,SWA,PDQ,0.6417414082421189,-0.44953860509971205
0.05º,SWA,PDQ,0.31374679524221627,-0.5897632684659154
0.05º,SWA,PDQ,0.8840691787543433,-0.3459383363831971
0.05º,SWA,PDQ,0.5981653178975227,-0.4681683092387494
0.05º,SWA,PDQ,0.7042929249522598,-0.422796503168521
0.05º,SWA,PDQ,0.7302070119041196,-0.4117176806048463
0.05º,SWA,PDQ,0.45580317650312296,-0.5290311483279008
0.05º,SWA,PDQ,0.8112284556841673,-0.37707929256673445
0.05º,SWA,PDQ,0.7436690389771914,-0.40596237810983626
0.05º,SWA,PDQ,0.3408431614244789,-0.5781789964207026
0.05º,SWA,PDQ,0.5281425766997414,-0.49810451832045344
0.05º,SWA,PDQ,0.7565829083248887,-0.40044142468479776
0.05º,SWA,PDQ,0.6363897662103908,-0.4518265457323093
0.05º,SWA,PDQ,2.071972783780472,0.16191568476299067
0.05º,SWA,PDQ,0.756879073761286,-0.400314807670452
0.05º,SWA,PDQ,0.6658977840119399,-0.43921124139855366
0.05º,SWA,PDQ,0.1564553958159662,-0.6570086824476123
0.05º,SWA,PDQ,0.363731096814703,-0.5683939179223477
0.05º,SWA,PDQ,1.6376235790558173,-0.023777825440821354
0.05º,SWA,PDQ,0.31809216075473323,-0.5879055324176835
0.05º,SWA,PDQ,0.5170021272715941,-0.5028672970640501
0.05º,SWA,PDQ,0.3187664548556018,-0.5876172573681657
0.05º,SWA,PDQ,1.0777411660950773,-0.26313944837729536
0.05º,SWA,PDQ,1.0601885819538523,-0.2706435508986711
0.05º,SWA,PDQ,0.5067146464630407,-0.507265413606489
0.05º,SWA,PDQ,0.5583017306563305,-0.48521083945087556
0.05º,SWA,PDQ,0.8700645520442881,-0.3519256117473428
0.05º,SWA,PDQ,0.4893404179149204,-0.5146932653237011
0.05º,SWA,PDQ,0.6028725008468131,-0.46615588855162204
0.05º,SWA,PDQ,0.471906656100425,-0.5221465687767212
0.05º,SWA,PDQ,0.6611397126375714,-0.44124541796822614
0.05º,SWA,PDQ,0.4115287982745283,-0.5479593853683502
0.05º,SWA,PDQ,0.6655714374643398,-0.43935076147895813
0.05º,SWA,PDQ,0.5110178243966743,-0.5054257136442556
0.05º,SWA,PDQ,0.5946753159100745,-0.46966035921286725
0.05º,SWA,PDQ,1.142149794248886,-0.23560339186056994
0.05º,SWA,PDQ,1.2660336965396124,-0.1826403924493147
0.05º,SWA,PDQ,0.4432302257161077,-0.534406351827446
0.05º,SWA,PDQ,0.8410717205560572,-0.3643206629900638
0.05º,SWA,PDQ,0.3893460780382165,-0.557442969410276
0.05º,SWA,PDQ,0.4969376627309809,-0.5114452818062307
0.05º,SWA,PDQ,1.16424594587352,-0.22615681773877547
0.05º,SWA,PDQ,1.3989112053786197,-0.12583243522260554
0.05º,SWA,PDQ,1.203289371432564,-0.20946492406525952
0.05º,SWA,PDQ,0.5240587165326258,-0.49985045527938937
0.05º,SWA,PDQ,0.424482729699875,-0.5424213045542344
0.05º,SWA,PDQ,0.6292380658952558,-0.4548840495126719
0.05º,SWA,PDQ,0.26391896679077576,-0.6110657234268883
0.05º,SWA,PDQ,0.1885701307543973,-0.6432789511735268
0.05º,SWA,PDQ,0.9227701444474471,-0.32939285157590825
0.05º,SWA,PDQ,0.44384209756498116,-0.5341447636164484
0.05º,SWA,PDQ,1.0116622296619073,-0.2913895971592839
0.05º,SWA,PDQ,0.645163822675255,-0.4480754502405611
0.05º,SWA,PDQ,0.330308193240835,-0.5826829190724004
0.05º,SWA,PDQ,0.7508077224095668,-0.40291043932332016
0.05º,SWA,PDQ,0.8019106180460258,-0.38106286605947876
0.05º,SWA,PDQ,0.5866102907790451,-0.4731083287502173
0.05º,SWA,PDQ,0.41368471880057694,-0.5470376835536636
0.05º,SWA,PDQ,0.305547742931931,-0.5932685374690133
0.05º,SWA,PDQ,1.629911231405939,-0.02707501786442877
0.05º,SWA,PDQ,1.3440980738626165,-0.14926621312700442
0.05º,SWA,PDQ,0.1864634649253184,-0.6441795955591336
0.05º,SWA,PDQ,0.4217365104475132,-0.5435953716118307
0.05º,SWA,PDQ,0.4944291458473542,-0.5125177260526096
0.05º,SWA,PDQ,2.3567668074244117,0.28367117863809854
0.05º,SWA,PDQ,0.4142741250880435,-0.5467856998473155
0.05º,SWA,PDQ,0.354342261950175,-0.572407844237289
0.05º,SWA,PDQ,0.31405854235102737,-0.5896299899556722
0.05º,SWA,PDQ,1.007630694059681,-0.2931131642554033
0.05º,SWA,PDQ,0.7974864538804974,-0.38295429020548516
0.05º,SWA,PDQ,0.7675510596385746,-0.3957523070445893
0.05º,SWA,PDQ,0.28533800797021613,-0.6019086284016271
0.05º,SWA,PDQ,0.43039512266347457,-0.5398936309884198
0.05º,SWA,PDQ,0.5807110912448975,-0.4756303618447248
0.05º,SWA,PDQ,0.8521649646170348,-0.3595780655435314
0.05º,SWA,PDQ,0.5980821489532018,-0.4682038657288798
0.05º,SWA,PDQ,0.9418715902038284,-0.3212265778176342
0.05º,SWA,PDQ,0.567956341995491,-0.48108328804817696
0.05º,SWA,PDQ,0.5165438172337515,-0.5030632343393182
0.05º,SWA,PDQ,0.29820822718782125,-0.5964063363342923
0.05º,SWA,PDQ,0.7112207335951647,-0.41983471783329324
0.05º,SWA,PDQ,0.6988258179641357,-0.42513380752234875
0.05º,SWA,PDQ,0.44611726882738384,-0.5331720795791925
0.05º,SWA,PDQ,0.6716008537564212,-0.4367730579547478
0.05º,SWA,PDQ,1.2097764423301645,-0.2066915634770203
0.05º,SWA,PDQ,0.37343193608540215,-0.564246603097077
0.05º,SWA,PDQ,3.963648957970701,0.9706474267192863
0.05º,SWA,PDQ,0.6573622145770509,-0.4428603786197389
0.05º,SWA,PDQ,0.4459502438246747,-0.5332434863153106
0.05º,SWA,PDQ,0.7675933381657545,-0.39573423207626224
0.05º,SWA,PDQ,0.2880229420132083,-0.6007607620726787
0.05º,SWA,PDQ,0.4398039003630861,-0.5358711786879125
0.05º,SWA,PDQ,0.6336912770330166,-0.4529802071691047
0.05º,SWA,PDQ,1.417375896428082,-0.11793838762563304
0.05º,SWA,PDQ,1.3161552850111002,-0.1612123488405746
0.05º,SWA,PDQ,0.424063915286735,-0.5426003566110909
0.05º,SWA,PDQ,0.49133669343597575,-0.5138398151393644
0.05º,SWA,PDQ,0.44811398723660845,-0.532318440050757
0.05º,SWA,PDQ,0.5458306193669943,-0.4905425044021843
0.05º,SWA,PDQ,0.43031941505921545,-0.5399259975972016
0.05º,SWA,PDQ,0.43307618962393946,-0.5387474179193852
0.05º,SWA,PDQ,0.5581154011073082,-0.4852904992905536
0.05º,SWA,PDQ,0.944180303627069,-0.32023955379421515
0.05º,SWA,PDQ,0.7709619572530941,-0.39429407587000376
0.05º,SWA,PDQ,0.7360915869603686,-0.40920189978525123
0.05º,SWA,PDQ,0.4409807535024497,-0.5353680489755389
0.05º,SWA,PDQ,0.742792078563282,-0.4063372973126281
0.05º,SWA,PDQ,0.3722856153507461,-0.5647366795579574
0.05º,SWA,PDQ,0.6383195347216363,-0.4510015287072151
0.05º,SWA,PDQ,0.5610988529515271,-0.48401501026133287
0.05º,SWA,PDQ,0.3492549211532613,-0.574582790478484
0.05º,SWA,PDQ,0.47418905867709465,-0.5211707931990297
0.05º,SWA,PDQ,0.22539697348335647,-0.6275346937380855
0.05º,SWA,PDQ,0.652382702739151,-0.444989225690766
0.05º,SWA,PDQ,0.27071521458802295,-0.6081601831474125
0.05º,SWA,PDQ,0.9384586489673915,-0.3226856826839941
0.05º,SWA,PDQ,0.45572624868419037,-0.5290640366043717
0.05º,SWA,PDQ,0.509499075932225,-0.5060750108696507
0.05º,SWA,PDQ,0.7928004779933412,-0.38495764442313146
0.05º,SWA,PDQ,0.7854189364799551,-0.38811341019736545
0.05º,SWA,PDQ,0.33310570452743743,-0.5814869235807699
0.05º,SWA,PDQ,1.3585945461684972,-0.14306866332428794
0.05º,SWA,PDQ,0.5409104205943913,-0.49264599387804114
0.05º,SWA,PDQ,0.7198436584001703,-0.41614823433603426
0.05º,SWA,PDQ,0.1765528297201584,-0.6484166026022622
0.05º,SWA,PDQ,0.8702251543233407,-0.35185695086200075
0.05º,SWA,PDQ,0.8541579717471319,-0.3587260126657471
0.05º,SWA,PDQ,0.6766580159281522,-0.434611013716785
0.05º,SWA,PDQ,0.7301128307978304,-0.4117579450281064
0.05º,SWA,PDQ,0.39132886172374826,-0.5565952872721801
0.05º,SWA,PDQ,0.3488745269007306,-0.5747454171006707
0.05º,SWA,PDQ,0.42721058640593096,-0.5412550878751877
0.05º,SWA,PDQ,2.3932706853887575,0.29927736177718833
0.05º,SWA,PDQ,0.8193941761900826,-0.3735882736179421
0.05º,SWA,PDQ,0.20947776689583483,-0.634340492663792
0.05º,SWA,PDQ,0.4070797891349527,-0.5498614312684467
0.05º,SWA,PDQ,0.7952230353732482,-0.38392194969029486
0.05º,SWA,PDQ,0.4054463561630478,-0.550559758556574
0.05º,SWA,PDQ,0.24775731905643442,-0.6179751710920908
0.05º,SWA,PDQ,0.9490257236692621,-0.318168033813841
0.05º,SWA,PDQ,1.0442329630439657,-0.2774649168655534
0.05º,SWA,PDQ,0.5740999229200104,-0.478456776718846
0.05º,SWA,PDQ,0.5303817034801881,-0.49714724406478605
0.05º,SWA,PDQ,1.250643483869307,-0.18922003524005926
0.05º,SWA,PDQ,0.9016130838865111,-0.3384379443225276
0.05º,SWA,PDQ,0.38642151304233213,-0.5586932830611304
0.05º,SWA,PDQ,1.0624333693657395,-0.2696838566028362
0.05º,SWA,PDQ,0.8352790246775138,-0.36679716350975916
0.05º,SWA,PDQ,0.525849656260008,-0.4990847905079944
0.05º,SWA,PDQ,0.45245756411258026,-0.5304614686826372
0.05º,SWA,PDQ,0.8429986516913041,-0.36349685900347234
0.05º,SWA,PDQ,0.7425918612513587,-0.4064228944659098
0.05º,SWA,PDQ,0.46704875858059897,-0.5242234231437938
0.05º,SWA,PDQ,1.4666502920436513,-0.09687253695640764
0.05º,SWA,PDQ,0.5452330371400388,-0.49079798349631343
0.05º,SWA,PDQ,2.212154004905555,0.22184613411623644
0.05º,SWA,PDQ,0.2917905075772072,-0.5991500477743863
0.05º,SWA,PDQ,1.655916121091927,-0.015957375203346343
0.05º,SWA,PDQ,0.7341079562554403,-0.410049944042129
0.05º,SWA,PDQ,0.21083712331207494,-0.6337593389243493
0.05º,SWA,PDQ,1.2274144761833616,-0.1991509293889019
0.05º,SWA,PDQ,0.6590249560497435,-0.4421495213250387
0.05º,SWA,PDQ,0.4202922953340591,-0.5442128042466543
0.05º,SWA,PDQ,1.028121237600489,-0.2843530216911071
0.05º,SWA,PDQ,0.8050448918366465,-0.3797228974448496
0.05º,SWA,PDQ,0.2812789428381264,-0.6036439649564654
0.05º,SWA,PDQ,0.19497685878723164,-0.6405399388663848
0.05º,SWA,PDQ,0.772483667473733,-0.3936435124309327
0.05º,SWA,PDQ,0.7802026805218998,-0.39034347040798995
0.05º,SWA,PDQ,0.6686967054843735,-0.4380146430225293
0.05º,SWA,PDQ,0.3355858514156519,-0.5804266081099829
0.05º,SWA,PDQ,0.7296515147129886,-0.4119551674523124
0.05º,SWA,PDQ,0.4379127983415295,-0.5366796649674234
0.05º,SWA,PDQ,0.5802630042488843,-0.4758219285524827
0.05º,SWA,PDQ,0.3600304604451736,-0.5699760185684889
0.05º,SWA,PDQ,0.3042413955694201,-0.5938270287121223
0.05º,SWA,PDQ,0.39946226636926546,-0.5531180840400676
0.05º,SWA,PDQ,0.35169291275519043,-0.5735404972879241
0.05º,SWA,PDQ,0.6211851568352513,-0.45832683917232436
0.05º,SWA,PDQ,0.28651621165098995,-0.6014049213041165
0.05º,SWA,PDQ,0.3447468221923447,-0.5765100985322181
0.05º,SWA,PDQ,0.5809326079310091,-0.4755356587565981
0.05º,SWA,PDQ,0.2248173142259099,-0.6277825103820819
0.05º,SWA,PDQ,0.4452676589106339,-0.5335353058635489
0.05º,SWA,PDQ,0.23730232785613006,-0.6224449018847722
0.05º,SWA,PDQ,0.5031708682979561,-0.5087804540387036
0.05º,SWA,PDQ,1.798370594297364,0.044944937696067506
0.05º,SWA,PDQ,1.5881353384023684,-0.04493509940561538
0.05º,SWA,PDQ,0.8337448029507013,-0.36745307588345255
0.05º,SWA,PDQ,0.24722713409914654,-0.61820183642198
0.05º,SWA,PDQ,0.21595789919227334,-0.6315700984749191
0.05º,SWA,PDQ,0.38897175764217845,-0.5576029993298087
0.05º,SWA,PDQ,0.851952087732009,-0.35966907493319233
0.05º,SWA,PDQ,0.4984025476891326,-0.5108190123737901
0.05º,SWA,PDQ,1.0141352346868646,-0.290332334986726
0.05º,SWA,PDQ,0.43722158938914724,-0.5369751714752193
0.05º,SWA,PDQ,0.35460971926783696,-0.5722935005534371
0.05º,SWA,PDQ,0.5165568801375832,-0.5030576496704859
0.05º,SWA,PDQ,0.1992765073184428,-0.6387017477986484
0.05º,SWA,PDQ,0.8916516291287743,-0.342696677803744
0.05º,SWA,PDQ,0.6785676567642764,-0.4337946017002988
0.05º,SWA,PDQ,0.579169042913127,-0.4762896202582676
0.05º,SWA,PDQ,0.3088605182346708,-0.5918522556667426
0.05º,SWA,PDQ,0.2894318695660232,-0.6001584156195042
0.05º,SWA,PDQ,0.36493727951635435,-0.5678782491991627
0.05º,SWA,PDQ,0.2793847475204632,-0.6044537736857608
0.05º,SWA,PDQ,0.6226687250353725,-0.4576925822571266
0.05º,SWA,PDQ,0.9918176033196973,-0.29987359640248284
0.05º,SWA,PDQ,0.49924215007154277,-0.510460064522915
0.05º,SWA,PDQ,0.6388370573500777,-0.4507802767918442
0.05º,SWA,PDQ,1.540989454603211,-0.06509096606566003
0.05º,SWA,PDQ,0.6033481521370976,-0.4659525375226224
0.05º,SWA,PDQ,0.3284023186744476,-0.583497720928582
0.05º,SWA,PDQ,0.3194095790485668,-0.5873423081162973
0.05º,SWA,PDQ,0.7125533118739611,-0.41926501231635116
0.05º,SWA,PDQ,0.8238564572972291,-0.3716805536698246
0.05º,SWA,PDQ,1.4455614987714784,-0.10588844398714527
0.05º,SWA,PDQ,0.5042600624355269,-0.5083148004113944
0.05º,SWA,PDQ,0.7017923645627933,-0.42386554584465763
0.05º,SWA,PDQ,0.2625213611273117,-0.6116632295318987
0.05º,SWA,PDQ,0.7312950841964242,-0.41125250659021534
0.05º,SWA,PDQ,0.474483554984555,-0.5210448897727554
0.05º,SWA,PDQ,0.15152591297854834,-0.6591161410583628
0.05º,SWA,PDQ,0.740896314750484,-0.40714777660690693
0.05º,SWA,PDQ,4.694444012077085,1.283077833775345
0.05º,SWA,PDQ,1.1667449029636745,-0.22508846050714734
0.05º,SWA,PDQ,0.5951117829040251,-0.4694737603027895
0.05º,SWA,PDQ,0.46462848661719125,-0.5252581408125367
0.05º,SWA,PDQ,0.6341810112332436,-0.45277083539699653
0.05º,SWA,PDQ,1.5296200660613937,-0.06995162114281028
0.05º,SWA,PDQ,0.9624548095204177,-0.3124268143908418
0.05º,SWA,PDQ,0.8132095478517358,-0.37623233358849417
0.05º,SWA,PDQ,0.6129540734820872,-0.4618458021265633
0.05º,SWA,PDQ,1.7470360764034751,0.02299834099772769
0.05º,SWA,PDQ,0.5553100804786142,-0.48648983344179164
0.05º,SWA,PDQ,0.5850094742364446,-0.4737927118220736
0.05º,SWA,PDQ,0.4109547601805789,-0.5482047988455633
0.05º,SWA,PDQ,0.3497086736731892,-0.574388801638922
0.05º,SWA,PDQ,1.5535509760156263,-0.05972064886650588
0.05º,SWA,PDQ,0.32988566118437274,-0.5828635605007365
0.05º,SWA,PDQ,0.28466833230452376,-0.6021949289720157
0.05º,SWA,PDQ,0.8268740839708051,-0.3703904541752113
0.05º,SWA,PDQ,0.1710248528061429,-0.6507799301422307
0.05º,SWA,PDQ,0.6401123097629449,-0.4502350793001363
0.05º,SWA,PDQ,0.5852801575436372,-0.4736769889591803
0.05º,SWA,PDQ,1.430662262547126,-0.11225818391934957
0.05º,SWA,PDQ,0.43019539708489657,-0.5399790179152524
0.05º,SWA,PDQ,0.5990836738863936,-0.4677756925484571
0.05º,SWA,PDQ,0.4628540777865757,-0.5260167382744626
0.05º,SWA,PDQ,0.14891052540437735,-0.6602342747947859
0.05º,SWA,PDQ,0.873918005614277,-0.3502781785023061
0.05º,SWA,PDQ,1.2798388776955794,-0.17673838429558478
0.05º,SWA,PDQ,0.35858237663825476,-0.5705951051519362
0.05º,SWA,PDQ,0.6181287294552646,-0.45963352679302016
0.05º,SWA,PDQ,0.6191847374887105,-0.45918206093006714
0.05º,SWA,PDQ,0.809133161733179,-0.3779750752329293
0.05º,SWA,PDQ,0.30810622250910313,-0.5921747331099814
0.05º,SWA,PDQ,0.7096650370526858,-0.42049981114678964
0.05º,SWA,PDQ,0.41731522283754585,-0.54548556596923925
0.05º,SWA,PDQ,0.43850096070770267,-0.536428213063848
0.05º,SWA,PDQ,0.7851296302712996,-0.38823709474616774
0.05º,SWA,PDQ,1.6609578643355891,-0.013801922884617112
0.05º,SWA,PDQ,1.3198668227260966,-0.15962558763771154
0.05º,SWA,PDQ,0.3932618314837235,-0.5557689016452624
0.05º,SWA,PDQ,0.31217098904324164,-0.5904369590846746
0.05º,SWA,PDQ,0.9550835685030713,-0.31557817648424563
0.05º,SWA,PDQ,0.8319910622892045,-0.36820283726410696
0.05º,SWA,PDQ,0.6206706600424686,-0.4585467974786852
0.05º,SWA,PDQ,0.20821949214111277,-0.6348784318460527
0.05º,SWA,PDQ,0.6680077919884339,-0.4383091681739427
0.05º,SWA,PDQ,0.18194452817733692,-0.6461115369970227
0.05º,SWA,PDQ,1.0845466606371152,-0.260229954918029
0.05º,SWA,PDQ,0.49956470212818616,-0.5103221666679862
0.05º,SWA,PDQ,0.5262027855193081,-0.4989338202494978
0.05º,SWA,PDQ,0.5858489523579935,-0.4734338170953559
0.05º,SWA,PDQ,0.24497070259199916,-0.6191665088158487
0.05º,SWA,PDQ,0.967354959752664,-0.31033189609180023
0.05º,SWA,PDQ,0.19494450820220127,-0.6405537694285824
0.05º,SWA,PDQ,0.2855701561685346,-0.6018093801162283
0.05º,SWA,PDQ,1.0359680476012063,-0.28099834375665733
0.05º,SWA,PDQ,0.7893805592148387,-0.38641973233692106
0.05º,SWA,PDQ,0.18133223983578814,-0.646373303267485
0.05º,SWA,PDQ,0.6629287132947973,-0.4404805821905072
0.05º,SWA,PDQ,0.3352924357225867,-0.580552049550652
0.05º,SWA,PDQ,0.728517617469714,-0.4124399326067636
0.05º,SWA,PDQ,0.5867009376302185,-0.4730695752960837
0.05º,SWA,PDQ,0.7020939909938488,-0.4237365941391089
0.05º,SWA,PDQ,0.6012424256430017,-0.46685278032257344
0.05º,SWA,PDQ,0.28785325936329226,-0.6008333050094238
0.05º,SWA,PDQ,0.3809032300372183,-0.5610524662491535
0.05º,SWA,PDQ,0.3794550812956427,-0.5616715805935457
0.05º,SWA,PDQ,0.61375119314616855,-0.4615050165400683
0.05º,SWA,PDQ,0.6375193779652287,-0.45134361271518475
0.05º,SWA,PDQ,0.4447290319477913,-0.5337655803301133
0.05º,SWA,PDQ,0.1740818793574972,-0.6494729863630494
0.05º,SWA,PDQ,0.3605004784501623,-0.5697750758885992
0.05º,SWA,PDQ,0.3470869160987249,-0.5755096586857638
0.05º,SWA,PDQ,0.7471880533315753,-0.4044579247326569
0.05º,SWA,PDQ,0.24736250182728586,-0.6181439638431124
0.05º,SWA,PDQ,0.2185482044278844,-0.6304626879709564
0.05º,SWA,PDQ,0.5281078786025775,-0.4981193524939472
0.05º,SWA,PDQ,0.8472995110897775,-0.36165815026426357
0.05º,SWA,PDQ,1.2279374123335631,-0.19892736307800019
0.05º,SWA,PDQ,0.9164265482513991,-0.332104873681961
0.05º,SWA,PDQ,1.073129368417055,-0.2651110898350589
0.05º,SWA,PDQ,1.389545325879698,-0.129836547631199
0.05º,SWA,PDQ,1.0773302137672702,-0.2633151392256884
0.05º,SWA,PDQ,1.1152218116455417,-0.24711567634948034
0.05º,SWA,PDQ,0.6044508961983657,-0.4654810910151444
0.05º,SWA,PDQ,1.0942082823933785,-0.2560994064131241
0.05º,SWA,PDQ,0.49101387662890594,-0.5139778261807235
0.05º,SWA,PDQ,0.5809534254732801,-0.47552675881513146
0.05º,SWA,PDQ,0.5776993221428357,-0.47691795710310625
0.05º,SWA,PDQ,0.31350432760444846,-0.5898669285308543
0.05º,SWA,PDQ,0.5079167072956747,-0.5067515070698536
0.05º,SWA,PDQ,0.4447565769392346,-0.5337538042612406
0.05º,SWA,PDQ,0.2191381123330858,-0.6302104898123727
0.05º,SWA,PDQ,1.085578464431527,-0.25978883688133925
0.05º,SWA,PDQ,0.521801458464728,-0.5008154810455343
0.05º,SWA,PDQ,0.38578515622390813,-0.5589653391166496
0.05º,SWA,PDQ,0.43024350831538016,-0.5399584493423817
0.05º,SWA,PDQ,0.24243918242039264,-0.6202487874564079
0.05º,SWA,PDQ,0.1717610506363856,-0.6504651899336262
0.05º,SWA,PDQ,0.2507074527196309,-0.6167139262929051
0.05º,SWA,PDQ,0.48021661320407183,-0.5185938856189437
0.05º,SWA,PDQ,0.46635753793401513,-0.5245189346511093
0.05º,SWA,PDQ,0.799319017816474,-0.3821708302008556
0.05º,SWA,PDQ,3.994582605035774,0.9838722178422736
0.05º,SWA,PDQ,0.42514727218651494,-0.5421371985269148
0.05º,SWA,PDQ,0.8092447837114263,-0.37792735446647874
0.05º,SWA,PDQ,0.6483230788905812,-0.4467248011087663
0.05º,SWA,PDQ,1.0964095964008536,-0.25515829792101125
0.05º,SWA,PDQ,1.1800987948606034,-0.21937938809663163
0.05º,SWA,PDQ,0.8790932865114169,-0.34806563600049617
0.05º,SWA,PDQ,0.7899344659941482,-0.3861829254242876
0.05º,SWA,PDQ,0.8186621491734769,-0.37390123071513237
0.05º,SWA,PDQ,0.7180132115726521,-0.41693078923183235
0.05º,SWA,PDQ,0.3520184266873514,-0.573401333168304
0.05º,SWA,PDQ,0.3473591714610175,-0.5753932637359261
0.05º,SWA,PDQ,0.8070435088437359,-0.3788684462255024
0.05º,SWA,PDQ,0.5443374542025354,-0.4911808642234672
0.05º,SWA,PDQ,0.8034988921365619,-0.38038384515227025
0.05º,SWA,PDQ,3.1868707916917174,0.6385582625697533
0.05º,SWA,PDQ,0.21999911192778476,-0.6298423941987867
0.05º,SWA,PDQ,0.44998774800572583,-0.5315173675249764
0.05º,SWA,PDQ,0.6840447590356677,-0.43145302415058356
0.05º,SWA,PDQ,0.3170078080377464,-0.5883691162348657
0.05º,SWA,PDQ,0.381213063811078,-0.5609200057302396
0.05º,SWA,PDQ,0.8876023369060988,-0.34442783623224
0.05º,SWA,PDQ,0.6136722260011488,-0.46153877667175497
0.05º,SWA,PDQ,0.8253740000454317,-0.37103177191373343
0.05º,SWA,PDQ,0.7807945866075394,-0.3900904179848294
0.05º,SWA,PDQ,1.0040539032147242,-0.2946423183094229
0.05º,SWA,PDQ,1.3001455800868231,-0.16805683772734686
0.05º,SWA,PDQ,0.8074794736034198,-0.3786820620312406
0.05º,SWA,PDQ,0.7919575436178121,-0.3853180167718334
0.05º,SWA,PDQ,0.7149965630637283,-0.41822047054028155
0.05º,SWA,PDQ,0.3704341212073119,-0.5655282326283355
0.05º,SWA,PDQ,0.4801760307343241,-0.5186112354866959
0.05º,SWA,PDQ,0.3680883682804341,-0.5665310918262451
0.05º,SWA,PDQ,0.779588856178402,-0.3906058933519088
0.05º,SWA,PDQ,0.5741301689260917,-0.4784438459088486
0.05º,SWA,PDQ,1.0837057997355417,-0.2605894408125763
0.05º,SWA,PDQ,1.2300269980409932,-0.19803402080716445
0.05º,SWA,PDQ,0.5840051026991849,-0.47422210198619463
0.05º,SWA,PDQ,0.6536365248260386,-0.44445319011857515
0.05º,SWA,PDQ,0.7700823129794591,-0.394670142479831
0.05º,SWA,PDQ,0.3154181681928177,-0.5890487210310844
0.05º,SWA,PDQ,0.9061223003201602,-0.3365101585254664
0.05º,SWA,PDQ,0.16767252489929282,-0.65221312152282
0.05º,SWA,PDQ,0.911550310121841,-0.334189569049232
0.05º,SWA,PDQ,0.6214797173017317,-0.4582009083167063
0.05º,SWA,PDQ,0.8374937834404016,-0.3658503070991529
0.05º,SWA,PDQ,1.4537890882622533,-0.10237097473328421
0.05º,SWA,PDQ,0.6512873393517948,-0.44545751680338785
0.05º,SWA,PDQ,0.4705792132878194,-0.5227140787727942
0.05º,SWA,PDQ,1.024347059079656,-0.2859665631688993
0.05º,SWA,PDQ,0.5635424080712821,-0.4829703385487383
0.05º,SWA,PDQ,0.37661004913700363,-0.5628878922672722
0.05º,SWA,PDQ,0.23963113566179967,-0.6214492870860783
0.05º,SWA,PDQ,0.455727102361122,-0.5290636716393521
0.05º,SWA,PDQ,0.794680825304419,-0.38415375601077056
0.05º,SWA,PDQ,0.9090055561399816,-0.3352775054247485
0.05º,SWA,PDQ,0.45004460992199014,-0.5314930578480778
0.05º,SWA,PDQ,0.0797824648519363,-0.6897879888983998
0.05º,SWA,PDQ,0.3123409792228979,-0.590364284672434
0.05º,SWA,PDQ,1.0392283949408092,-0.2796044760221502
0.05º,SWA,PDQ,0.3219294371428312,-0.5862650152614938
0.05º,SWA,PDQ,0.42641474479112496,-0.5415953270684729
0.05º,SWA,PDQ,0.4041717273217663,-0.5511046894581849
0.05º,SWA,PDQ,0.5612585348489476,-0.4839467428586866
0.05º,SWA,PDQ,0.903696893014869,-0.33754707166193454
0.05º,SWA,PDQ,0.8709544212093413,-0.35154517377926686
0.05º,SWA,PDQ,0.3024840967075243,-0.5945783112990203
0.05º,SWA,PDQ,0.6251276816214436,-0.4566413260905687
0.05º,SWA,PDQ,0.7162305213309621,-0.4176929271728822
0.05º,SWA,PDQ,0.4154227762807786,-0.5462946270661094
0.05º,SWA,PDQ,0.37832397516862826,-0.5621551524865149
0.05º,SWA,PDQ,0.5431906822167676,-0.49167113360378206
0.05º,SWA,PDQ,0.3349620223512717,-0.5806933082845701
0.05º,SWA,PDQ,0.7756503216094441,-0.39228970053104817
0.05º,SWA,PDQ,0.8016262198433242,-0.3811844523314942
0.05º,SWA,PDQ,0.6133079193097425,-0.4616945255198756
0.05º,SWA,PDQ,0.6563378870387773,-0.4432983003981408
0.05º,SWA,PDQ,0.4778245533153051,-0.5196165420265788
0.05º,SWA,PDQ,1.137160164338571,-0.23773656462245335
0.05º,SWA,PDQ,1.0979396060661035,-0.25450418629309624
0.05º,SWA,PDQ,0.9592244971144552,-0.3138078415533028
0.05º,SWA,PDQ,0.18107289649268005,-0.6464841780548817
0.05º,SWA,PDQ,0.4180864514133565,-0.5451558493728833
0.05º,SWA,PDQ,0.8214990091912537,-0.3726884128051934
0.05º,SWA,PDQ,0.4462094886435401,-0.5331326536491203
0.05º,SWA,PDQ,0.5187151858836059,-0.5021349281236005
0.05º,SWA,PDQ,2.5390811151053265,0.3616144173625903
0.05º,SWA,PDQ,0.3019847307437489,-0.5947918008546155
0.05º,SWA,PDQ,0.7678852342628496,-0.39560944029514516
0.05º,SWA,PDQ,0.521646022269596,-0.5008819333202773
0.05º,SWA,PDQ,0.6699462681163529,-0.4374804284577786
0.05º,SWA,PDQ,0.311987850679573,-0.590515254624836
0.05º,SWA,PDQ,0.9634455529936238,-0.3120032505135515
0.05º,SWA,PDQ,0.5960390638978947,-0.4690773279833011
0.05º,SWA,PDQ,0.32553562435421196,-0.5847232936364757
0.05º,SWA,PDQ,0.19210455220343192,-0.6417679109361516
0.05º,SWA,PDQ,0.5177996291054612,-0.5025263480918547
0.05º,SWA,PDQ,0.3086192888500767,-0.5919553863521504
0.05º,SWA,PDQ,0.5937324785016804,-0.4700634422299691
0.05º,SWA,PDQ,0.830269695481819,-0.3689387581345374
0.05º,SWA,PDQ,1.3966667472341687,-0.12679198874961806
0.05º,SWA,PDQ,0.4178829248304723,-0.5452428613097866
0.05º,SWA,PDQ,1.3630751726187436,-0.1411531003523568
0.05º,SWA,PDQ,0.41975093564571114,-0.5444442470114128
0.05º,SWA,PDQ,1.4984953988978644,-0.08325807741498176
0.05º,SWA,PDQ,0.565630085952765,-0.4820778119140155
0.05º,SWA,PDQ,0.6478750529112642,-0.4469163417305906
0.05º,SWA,PDQ,0.38687656531940307,-0.558498738547784
0.05º,SWA,PDQ,0.9012402254897912,-0.33859734920630025
0.05º,SWA,PDQ,0.24689377090077336,-0.6183443562696171
0.05º,SWA,PDQ,0.3894371349969872,-0.5574040406264341
0.05º,SWA,PDQ,0.552954733510952,-0.48749679429590514
0.05º,SWA,PDQ,1.4596337487210773,-0.09987225825183821
0.05º,SWA,PDQ,0.39324225848780414,-0.5557772695167306
0.05º,SWA,PDQ,0.6231459907026422,-0.457488541047678
0.05º,SWA,PDQ,0.2794622143666514,-0.6044206549636896
0.05º,SWA,PDQ,0.9875075780116274,-0.30171622376271967
0.05º,SWA,PDQ,0.38931425022688987,-0.5574565764756121
0.05º,SWA,PDQ,2.111313450165419,0.1787346552027064
0.05º,SWA,PDQ,0.7046897736318043,-0.42262684192930894
0.05º,SWA,PDQ,1.5554776340872216,-0.05889696162042507
0.05º,SWA,PDQ,1.013521867033877,-0.29059456268575207
0.05º,SWA,PDQ,0.2789342727190195,-0.6046463612310551
0.05º,SWA,PDQ,0.26122073817737934,-0.6122192734670491
0.05º,SWA,PDQ,0.39010815995114556,-0.5571171632065687
0.05º,SWA,PDQ,1.0456167022745164,-0.27687333895512406
0.05º,SWA,PDQ,0.5866813314808255,-0.473077957341366
0.05º,SWA,PDQ,0.8114717120443302,-0.37697529530621987
0.05º,SWA,PDQ,0.46408995728433905,-0.5254883735402066
0.05º,SWA,PDQ,0.33363440669613137,-0.5812608921744976
0.05º,SWA,PDQ,0.6611975350639747,-0.4412206976528428
0.05º,SWA,PDQ,1.1169349129771946,-0.24638328914547677
0.05º,SWA,PDQ,0.22754308838903173,-0.6266171840343709
0.05º,SWA,PDQ,0.36145854660539417,-0.569365481403737
0.05º,SWA,PDQ,0.42104703408700556,-0.5438901373998016
0.05º,SWA,PDQ,0.5493088451711015,-0.48905548899656015
0.05º,SWA,PDQ,0.6830941682503043,-0.4318594219010144
0.05º,SWA,PDQ,1.0468454581719853,-0.27634801971129286
0.05º,SWA,PDQ,0.4252308180302767,-0.5421014809042686
0.05º,SWA,PDQ,0.7391181257036001,-0.40790799019157586
0.05º,SWA,PDQ,0.2079003344864524,-0.6350148785220399
0.05º,SWA,PDQ,0.4581938627206136,-0.5280090791939118
0.05º,SWA,PDQ,0.41170167207001795,-0.5478854781490955
0.05º,SWA,PDQ,0.3730713753530005,-0.5644007504681623
0.05º,SWA,PDQ,0.46068446606168856,-0.5269442933674414
0.05º,SWA,PDQ,0.7556578229974831,-0.4008369183102388
0.05º,SWA,PDQ,1.288656588550563,-0.17296862562488075
0.05º,SWA,PDQ,0.25172003110249835,-0.6162810275279809
0.05º,SWA,PDQ,0.4638477026680366,-0.5255919425339448
0.05º,SWA,PDQ,0.41865510426643243,-0.5449127382005213
0.05º,SWA,PDQ,0.5991583676747112,-0.4677437593675228
0.05º,SWA,PDQ,0.37190039320154256,-0.5649013702085117
0.05º,SWA,PDQ,1.1137101813917145,-0.24776193038865002
0.05º,SWA,PDQ,0.3919725268532288,-0.5563201067584623
0.05º,SWA,PDQ,1.0769906586354918,-0.2634603062563674
0.05º,SWA,PDQ,0.5842943555082832,-0.4740984402668373
0.05º,SWA,PDQ,0.2992215195486114,-0.5959731323286418
0.05º,SWA,PDQ,1.219935894410213,-0.20234818193523169
0.05º,SWA,PDQ,0.4131617758088713,-0.5472612527894537
0.05º,SWA,PDQ,0.44266689927489566,-0.534647185845608
0.05º,SWA,PDQ,0.7387062436268658,-0.4080840785273824
0.05º,SWA,PDQ,0.37113279042579467,-0.5652295366983322
0.05º,SWA,PDQ,0.24930529519642164,-0.617313378414634
0.05º,SWA,PDQ,0.33348813671885974,-0.5813234256964231
0.05º,SWA,PDQ,0.2854835224581207,-0.6018464178674519
0.05º,SWA,PDQ,0.7171664694209154,-0.4172927894857368
0.05º,SWA,PDQ,1.0116776573208517,-0.2913830015074157
0.05º,SWA,PDQ,0.45701906807946735,-0.528511328854577
0.05º,SWA,PDQ,0.563036553653668,-0.4831866020561583
0.05º,SWA,PDQ,0.6870237824357603,-0.430179428375283
0.05º,SWA,PDQ,0.5124228913902561,-0.5048250176621479
0.05º,SWA,PDQ,0.43128735739905405,-0.5395121816887012
0.05º,SWA,PDQ,1.6090987417592133,-0.03597279922684878
0.05º,SWA,PDQ,1.0326575867167942,-0.2824136360959367
0.05º,SWA,PDQ,0.9005051236048323,-0.33891162087501897
0.05º,SWA,PDQ,0.389479704109237,-0.5573858414268179
0.05º,SWA,PDQ,0.8563325348638635,-0.35779634074759176
0.05º,SWA,PDQ,1.6545668386561825,-0.016534222102165
0.05º,SWA,PDQ,1.247943683389747,-0.19037425728639001
0.05º,SWA,PDQ,0.7356643588454644,-0.40938454887831127
0.05º,SWA,PDQ,0.5904296637140773,-0.47147546570046645
0.05º,SWA,PDQ,0.3600292610533447,-0.5699765313339697
0.05º,SWA,PDQ,0.8677210175756385,-0.35292752250724174
0.05º,SWA,PDQ,0.5847412544586348,-0.4739073814738327
0.05º,SWA,PDQ,0.4325006574959123,-0.5389934701278983
0.05º,SWA,PDQ,0.7159766525596909,-0.4178014614645436
0.05º,SWA,PDQ,0.2845887472759219,-0.6022289532620569
0.05º,SWA,PDQ,0.9771552998740403,-0.306142042539557
0.05º,SWA,PDQ,1.1778011316293686,-0.22036168792827215
0.05º,SWA,PDQ,0.314063907743576,-0.5896276961364015
0.05º,SWA,PDQ,0.4511938599057209,-0.5310017290710033
0.05º,SWA,PDQ,0.530218104322551,-0.4972171861793739
0.05º,SWA,PDQ,1.3667097650530498,-0.13959923489123688
0.05º,SWA,PDQ,1.040304172862399,-0.27914455811212113
0.05º,SWA,PDQ,0.21984284111846442,-0.6299092032888217
0.05º,SWA,PDQ,0.5145503992154501,-0.5039154628805368
0.05º,SWA,PDQ,0.4140193491806201,-0.5468946219589488
0.05º,SWA,PDQ,0.39434233286955905,-0.5553069643539461
0.05º,SWA,PDQ,0.4679117853497503,-0.523854460870074
0.05º,SWA,PDQ,0.5233637285821229,-0.5001475773891445
0.05º,SWA,PDQ,0.23763186675252415,-0.6223040170074559
0.05º,SWA,PDQ,0.39202354103078263,-0.5562982971140632
0.05º,SWA,PDQ,0.8369841719612418,-0.36606817683018034
0.05º,SWA,PDQ,0.7659579113319713,-0.3964334117826904
0.05º,SWA,PDQ,0.616783561604517,-0.4602086146193626
0.05º,SWA,PDQ,0.15013100409213426,-0.6597124942339071
0.05º,SWA,PDQ,0.9555744160840562,-0.3153683287182162
0.05º,SWA,PDQ,0.20399836551996012,-0.6366830531295048
0.05º,SWA,PDQ,0.8254764346150425,-0.3709879789596073
0.05º,SWA,PDQ,0.4846053198651153,-0.51671762030919
0.05º,SWA,PDQ,0.8391935273453038,-0.36512363047878493
0.05º,SWA,PDQ,0.5786490562481595,-0.47651192560158745
0.05º,SWA,PDQ,0.2870426378450593,-0.6011798629253359
0.05º,SWA,PDQ,0.4619056252109491,-0.5264222218948174
0.05º,SWA,PDQ,0.3264188919220111,-0.5843456779914378
0.05º,SWA,PDQ,3.8795156151921426,0.9346786357653927
0.05º,SWA,PDQ,0.8610296094859086,-0.3557882415850534
0.05º,SWA,PDQ,0.8237539301286098,-0.37172438621199366
0.05º,SWA,PDQ,0.667740329548164,-0.4384235140478182
0.05º,SWA,PDQ,0.36876599638311724,-0.5662413914201404
0.05º,SWA,PDQ,0.7547403338514727,-0.4012291644067974
0.05º,SWA,PDQ,0.3231207537062354,-0.5857557021281528
0.05º,SWA,PDQ,1.524996209251988,-0.07192841813536525
0.05º,SWA,PDQ,0.6764094650566411,-0.43471727449335157
0.05º,SWA,PDQ,0.6443722062322522,-0.44841388308316155
0.05º,SWA,PDQ,0.45847060062267136,-0.5278907678631196
0.05º,SWA,PDQ,0.2738079898181183,-0.6068379560487999
0.05º,SWA,PDQ,0.269497319305184,-0.6086808592478198
0.05º,SWA,PDQ,1.3216382446768744,-0.1588682671303549
0.05º,SWA,PDQ,1.0209226147071249,-0.2874305858702557
0.05º,SWA,PDQ,0.40553629533585045,-0.5505213076499742
0.05º,SWA,PDQ,0.7030021120478084,-0.4233483531008719
0.05º,SWA,PDQ,0.34570386268951836,-0.5761009433930023
0.05º,SWA,PDQ,0.7709136213666032,-0.39431474048808907
0.05º,SWA,PDQ,0.9966874369232109,-0.2977916391061222
0.05º,SWA,PDQ,0.43237186508414127,-0.5390485316193647
0.05º,SWA,PDQ,0.7372306600029069,-0.4087149218666855
0.05º,SWA,PDQ,0.2634487372857556,-0.6112667565275336
0.05º,SWA,PDQ,0.663015266319178,-0.44044357893427655
0.05º,SWA,PDQ,0.6034454189223522,-0.46591095390606757
0.05º,SWA,PDQ,0.7442550871385758,-0.4057118300737118
0.05º,SWA,PDQ,0.5653181519952276,-0.4822111703060577
0.05º,SWA,PDQ,1.1655088303922065,-0.22561690778451268
0.05º,SWA,PDQ,0.8931424385971489,-0.3420593250925699
0.05º,SWA,PDQ,0.7081651143085806,-0.42114105997689627
0.05º,SWA,PDQ,0.12820525015438675,-0.669086219725465
0.05º,SWA,PDQ,3.4371354408887864,0.7455517154961598
0.05º,SWA,PDQ,0.6428449495179981,-0.4490668177660556
0.05º,SWA,PDQ,0.7633836247302865,-0.3975339739804284
0.05º,SWA,PDQ,0.7394364891666372,-0.40777188304937567
0.05º,SWA,PDQ,0.6527966502351572,-0.44481225434435323
0.05º,SWA,PDQ,0.7167640188593923,-0.4174648456484736
0.05º,SWA,PDQ,0.5442227184036644,-0.491229916214369
0.05º,SWA,PDQ,0.46514936288197833,-0.5250354551463998
0.05º,SWA,PDQ,0.6021510367000502,-0.46646432979760866
0.05º,SWA,PDQ,1.028073297407694,-0.2843735171417332
0.05º,SWA,PDQ,0.5146316824096178,-0.5038807125886486
0.05º,SWA,PDQ,0.48258676769974646,-0.5175805942321065
0.05º,SWA,PDQ,1.0107632132224096,-0.29177394578146476
0.05º,SWA,PDQ,0.913883712556627,-0.333191989949005
0.05º,SWA,PDQ,0.3474964593942044,-0.5753345702286172
0.05º,SWA,PDQ,0.5337365950231833,-0.49571295667529536
0.05º,SWA,PDQ,0.6230949454996464,-0.4575103639561126
0.05º,SWA,PDQ,1.2875466057567735,-0.17344316684425576
0.05º,SWA,PDQ,0.408671266502805,-0.5491810408921508
0.05º,SWA,PDQ,0.36725466260123973,-0.5668875187112548
0.05º,SWA,PDQ,0.4420739964003728,-0.534900664417187
0.05º,SWA,PDQ,0.6016870580357553,-0.4666626905310816
0.05º,SWA,PDQ,0.9717665176849811,-0.30844586137823665
0.05º,SWA,PDQ,0.2991510718354873,-0.596003250222248
0.05º,SWA,PDQ,0.3175384707955236,-0.5881422466351192
0.05º,SWA,PDQ,0.2891478185300471,-0.6002798534703709
0.05º,SWA,PDQ,0.44335805570279674,-0.5343517017931432
0.05º,SWA,PDQ,0.26418235419709013,-0.6109531197165787
0.05º,SWA,PDQ,0.6470921363359609,-0.44725105519497227
0.05º,SWA,PDQ,0.6813347144726731,-0.4326116257601577
0.05º,SWA,PDQ,0.27547001679579275,-0.6061274042158952
0.05º,SWA,PDQ,0.6396195879058225,-0.45044572835902247
0.05º,SWA,PDQ,0.4160705885769411,-0.5460176735505531
0.05º,SWA,PDQ,0.4888517260551444,-0.5149021914731281
0.05º,SWA,PDQ,0.4532376655666756,-0.5301279587423625
0.05º,SWA,PDQ,0.7540174958146666,-0.40153819301995775
0.05º,SWA,PDQ,0.4427545600467269,-0.5346097090038147
0.05º,SWA,PDQ,1.026455712390019,-0.2850650690928311
0.05º,SWA,PDQ,0.27524313073099393,-0.6062244028274513
0.05º,SWA,PDQ,1.4277941360845938,-0.11348436889849245
0.05º,SWA,PDQ,1.0214182438256145,-0.28721869389538746
0.05º,SWA,PDQ,1.1360560727986555,-0.23820858720567228
0.05º,SWA,PDQ,0.4846715550443348,-0.5166893033632984
0.05º,SWA,PDQ,0.26235746460275855,-0.6117332987771589
0.05º,SWA,PDQ,0.8233169462826397,-0.3719112060872873
0.05º,SWA,PDQ,0.19722863277038272,-0.6395772576629462
0.05º,SWA,PDQ,0.7238503111017351,-0.4144353052084379
0.05º,SWA,PDQ,0.5964282839386547,-0.46891092814919477
0.05º,SWA,PDQ,8.922782589246083,3.0907823815998237
0.05º,SWA,PDQ,0.9013490562722161,-0.3385508217353463
0.05º,SWA,PDQ,0.525117494441845,-0.49939780523571353
0.05º,SWA,PDQ,1.2192423540948438,-0.20264468515022063
0.05º,SWA,PDQ,1.2468988113813835,-0.19082096226210127
0.05º,SWA,PDQ,0.6793969121224327,-0.43344007742205365
0.05º,SWA,PDQ,1.5189127782841372,-0.07452921408068973
0.05º,SWA,PDQ,0.242859058507209,-0.6200692815115058
0.05º,SWA,PDQ,0.4987885297080628,-0.5106539968627887
0.05º,SWA,PDQ,0.36896887448456933,-0.5661546567228223
0.05º,SWA,PDQ,0.7576779503801647,-0.399973270948465
0.05º,SWA,PDQ,0.3052540825413285,-0.5933940835230767
0.05º,SWA,PDQ,0.7925156375190043,-0.38507941977566434
0.05º,SWA,PDQ,0.8014501640905655,-0.38125971990506335
0.05º,SWA,PDQ,0.36606835803867926,-0.5673946891077847
0.05º,SWA,PDQ,0.37260067205370206,-0.5646019861259245
0.05º,SWA,PDQ,0.3213820060889721,-0.5864990536639587
0.05º,SWA,PDQ,1.3586209465910837,-0.14305737658291112
0.05º,SWA,PDQ,0.46143777385567986,-0.5266222382859342
0.05º,SWA,PDQ,0.48884267535733195,-0.5149060608386716
0.05º,SWA,PDQ,0.9442751807771939,-0.32019899179743194
0.05º,SWA,PDQ,0.25294269014287823,-0.615758314820047
0.05º,SWA,PDQ,1.0500862430364708,-0.2749625153503877
0.05º,SWA,PDQ,0.5333799844906681,-0.4958654152520306
0.05º,SWA,PDQ,0.25811086884803247,-0.613548808656155
0.05º,SWA,PDQ,0.13917924283077854,-0.6643946047786345
0.05º,SWA,PDQ,1.474321779188092,-0.09359281326671497
0.05º,SWA,PDQ,0.48525304779594336,-0.5164407028616059
0.05º,SWA,PDQ,0.5813637110922064,-0.4753513529989452
0.05º,SWA,PDQ,0.49702634857541894,-0.5114073667241265
0.05º,SWA,PDQ,0.5394280209794337,-0.49327975119826173
0.05º,SWA,PDQ,0.4948299516627578,-0.5123463730537718
0.05º,SWA,PDQ,0.7733292230415785,-0.3932820194668437
0.05º,SWA,PDQ,0.32280438905721653,-0.5858909547349073
0.05º,SWA,PDQ,0.5083620065762915,-0.5065611321696363
0.05º,SWA,PDQ,0.7397863325931079,-0.4076223175542017
0.05º,SWA,PDQ,0.26376617782148615,-0.611131043956359
0.05º,SWA,PDQ,0.7481747982618911,-0.4040360703173776
0.05º,SWA,PDQ,0.3693490902264599,-0.5659921064177259
0.05º,SWA,PDQ,0.7739319753002465,-0.39302433007435067
0.05º,SWA,PDQ,0.2401036679008861,-0.6212472695177117
0.05º,SWA,PDQ,0.38414887185489577,-0.5596648854376015
0.05º,SWA,PDQ,0.19999866577876604,-0.638393009718868
0.05º,SWA,PDQ,0.5050978108688634,-0.5079566451631246
0.05º,SWA,PDQ,1.0475009005985396,-0.2760678041529369
0.05º,SWA,PDQ,0.7920628321898735,-0.38527300367104317
0.05º,SWA,PDQ,0.7538826374121439,-0.4015958478513066
0.05º,SWA,PDQ,1.2969799583022705,-0.1694102082751849
0.05º,SWA,PDQ,0.38703070157839886,-0.5584328420233486
0.05º,SWA,PDQ,0.4073574182427946,-0.5497427389282532
0.05º,SWA,PDQ,0.2962261453086954,-0.5972537184352439
0.05º,SWA,PDQ,0.32961617722923287,-0.5829787706151542
0.05º,SWA,PDQ,1.0121548141206473,-0.29117900684112447
0.05º,SWA,PDQ,0.2560023778989249,-0.6144502333193381
0.05º,SWA,PDQ,0.4193457660970977,-0.5446174655988797
0.05º,SWA,PDQ,3.77345302688069,0.8893346265888576
0.05º,SWA,PDQ,0.37591816319359517,-0.5631836882031107
0.05º,SWA,PDQ,0.40788069551373796,-0.5495190267809893
0.05º,SWA,PDQ,0.6611210321202685,-0.44125340428613047
0.05º,SWA,PDQ,3.654575967613683,0.8385121589110569
0.05º,SWA,PDQ,2.360791495294224,0.2853918181831714
0.05º,SWA,PDQ,0.4409358427848357,-0.5353872492611819
0.05º,SWA,PDQ,1.3145984961642867,-0.16187790913737357
0.05º,SWA,PDQ,0.7205081641534813,-0.415864144012993
0.05º,SWA,PDQ,0.2984536562436888,-0.5963014102002179
0.05º,SWA,PDQ,0.6285714789315153,-0.4551690295973748
0.05º,SWA,PDQ,0.3336767031822679,-0.5812428095283352
0.05º,SWA,PDQ,0.7701331341628586,-0.3946484153445318
0.05º,SWA,PDQ,0.6032778510738694,-0.4659825927202834
0.05º,SWA,PDQ,0.5340681120201398,-0.4955712261179755
QDS,Cape,PDQ,1.324553676970622,-0.5306944715828011
QDS,Cape,PDQ,0.6623768365655508,-0.6677210678789429
QDS,Cape,PDQ,0.2765158178935909,-0.7475686536079101
QDS,Cape,PDQ,1.3268055027829373,-0.530228493300739
QDS,Cape,PDQ,1.2120433572829055,-0.5539766300853057
QDS,Cape,PDQ,0.9673511409194645,-0.6046116561123873
QDS,Cape,PDQ,1.4280500878615092,-0.5092775931178736
QDS,Cape,PDQ,1.495773864612017,-0.49526327239538337
QDS,Cape,PDQ,1.7876993822348295,-0.4348540922323119
QDS,Cape,PDQ,1.2442657275227262,-0.5473087410122665
QDS,Cape,PDQ,1.82458521306635,-0.42722117676020527
QDS,Cape,PDQ,1.5612896632568485,-0.4817058563938921
QDS,Cape,PDQ,1.6805432012399764,-0.45702829987273
QDS,Cape,PDQ,2.0956224920320063,-0.37113447372282243
QDS,Cape,PDQ,1.6110882434369773,-0.47140086001514636
QDS,Cape,PDQ,1.8064947849372415,-0.43096469305496937
QDS,Cape,PDQ,4.086984882150919,0.04094519089248245
QDS,Cape,PDQ,1.4956012918611585,-0.49529898348526247
QDS,Cape,PDQ,2.0184606887414924,-0.38710183866796855
QDS,Cape,PDQ,2.527449024774334,-0.2817750815461818
QDS,Cape,PDQ,2.3495589328599773,-0.31858650762221435
QDS,Cape,PDQ,3.749344182250141,-0.0289239936748132
QDS,Cape,PDQ,3.346223492417728,-0.11234318421989097
QDS,Cape,PDQ,2.7993656209221607,-0.22550641829336185
QDS,Cape,PDQ,2.3683801160918327,-0.3146917735887052
QDS,Cape,PDQ,4.975305427819035,0.22476850419104438
QDS,Cape,PDQ,3.6400645028880025,-0.05153762434508463
QDS,Cape,PDQ,1.7528317185737674,-0.4420693812317752
QDS,Cape,PDQ,1.3221666211147896,-0.5311884334961979
QDS,Cape,PDQ,2.140071160226711,-0.36193655355863924
QDS,Cape,PDQ,3.8019410245103753,-0.018039943023878086
QDS,Cape,PDQ,4.080393064905096,0.03958112282865723
QDS,Cape,PDQ,6.971939007708255,0.637938954754427
QDS,Cape,PDQ,4.779194895958584,0.18418665801499104
QDS,Cape,PDQ,1.4727755515621954,-0.5000223946803645
QDS,Cape,PDQ,1.0290210498186763,-0.5918500836823053
QDS,Cape,PDQ,1.192017070873513,-0.5581207403828693
QDS,Cape,PDQ,2.078669940173242,-0.3746425252552791
QDS,Cape,PDQ,2.2046426795828897,-0.3485745406111084
QDS,Cape,PDQ,8.733238140676386,1.0024108156282252
QDS,Cape,PDQ,5.453045039261118,0.3236288521786068
QDS,Cape,PDQ,2.6089697519258,-0.2649057090650806
QDS,Cape,PDQ,1.062874326281188,-0.5848447054146321
QDS,Cape,PDQ,1.5036014444814398,-0.49364348359985993
QDS,Cape,PDQ,2.955782856444961,-0.1931384463591125
QDS,Cape,PDQ,2.272751920828953,-0.3344804543568206
QDS,Cape,PDQ,1.1507353821266213,-0.5666633062854808
QDS,Cape,PDQ,0.52873564545352425,-0.695375912364052
QDS,Cape,PDQ,6.246633409766207,0.48784890131833947
QDS,Cape,PDQ,4.450611568826574,0.11619174763875639
QDS,Cape,PDQ,2.0848523226482754,-0.3733631829771098
QDS,Cape,PDQ,2.5610118684156133,-0.27482980356972647
QDS,Cape,PDQ,2.7894619327810544,-0.2275558235185946
QDS,Cape,PDQ,2.1992631067875186,-0.34968775464201
QDS,Cape,PDQ,0.9625979509835191,-0.605595250522112
QDS,Cape,PDQ,0.4125381207008232,-0.7194210772555926
QDS,Cape,PDQ,0.7466262236499587,-0.6502870441442098
QDS,Cape,PDQ,7.691416911982829,0.7868230629221445
QDS,Cape,PDQ,5.304808385059871,0.2929537168792516
QDS,Cape,PDQ,3.394833256936653,-0.10228419367182132
QDS,Cape,PDQ,2.2427586804356685,-0.3406870617042923
QDS,Cape,PDQ,2.626096827645759,-0.2613615426925801
QDS,Cape,PDQ,2.5676760777036565,-0.2734507551644892
QDS,Cape,PDQ,1.3783846214305748,-0.5195550437975561
QDS,Cape,PDQ,0.9530828451373448,-0.6075642450382919
QDS,Cape,PDQ,1.0077361391049164,-0.5962546455600504
QDS,Cape,PDQ,0.7723120351557397,-0.6449717882956537
QDS,Cape,PDQ,6.174779854214534,0.47297999085780673
QDS,Cape,PDQ,4.729111840487792,0.17382279415790505
QDS,Cape,PDQ,2.417473987213243,-0.3045326051486657
QDS,Cape,PDQ,1.986078151691584,-0.3938028716256725
QDS,Cape,PDQ,2.653040037219192,-0.2557860890133444
QDS,Cape,PDQ,2.7429181968541334,-0.23718728346073178
QDS,Cape,PDQ,2.1607115801901875,-0.35766535843199
QDS,Cape,PDQ,1.5825136226903984,-0.4773139073802001
QDS,Cape,PDQ,1.092121525721201,-0.5787924789610343
QDS,Cape,PDQ,0.8992321062562372,-0.618707768953137
QDS,Cape,PDQ,7.3102245159920995,0.7079415718016939
QDS,Cape,PDQ,5.462187651223308,0.32552076521753
QDS,Cape,PDQ,3.106050637561776,-0.16204300278120823
QDS,Cape,PDQ,1.2966056699370159,-0.5364778515553369
QDS,Cape,PDQ,1.4502333300667376,-0.5046871363263978
QDS,Cape,PDQ,2.5673842290289453,-0.2735111484432767
QDS,Cape,PDQ,2.461086575041464,-0.2955076980526822
QDS,Cape,PDQ,2.6123110874521416,-0.2642142746833256
QDS,Cape,PDQ,2.1309274073809084,-0.3638287026846446
QDS,Cape,PDQ,1.5981434581393632,-0.474079570234053
QDS,Cape,PDQ,1.2492878926450743,-0.5462694866156137
QDS,Cape,PDQ,5.516853426731415,0.3368329475451127
QDS,Cape,PDQ,4.308782706242968,0.08684259932892394
QDS,Cape,PDQ,2.568357123060016,-0.2733098240394317
QDS,Cape,PDQ,0.8417720509975566,-0.6305981814753701
QDS,Cape,PDQ,1.8616204895084631,-0.4195573359791761
QDS,Cape,PDQ,2.2164617590606697,-0.34612877668012726
QDS,Cape,PDQ,2.9750015363448243,-0.1891614569337916
QDS,Cape,PDQ,3.3928262471672546,-0.1026995113039897
QDS,Cape,PDQ,2.665342854519808,-0.25324022350327086
QDS,Cape,PDQ,1.417095506653586,-0.5115444633633704
QDS,Cape,PDQ,1.3227484330337134,-0.5310680370974263
QDS,Cape,PDQ,6.924078524160445,0.6280350155685862
QDS,Cape,PDQ,5.464568824719297,0.3260135098733931
QDS,Cape,PDQ,1.753554796831953,-0.441919752089635
QDS,Cape,PDQ,2.574696789658944,-0.2719979344010506
QDS,Cape,PDQ,1.9170592888991833,-0.408085189084688
QDS,Cape,PDQ,2.4111788183985676,-0.3058352867031231
QDS,Cape,PDQ,4.352771491001642,0.09594535418667069
QDS,Cape,PDQ,4.230760579075753,0.0706972045202378
QDS,Cape,PDQ,2.1200470230703496,-0.36608021910366917
QDS,Cape,PDQ,2.0632695629825286,-0.3778293797922473
QDS,Cape,PDQ,10.699129150312748,1.4092195973652453
QDS,Cape,PDQ,6.331193253153065,0.5053471688740998
QDS,Cape,PDQ,4.135166151668018,0.05091551145385457
QDS,Cape,PDQ,1.6673290627242154,-0.45976274830601077
QDS,Cape,PDQ,1.506023640729683,-0.4931422499607387
QDS,Cape,PDQ,2.3341774021684243,-0.32176946218643443
QDS,Cape,PDQ,4.1670783692592375,0.05751921954203196
QDS,Cape,PDQ,5.7020672935612815,0.3751599082751472
QDS,Cape,PDQ,5.660764586398149,0.3666129929573022
QDS,Cape,PDQ,2.670252049615505,-0.252224346393909
QDS,Cape,PDQ,6.824188907930368,0.6073645038832753
QDS,Cape,PDQ,4.271226772925889,0.07907101717872951
QDS,Cape,PDQ,2.067343609957524,-0.3769863228381673
QDS,Cape,PDQ,1.8736614921349941,-0.4170656487058835
QDS,Cape,PDQ,2.5305515985233105,-0.2811330549837307
QDS,Cape,PDQ,3.609971700048881,-0.05776483450171476
QDS,Cape,PDQ,6.152860909731418,0.4684442261290249
QDS,Cape,PDQ,7.587081149517641,0.7652324944664104
QDS,Cape,PDQ,5.309602761640009,0.2939458341869732
QDS,Cape,PDQ,3.0803567571630563,-0.167359928354327
QDS,Cape,PDQ,3.1597176246651353,-0.1509375032718268
QDS,Cape,PDQ,5.326735276139031,0.29749112602526706
QDS,Cape,PDQ,3.071562730634792,-0.1691797073761498
QDS,Cape,PDQ,6.457014765847015,0.5313838596389672
QDS,Cape,PDQ,4.723366744971612,0.17263394121720602
QDS,Cape,PDQ,3.8740785677587337,-0.0031122659845520106
QDS,Cape,PDQ,4.4911213296458925,0.12457457576431635
QDS,Cape,PDQ,4.990920376970264,0.22799976086293486
QDS,Cape,PDQ,5.197338189420438,0.2707145290774803
QDS,Cape,PDQ,5.525310129954551,0.33858292306199145
QDS,Cape,PDQ,8.154653378251115,0.8826822237683106
QDS,Cape,PDQ,7.728137896219387,0.7944218661051459
QDS,Cape,PDQ,5.976546525691035,0.4319588668580403
QDS,Cape,PDQ,5.8318309792890535,0.4020123668528916
QDS,Cape,PDQ,6.527998152800192,0.5460727030328494
QDS,Cape,PDQ,7.641219855125291,0.7764356083547744
QDS,Cape,PDQ,4.521567048105811,0.13087481599893583
QDS,Cape,PDQ,3.905910195192943,0.0034747652973158146
QDS,Cape,PDQ,4.618488005521772,0.150931012613043
QDS,Cape,PDQ,4.268146664769058,0.07843363950074198
QDS,Cape,PDQ,4.709609102029423,0.16978702349010363
QDS,Cape,PDQ,5.76774751527094,0.3887513489231543
QDS,Cape,PDQ,7.2122876191728915,0.6876751432525874
QDS,Cape,PDQ,8.15736564094936,0.8832434818841548
QDS,Cape,PDQ,7.42803557993861,0.7323206320671394
QDS,Cape,PDQ,6.493581943328891,0.5389508350460703
QDS,Cape,PDQ,8.37191970692502,0.9276419138259273
QDS,Cape,PDQ,4.48533504138281,0.12337719866276525
QDS,Cape,PDQ,4.674202842125459,0.16246028086460076
QDS,Cape,PDQ,9.24782963118509,1.1088970533290656
QDS,Cape,PDQ,5.965964782215956,0.42976914924366105
QDS,Cape,PDQ,5.4561304808940285,0.32426733353166876
QDS,Cape,PDQ,5.746405620168104,0.3843349950641732
QDS,Cape,PDQ,3.816216317243281,-0.015085906194192995
QDS,Cape,PDQ,3.2406939387200167,-0.13418078811887743
QDS,Cape,PDQ,4.278654605992288,0.08060808495404152
QDS,Cape,PDQ,5.536444758071399,0.3408870510513389
QDS,Cape,PDQ,6.643457981589777,0.5699652138888527
QDS,Cape,PDQ,9.772087615986926,1.2173836128930113
QDS,Cape,PDQ,7.620868697307452,0.7722242712673008
QDS,Cape,PDQ,5.391498291901564,0.31089276600165855
QDS,Cape,PDQ,5.388691271044811,0.31031189924483
QDS,Cape,PDQ,3.6894189423563346,-0.04132453557515352
QDS,Cape,PDQ,5.0639857276254645,0.24311943237144254
QDS,Cape,PDQ,4.814732363381385,0.19154055187656516
QDS,Cape,PDQ,4.576755492159953,0.14229515597789535
QDS,Cape,PDQ,7.895897415647971,0.8291369369758113
QDS,Cape,PDQ,4.229034065861322,0.07033993103255583
QDS,Cape,PDQ,2.663505768907202,-0.25362037812850063
QDS,Cape,PDQ,4.42288084009468,0.11045332983390155
QDS,Cape,PDQ,7.325245750628198,0.7110499690284696
QDS,Cape,PDQ,6.638241592399434,0.5688857680186657
QDS,Cape,PDQ,8.41685120174367,0.9369397470115928
QDS,Cape,PDQ,7.2420458051870575,0.6938331099657907
QDS,Cape,PDQ,5.328164020184582,0.29778678108535717
QDS,Cape,PDQ,4.948633872006469,0.21924926478562692
QDS,Cape,PDQ,3.90351627906124,0.0029793837627622535
QDS,Cape,PDQ,6.4865236635181525,0.5374902402333921
QDS,Cape,PDQ,6.18080985546346,0.47422780034974904
QDS,Cape,PDQ,19.26576712997965,3.181944302350294
QDS,Cape,PDQ,11.332990143271179,1.5403866951708018
QDS,Cape,PDQ,8.045875165473532,0.8601723633525166
QDS,Cape,PDQ,10.037167853919602,1.2722376043540629
QDS,Cape,PDQ,9.613911551998386,1.1846516803617988
QDS,Cape,PDQ,10.05751504073507,1.2764481197079673
QDS,Cape,PDQ,7.894752743189949,0.8289000658543435
QDS,Cape,PDQ,7.257128979956641,0.6969543246835262
QDS,Cape,PDQ,5.5868262884905615,0.35131267938546373
QDS,Cape,PDQ,7.34509983949423,0.7151584458791691
QDS,Cape,PDQ,7.414963963610115,0.7296156762542977
QDS,Cape,PDQ,6.6379646989763845,0.5688284694830146
QDS,Cape,PDQ,12.777545786725696,1.8393137051548245
QDS,Cape,PDQ,6.664167579813803,0.5742507243177026
QDS,Cape,PDQ,4.891810882950685,0.20749068262663148
QDS,Cape,PDQ,4.692567962540519,0.16626064020592862
QDS,Cape,PDQ,5.642488747367388,0.3628311089286952
QDS,Cape,PDQ,7.19508560074819,0.6841154687210551
QDS,Cape,PDQ,9.774554794495184,1.21789415487034
QDS,Cape,PDQ,10.445626162686533,1.3567613272691879
QDS,Cape,PDQ,6.7617923313948385,0.5944525595483375
QDS,Cape,PDQ,4.319952390970631,0.08915398170677387
QDS,Cape,PDQ,5.349262885636512,0.3021528439588634
QDS,Cape,PDQ,7.952855479425521,0.8409234706248616
QDS,Cape,PDQ,10.266613166581468,1.3197175346562566
QDS,Cape,PDQ,13.592834439851112,2.00802427055047
QDS,Cape,PDQ,16.433094590090533,2.5957693519773546
QDS,Cape,PDQ,17.025636211902842,2.7183860861281106
QDS,Cape,PDQ,15.303562860753448,2.362031355062701
QDS,Cape,PDQ,15.414014482510657,2.3848874999189915
QDS,Cape,PDQ,11.935873570252268,1.6651434956533386
QDS,Cape,PDQ,13.843104207756458,2.059813479050901
QDS,Cape,PDQ,15.879384275286178,2.4811881175667816
QDS,Cape,PDQ,8.992687471904548,1.0560995836433638
QDS,Cape,PDQ,12.89592451174581,1.8638102335345548
QDS,Cape,PDQ,10.18394446174885,1.3026106070921717
QDS,Cape,PDQ,4.060707140322085,0.035507444807990715
QDS,Cape,PDQ,1.8236776172089826,-0.42740898878194783
QDS,Cape,PDQ,1.545093098356401,-0.4850574688704629
QDS,Cape,PDQ,8.524725492826851,0.9592625557131855
QDS,Cape,PDQ,8.956484596854379,1.048607994627317
QDS,Cape,PDQ,5.08767547882844,0.24802163639969035
QDS,Cape,PDQ,5.132427472759183,0.2572823248315661
QDS,Cape,PDQ,9.855854829996119,1.234717858847413
QDS,Cape,PDQ,6.865071463706357,0.615824475788128
QDS,Cape,PDQ,8.886115077071821,1.0340461809388477
QDS,Cape,PDQ,7.652406822351921,0.7787505670612793
QDS,Cape,PDQ,5.91511311526612,0.4192462338939511
QDS,Cape,PDQ,5.365336389682435,0.3054789910174312
QDS,Cape,PDQ,3.8308120064867475,-0.01206556858104876
QDS,Cape,PDQ,5.63415253085059,0.36110606615222834
QDS,Cape,PDQ,9.864978778031336,1.2366059096938968
QDS,Cape,PDQ,11.223361445439034,1.5177008408737418
QDS,Cape,PDQ,10.79677024739956,1.4294248150292193
QDS,Cape,PDQ,8.501176159713719,0.9543894088970531
QDS,Cape,PDQ,5.5394522351594695,0.34150939892530685
QDS,Cape,PDQ,5.616202325395016,0.3573915666313917
QDS,Cape,PDQ,8.266820568807722,0.9058933773457603
QDS,Cape,PDQ,10.935693936355928,1.4581727854821727
QDS,Cape,PDQ,13.352641347153138,1.9583202641009037
QDS,Cape,PDQ,19.966974008382742,3.327047522493482
QDS,Cape,PDQ,27.91996081022298,4.972787218218364
QDS,Cape,PDQ,32.3276901439715,5.884894243327777
QDS,Cape,PDQ,32.62119451878212,5.945630141994549
QDS,Cape,PDQ,27.751570932511704,4.93794170507812
QDS,Cape,PDQ,25.124104520787448,4.3942307848037565
QDS,Cape,PDQ,21.85993611323144,3.718764867948095
QDS,Cape,PDQ,18.531704289518373,3.0300420817375113
QDS,Cape,PDQ,17.54281517537439,2.8254077587633564
QDS,Cape,PDQ,14.29277802332985,2.152866072605559
QDS,Cape,PDQ,9.862225744317797,1.236036214687614
QDS,Cape,PDQ,5.960095191909383,0.42855453415553685
QDS,Cape,PDQ,6.317136926008393,0.5024384433682648
QDS,Cape,PDQ,10.20403818963071,1.3067686732922337
QDS,Cape,PDQ,9.087378863059442,1.0756944082231006
QDS,Cape,PDQ,8.813274356954526,1.0189729930222677
QDS,Cape,PDQ,8.812744027640687,1.0188632501011063
QDS,Cape,PDQ,7.263519770826226,0.6982767936481067
QDS,Cape,PDQ,19.635410057005977,3.25843582099715
QDS,Cape,PDQ,21.331352129552137,3.6093831141315116
QDS,Cape,PDQ,20.69794785606412,3.4783105269017924
QDS,Cape,PDQ,18.24003274275694,2.9696854566633073
QDS,Cape,PDQ,14.929635627198147,2.284653269708384
QDS,Cape,PDQ,12.94735372691276,1.8744526629801368
QDS,Cape,PDQ,13.731476763702089,2.036714017126725
QDS,Cape,PDQ,14.881767068981064,2.2747476596026637
QDS,Cape,PDQ,16.989710686011833,2.7109518899548006
QDS,Cape,PDQ,19.576613580520505,3.2462688581023404
QDS,Cape,PDQ,23.87502602886381,4.135754553363358
QDS,Cape,PDQ,27.688228888468522,4.92483411180686
QDS,Cape,PDQ,28.592884087043902,5.112037612621785
QDS,Cape,PDQ,30.96977945969671,5.60389698128745
QDS,Cape,PDQ,30.770038783623843,5.562563936526459
QDS,Cape,PDQ,30.611624213172053,5.529782649008995
QDS,Cape,PDQ,25.673707737328105,4.507962122840147
QDS,Cape,PDQ,21.755099503793897,3.6970706574564285
QDS,Cape,PDQ,17.439161115261463,2.8039582573871655
QDS,Cape,PDQ,14.122936401404992,2.117720144899083
QDS,Cape,PDQ,10.7397716119096,1.4176298857321812
QDS,Cape,PDQ,8.448600725151833,0.9435097882168754
QDS,Cape,PDQ,8.58258629127221,0.9712358954408249
QDS,Cape,PDQ,0,-0.8047890500881377
QDS,Cape,PDQ,4.198867112594661,0.06409737666561856
QDS,Cape,PDQ,10.983859012287015,1.4681397550475
QDS,Cape,PDQ,8.797804209902123,1.0157717007609819
QDS,Cape,PDQ,9.367825275473564,1.1337281765334861
QDS,Cape,PDQ,5.760184966705261,0.38718640399296733
QDS,Cape,PDQ,6.388985186636662,0.5173062581315646
QDS,Cape,PDQ,7.717365936931468,0.7921927864596524
QDS,Cape,PDQ,14.674884391741074,2.2319366952725197
QDS,Cape,PDQ,30.63306657545719,5.534219792897452
QDS,Cape,PDQ,26.27207718352971,4.631784829310002
QDS,Cape,PDQ,11.374837643123591,1.549046346367258
QDS,Cape,PDQ,10.901060209314906,1.451005905815137
QDS,Cape,PDQ,12.756798128393752,1.8350203188131904
QDS,Cape,PDQ,11.137689366593436,1.499972414499534
QDS,Cape,PDQ,9.6863055733197,1.1996324313161535
QDS,Cape,PDQ,12.67003846442568,1.8170668346018286
QDS,Cape,PDQ,23.699402827225747,4.099412222912214
QDS,Cape,PDQ,16.497901650754574,2.609180106321041
QDS,Cape,PDQ,18.518486008365795,3.0273067760537375
QDS,Cape,PDQ,20.846096612933028,3.508967473295196
QDS,Cape,PDQ,11.587135011432304,1.5929777918768533
QDS,Cape,PDQ,22.25325510991209,3.8001557594519317
QDS,Cape,PDQ,22.695307793910533,3.891631285287035
QDS,Cape,PDQ,23.85792974725885,4.1322167593260195
QDS,Cape,PDQ,15.347707555773466,2.3711663729824215
QDS,Cape,PDQ,9.763989132519141,1.2157077650574508
QDS,Cape,PDQ,10.411489920651347,1.3496973939344588
QDS,Cape,PDQ,8.517010897250728,0.957666147157201
QDS,Cape,PDQ,13.785320409933856,2.0478560733345486
QDS,Cape,PDQ,2.9448122696355647,-0.19540862870034828
QDS,Cape,PDQ,7.195010542621364,0.6840999366773234
QDS,Cape,PDQ,2.5543859143391177,-0.27620093568869536
QDS,Cape,PDQ,2.9012831515567106,-0.20441626310578823
QDS,Cape,PDQ,2.5707711076646285,-0.27281028966477894
QDS,Cape,PDQ,2.0195290322521626,-0.38688076256562004
QDS,Cape,PDQ,10.667776094028168,1.4027315985045041
QDS,Cape,PDQ,17.44801471386162,2.805790363868585
QDS,Cape,PDQ,8.383068910068426,0.9299490578770853
QDS,Cape,PDQ,5.606806816825179,0.3554473208027268
QDS,Cape,PDQ,2.131207899635328,-0.3637706594300859
QDS,Cape,PDQ,1.558007292392436,-0.4823850890095434
QDS,Cape,PDQ,2.371418419728333,-0.31406304666800966
QDS,Cape,PDQ,4.604667991004075,0.148071188115157
QDS,Cape,PDQ,17.66213196395316,2.850098403954049
QDS,Cape,PDQ,4.600881248445051,0.14728758408032638
QDS,Cape,PDQ,7.95072887203764,0.8404834042343771
QDS,Cape,PDQ,2.9323585475479006,-0.1979857214718907
QDS,Cape,PDQ,2.5789802074739328,-0.271111551598319
QDS,Cape,PDQ,2.767423775194196,-0.23211625743669706
QDS,Cape,PDQ,6.312547199987412,0.5014886751247815
QDS,Cape,PDQ,11.878197672485749,1.6532084180773308
QDS,Cape,PDQ,6.599832584845051,0.5609376561984601
QDS,Cape,PDQ,5.01810141146918,0.23362442849540008
QDS,Cape,PDQ,1.9176071637581664,-0.4079718154017958
QDS,Cape,PDQ,3.123920702912828,-0.15834508693572752
QDS,Cape,PDQ,2.4332118893584167,-0.30127590537874366
QDS,Cape,PDQ,4.0741373147043705,0.03828659830744323
QDS,SWA,PDQ,0.9246711719976514,-0.6134435730785615
QDS,SWA,PDQ,1.191731306479795,-0.5581798746198653
QDS,SWA,PDQ,1.2110261559751678,-0.5541871231506658
QDS,SWA,PDQ,1.578284999956787,-0.47818895124288313
QDS,SWA,PDQ,1.198477798754034,-0.556783799105186
QDS,SWA,PDQ,1.158238611893967,-0.5651106364040962
QDS,SWA,PDQ,1.0338020904151153,-0.590860726036872
QDS,SWA,PDQ,0.9439475235382758,-0.6094546494565818
QDS,SWA,PDQ,0.7693273323558041,-0.645589423405605
QDS,SWA,PDQ,1.1336879492613479,-0.5701909918802932
QDS,SWA,PDQ,1.978208076544667,-0.3954314541193115
QDS,SWA,PDQ,0.8616466894187891,-0.6264854522325108
QDS,SWA,PDQ,1.3146323941167166,-0.5327475177442016
QDS,SWA,PDQ,1.5808577183696595,-0.47765656951970364
QDS,SWA,PDQ,1.6151900003920507,-0.4705520689368538
QDS,SWA,PDQ,0.8161895009329008,-0.6358920690685861
QDS,SWA,PDQ,0.9880130860306635,-0.6003360067107661
QDS,SWA,PDQ,1.165319831931699,-0.5636452944890863
QDS,SWA,PDQ,1.1785561038336652,-0.5609062659158924
QDS,SWA,PDQ,0.9673812980102833,-0.6046054155988916
QDS,SWA,PDQ,0.7238046618713001,-0.655009590663322
QDS,SWA,PDQ,1.0421526760606656,-0.5891327098057557
QDS,SWA,PDQ,1.2818448031976322,-0.5395323699320915
QDS,SWA,PDQ,1.1757267771541613,-0.5614917484955385
QDS,SWA,PDQ,0.8768476197569756,-0.6233398699383578
QDS,SWA,PDQ,0.41743534777006214,-0.7184076767322872
QDS,SWA,PDQ,0.43770450122640125,-0.7142133090974614
QDS,SWA,PDQ,0.6013026918567315,-0.6803593567173566
QDS,SWA,PDQ,1.2173216732718588,-0.552884369483592
QDS,SWA,PDQ,1.5797683605011756,-0.47788199419746114
QDS,SWA,PDQ,1.4747636123980052,-0.4996109982180629
QDS,SWA,PDQ,0.9978757931637389,-0.5982950818305117
QDS,SWA,PDQ,0.9450665471934612,-0.6092230859326279
QDS,SWA,PDQ,0.9093949934828602,-0.6166047267441195
QDS,SWA,PDQ,0.8131405511666091,-0.6365229990305843
QDS,SWA,PDQ,0.7747626950336475,-0.6444646645769447
QDS,SWA,PDQ,1.9823069328675398,-0.3945832632791024
QDS,SWA,PDQ,1.584401300291578,-0.47692328357578573
QDS,SWA,PDQ,1.8388402609821222,-0.4242713292621536
QDS,SWA,PDQ,1.7253204254362526,-0.44776239045274546
QDS,SWA,PDQ,1.2573688891684887,-0.5445972574153187
QDS,SWA,PDQ,1.2353389252033178,-0.5491559957982972
QDS,SWA,PDQ,1.1660918251796752,-0.5634855431950526
QDS,SWA,PDQ,1.1595409427127177,-0.5648411404802645
QDS,SWA,PDQ,1.1549335019989737,-0.5657945744877939
QDS,SWA,PDQ,1.384127123746376,-0.518366727476986
QDS,SWA,PDQ,1.0994382785071615,-0.5772783974211435
QDS,SWA,PDQ,1.6884986388298615,-0.4553820530267644
QDS,SWA,PDQ,1.7307211038904196,-0.4466448089531996
QDS,SWA,PDQ,2.032918343611439,-0.38411006499608774
QDS,SWA,PDQ,1.7260434987956255,-0.4476127623243339
QDS,SWA,PDQ,1.6012698368914764,-0.47343261761808325
QDS,SWA,PDQ,1.7220347479544797,-0.44844230731842566
QDS,SWA,PDQ,1.4404322479094978,-0.50671530893238
QDS,SWA,PDQ,1.0251522700735463,-0.5926506639622957
QDS,SWA,PDQ,1.1142085558078232,-0.5742219316836499
QDS,SWA,PDQ,1.446437094388818,-0.5054727048059071
QDS,SWA,PDQ,0.7263994628186842,-0.6544726393231506
QDS,SWA,PDQ,0.9728175215089045,-0.6034804786375423
QDS,SWA,PDQ,0.4441202088390135,-0.7128856840230935
QDS,SWA,PDQ,0.9802877924477983,-0.6019346290431342
QDS,SWA,PDQ,1.3985222442510947,-0.5153878942625417
QDS,SWA,PDQ,2.367348603731985,-0.31490522809070937
QDS,SWA,PDQ,2.366310608536553,-0.3151200241088165
QDS,SWA,PDQ,1.5731487569607694,-0.47925181217752955
QDS,SWA,PDQ,1.6621167260191616,-0.46084135558107964
QDS,SWA,PDQ,1.575898895175368,-0.4786827163470866
QDS,SWA,PDQ,1.264006366435392,-0.5432237407617909
QDS,SWA,PDQ,1.2485134769189905,-0.5464297392016125
QDS,SWA,PDQ,0.9726684852383529,-0.6035113192402819
QDS,SWA,PDQ,0.8615809573950588,-0.6264990543927342
QDS,SWA,PDQ,1.2586643510465392,-0.5443291829056877
QDS,SWA,PDQ,1.091929976778007,-0.578832116861529
QDS,SWA,PDQ,1.5092747963383526,-0.49246947682839454
QDS,SWA,PDQ,2.72590159394334,-0.24070858930399058
QDS,SWA,PDQ,2.3922765830147714,-0.3097467931451872
QDS,SWA,PDQ,1.358996189294911,-0.5235671606535967
QDS,SWA,PDQ,1.1386871556102893,-0.5691564884238473
QDS,SWA,PDQ,1.47528180212429,-0.49950376738470276
QDS,SWA,PDQ,1.563776873054606,-0.4811911692709588
QDS,SWA,PDQ,1.4083750229117298,-0.5133490239162152
QDS,SWA,PDQ,1.1393694347805434,-0.5690153019813154
QDS,SWA,PDQ,1.2625008671960707,-0.5435352790456797
QDS,SWA,PDQ,1.446235151343838,-0.5055144935946578
QDS,SWA,PDQ,1.401403009917724,-0.5147917672313042
QDS,SWA,PDQ,2.6081654520353355,-0.26507214568694176
QDS,SWA,PDQ,2.6403439806949933,-0.2584133289071923
QDS,SWA,PDQ,2.3888696631823474,-0.31045179911943016
QDS,SWA,PDQ,1.8174414211621013,-0.42869946689292626
QDS,SWA,PDQ,1.4274911160774526,-0.509393263126731
QDS,SWA,PDQ,1.6064612997512977,-0.4723583298416578
QDS,SWA,PDQ,1.2452572172428704,-0.547103568536692
QDS,SWA,PDQ,1.206497952290525,-0.5551241603594311
QDS,SWA,PDQ,1.5460404966790025,-0.48486142038377267
QDS,SWA,PDQ,2.026712132265541,-0.38539433826680897
QDS,SWA,PDQ,2.498699457416636,-0.2877243312324169
QDS,SWA,PDQ,2.478112115511423,-0.2919845427286851
QDS,SWA,PDQ,2.8864801221632823,-0.20747950634971138
QDS,SWA,PDQ,1.8106235590355553,-0.43011031122364235
QDS,SWA,PDQ,1.872413954875475,-0.41732380600464974
QDS,SWA,PDQ,2.180638196440908,-0.35354187323298286
QDS,SWA,PDQ,1.6172762595752006,-0.47012035194312185
QDS,SWA,PDQ,1.4253185585804447,-0.5098428381358637
QDS,SWA,PDQ,0.8368826390871938,-0.6316099647801998
QDS,SWA,PDQ,0.7381732295018462,-0.6520362521290716
QDS,SWA,PDQ,1.6166567294391585,-0.4702485535060047
QDS,SWA,PDQ,2.432669411323694,-0.3013881622776983
QDS,SWA,PDQ,2.9063626868047923,-0.2033651369060481
QDS,SWA,PDQ,2.5044513570650255,-0.2865340702885674
QDS,SWA,PDQ,2.0068812361335606,-0.38949801576299764
QDS,SWA,PDQ,1.8006427591562417,-0.4321756734536754
QDS,SWA,PDQ,0.8362346419156182,-0.631744057127459
QDS,SWA,PDQ,0.9306579714088402,-0.6122047034957456
QDS,SWA,PDQ,1.0822928174052944,-0.5808263683457677
QDS,SWA,PDQ,1.7018818832839362,-0.45261261090338956
QDS,SWA,PDQ,2.11887679179863,-0.3663223792008797
QDS,SWA,PDQ,1.8913390192326847,-0.4134075754823507
QDS,SWA,PDQ,0.7475077061976099,-0.650104635842033
QDS,SWA,PDQ,0.5732514337996916,-0.6861641027894626
QDS,SWA,PDQ,1.1679795414135734,-0.5630949113962331
QDS,SWA,PDQ,1.357046719181329,-0.5239705714012176
QDS,SWA,PDQ,1.5874528240274546,-0.4762918209731549
QDS,SWA,PDQ,0.8203489988821546,-0.6350313294420863
QDS,SWA,PDQ,1.159732845862328,-0.5648014292825827
QDS,SWA,PDQ,1.667927826375739,-0.459638844025239
QDS,SWA,PDQ,1.2892739415639056,-0.5379950320464585
QDS,SWA,PDQ,1.818123739761133,-0.4285582722912581
QDS,SWA,PDQ,1.4909392823979164,-0.49626370959718397
QDS,SWA,PDQ,1.3627982414606619,-0.5227803885476822
QDS,SWA,PDQ,1.5420033526399568,-0.48569684088275794
QDS,SWA,PDQ,1.7895885876823567,-0.4344631522652475
QDS,SWA,PDQ,1.4156278886031721,-0.5118481627588188
QDS,SWA,PDQ,1.7928156714053047,-0.43379536041337946
QDS,SWA,PDQ,1.6582702423430769,-0.4616373220566212
QDS,SWA,PDQ,1.3053705428376117,-0.53466410539683
QDS,SWA,PDQ,1.2415646169087795,-0.547867691387852
QDS,SWA,PDQ,1.2177859516369738,-0.5527882947189313
QDS,SWA,PDQ,1.6359709357730081,-0.4662517964577368
QDS,SWA,PDQ,1.4951041637526632,-0.4954018559635397
QDS,SWA,PDQ,0.9698609718864348,-0.6040922879108774
QDS,SWA,PDQ,0.7348161098508194,-0.6527309527755902
QDS,SWA,PDQ,1.023068401147553,-0.5930818863316578
QDS,SWA,PDQ,1.485608119462988,-0.4973669060043953
QDS,SWA,PDQ,2.0834876846883614,-0.37364557233809853
QDS,SWA,PDQ,1.9735167419865265,-0.39640224857686945
QDS,SWA,PDQ,1.4603383300366326,-0.502596072932214
QDS,SWA,PDQ,1.5552949527279232,-0.48294636305228983
QDS,SWA,PDQ,1.7188406001777323,-0.4491032836184225
QDS,SWA,PDQ,1.1512840130972535,-0.5665497761377298
QDS,SWA,PDQ,0.7160245532844028,-0.656619556058404
QDS,SWA,PDQ,1.1888649143269407,-0.5587730272890455
QDS,SWA,PDQ,1.4287813791569992,-0.5091262644228671
QDS,SWA,PDQ,1.629138883401203,-0.46766557722610785
QDS,SWA,PDQ,1.4729530935530915,-0.4999856552880637
QDS,SWA,PDQ,2.1893470887005,-0.3517397113465724
QDS,SWA,PDQ,2.076976670968282,-0.3749929194424675
QDS,SWA,PDQ,1.4098605998977654,-0.5130416082146817
QDS,SWA,PDQ,0.6659362556316234,-0.666984504698755
QDS,SWA,PDQ,0.4233953111370394,-0.7171743604270432
QDS,SWA,PDQ,0.8038875209977436,-0.6384377612996627
QDS,SWA,PDQ,1.5464872408623447,-0.4847689740293803
QDS,SWA,PDQ,1.8761063730014307,-0.41655972085846377
QDS,SWA,PDQ,2.642281194321903,-0.2580124544377204
QDS,SWA,PDQ,0.7376256039627153,-0.6521495742193247
QDS,SWA,PDQ,1.0927122129852234,-0.5786702459557015
QDS,SWA,PDQ,1.603924249095203,-0.4728833307097385
QDS,SWA,PDQ,1.5466473948506052,-0.4847358327979818
QDS,SWA,PDQ,1.6398459861212504,-0.46544991857965956
QDS,SWA,PDQ,2.01903467764089,-0.3869830611143046
QDS,SWA,PDQ,2.0258337297867564,-0.3855761091994383
QDS,SWA,PDQ,1.7636325787145541,-0.4398343210305496
QDS,SWA,PDQ,1.512820672354866,-0.4917357161593658
QDS,SWA,PDQ,1.1344051004449471,-0.5700425892486665
QDS,SWA,PDQ,0.8546203908237275,-0.6279394290590828
QDS,SWA,PDQ,1.5573702110734275,-0.48251692250081163
QDS,SWA,PDQ,2.170893935052578,-0.3555582877162287
QDS,SWA,PDQ,0.9968365694600371,-0.5985101320681815
QDS,SWA,PDQ,1.1264685054406347,-0.5716849369317365
QDS,SWA,PDQ,1.7549362485051576,-0.44163388340746984
QDS,SWA,PDQ,1.7610764760600333,-0.4403632643960685
QDS,SWA,PDQ,1.5241611043580348,-0.48938900044370975
QDS,SWA,PDQ,1.6118430930787762,-0.4712446563081913
QDS,SWA,PDQ,1.1808215820825154,-0.5604374624868371
QDS,SWA,PDQ,1.447189093045805,-0.5053170910633258
QDS,SWA,PDQ,1.818633971438634,-0.4284526882450876
QDS,SWA,PDQ,1.7800019190635241,-0.4364469555191548
QDS,SWA,PDQ,1.5582371423996415,-0.4823375253343675
QDS,SWA,PDQ,2.042499235955426,-0.38212745704717
QDS,SWA,PDQ,1.530720598166984,-0.48803162118303356
QDS,SWA,PDQ,1.2120236727683138,-0.5539807034715519
QDS,SWA,PDQ,0.35724474944387624,-0.7308631301918498
QDS,SWA,PDQ,0.7241340576557078,-0.6549414276282873
QDS,SWA,PDQ,1.1791287128414756,-0.5607877739080765
QDS,SWA,PDQ,1.9818082821762926,-0.3946864508308152
QDS,SWA,PDQ,2.1778850973690567,-0.3541115817640923
QDS,SWA,PDQ,1.9404501327244814,-0.40324483901760544
QDS,SWA,PDQ,1.7816860404561912,-0.43609845432112826
QDS,SWA,PDQ,1.7029886704005126,-0.4523835795296615
QDS,SWA,PDQ,1.8004572916166097,-0.43221405290781584
QDS,SWA,PDQ,2.25849686614505,-0.33743030325542556
QDS,SWA,PDQ,1.6827479757576909,-0.456572058081522
QDS,SWA,PDQ,1.5083387593281141,-0.49266317427852235
QDS,SWA,PDQ,1.7802637210598715,-0.43639277990582315
QDS,SWA,PDQ,1.3642298666762267,-0.5224841372768879
QDS,SWA,PDQ,1.0789210952926078,-0.5815240907313396
QDS,SWA,PDQ,0.6081441248781383,-0.6789436347779757
QDS,SWA,PDQ,1.1584309454387711,-0.5650708361432144
QDS,SWA,PDQ,1.8607602476646663,-0.41973534886735697
QDS,SWA,PDQ,2.6038950674729495,-0.26595583147260193
QDS,SWA,PDQ,2.752844586862418,-0.2351331804578071
QDS,SWA,PDQ,2.317259077698063,-0.32527043092431596
QDS,SWA,PDQ,1.8988468593655317,-0.4118539515617221
QDS,SWA,PDQ,1.8344510834742778,-0.4251795972922943
QDS,SWA,PDQ,1.0365959547398904,-0.5902825818077518
QDS,SWA,PDQ,2.8739018276766313,-0.21008237732850002
QDS,SWA,PDQ,1.7259809538162196,-0.4476257049781998
QDS,SWA,PDQ,1.5269081789579309,-0.4888205385778959
QDS,SWA,PDQ,1.4880711099645652,-0.49685723066610593
QDS,SWA,PDQ,0.9072978964295844,-0.6170386864566597
QDS,SWA,PDQ,0.6504947795066869,-0.6701798639835856
QDS,SWA,PDQ,1.2148713535264397,-0.5533914228174818
QDS,SWA,PDQ,1.9105442940248052,-0.4094333600234009
QDS,SWA,PDQ,1.888285723763083,-0.4140394047161095
QDS,SWA,PDQ,3.4887390130635034,-0.08285194332793068
QDS,SWA,PDQ,2.548771578452644,-0.27736273007660567
QDS,SWA,PDQ,2.434991851313464,-0.30090757155407
QDS,SWA,PDQ,2.549251567132083,-0.27726340432102053
QDS,SWA,PDQ,1.8273900936721401,-0.4266407528930804
QDS,SWA,PDQ,1.1150803691409321,-0.5740415242662471
QDS,SWA,PDQ,0.9306918187741273,-0.6121976993406985
QDS,SWA,PDQ,1.049147507056897,-0.5876852446807387
QDS,SWA,PDQ,1.4358974622637974,-0.5076537081696333
QDS,SWA,PDQ,1.4553068348316924,-0.5036372580358663
QDS,SWA,PDQ,1.239388964017869,-0.5483179069377963
QDS,SWA,PDQ,0.6227137936533933,-0.6759286816723762
QDS,SWA,PDQ,0.6716983234774937,-0.6657921396138268
QDS,SWA,PDQ,1.6094311213760935,-0.4717437741459264
QDS,SWA,PDQ,2.3471468105239897,-0.3190856566310321
QDS,SWA,PDQ,1.9714872033998203,-0.3968222281769079
QDS,SWA,PDQ,2.462545718119036,-0.2952057524133474
QDS,SWA,PDQ,1.8790836037724838,-0.41594363196188433
QDS,SWA,PDQ,2.1559013498298194,-0.3586607564185435
QDS,SWA,PDQ,3.076442581470916,-0.16816990257823825
QDS,SWA,PDQ,2.590826431093989,-0.2686601706339436
QDS,SWA,PDQ,0.8762259727292785,-0.6234685095571201
QDS,SWA,PDQ,1.0403131278443394,-0.5895133740262858
QDS,SWA,PDQ,0.6875442329127677,-0.6625130895132461
QDS,SWA,PDQ,1.0055293666047547,-0.5967113008008348
QDS,SWA,PDQ,2.001626054843665,-0.3905854890195873
QDS,SWA,PDQ,1.899059435848717,-0.4118099623579836
QDS,SWA,PDQ,1.0706935197423222,-0.583226652048246
QDS,SWA,PDQ,1.3108263062309158,-0.5335351249759439
QDS,SWA,PDQ,2.3511659415618644,-0.31825396362610725
QDS,SWA,PDQ,2.477638282576998,-0.29208259465417613
QDS,SWA,PDQ,2.0176103147018267,-0.38727780957652935
QDS,SWA,PDQ,1.543599218235693,-0.4853666027690297
QDS,SWA,PDQ,2.17633894863069,-0.35443153179263204
QDS,SWA,PDQ,0.7307706006517243,-0.6535681043067395
QDS,SWA,PDQ,2.6073417705332984,-0.2652425930142557
QDS,SWA,PDQ,6.445137937171913,0.5289261454622738
QDS,SWA,PDQ,2.3932209514959033,-0.3095513716343115
QDS,SWA,PDQ,1.7076610263514889,-0.4514167123824283
QDS,SWA,PDQ,1.0486668828888486,-0.58778470194023
QDS,SWA,PDQ,1.071766220999038,-0.5830046741820911
QDS,SWA,PDQ,1.3940956830906803,-0.5163038982241681
QDS,SWA,PDQ,2.1435648030999306,-0.36121360167874755
QDS,SWA,PDQ,2.2747889725454686,-0.33405892003825005
QDS,SWA,PDQ,1.263817889637103,-0.5432627429324717
QDS,SWA,PDQ,1.6002052650230505,-0.4736529132411585
QDS,SWA,PDQ,2.3646093811255366,-0.3154720651157395
QDS,SWA,PDQ,2.7042161502422877,-0.24519603488983904
QDS,SWA,PDQ,1.7452882646595294,-0.4436303748381848
QDS,SWA,PDQ,0.780453486150593,-0.6432870490377024
QDS,SWA,PDQ,1.0214620690237508,-0.5934142903210681
QDS,SWA,PDQ,1.8389980379035815,-0.4242386799255981
QDS,SWA,PDQ,3.7442420851997444,-0.0299797886681276
QDS,SWA,PDQ,4.636912807152515,0.15474372199947817
QDS,SWA,PDQ,2.775773422582012,-0.23038843536257328
QDS,SWA,PDQ,1.498966972166828,-0.4946025113521919
QDS,SWA,PDQ,1.903955216907355,-0.4107968610627678
QDS,SWA,PDQ,0.8215962651470394,-0.6347732282211985
QDS,SWA,PDQ,0.584185275901032,-0.6839015241606636
QDS,SWA,PDQ,0.6797112128827657,-0.6641340040604448
QDS,SWA,PDQ,1.218018762294474,-0.5527401183859155
QDS,SWA,PDQ,1.400371637270378,-0.5150051928221059
QDS,SWA,PDQ,1.1378137959565275,-0.5693372158268535
QDS,SWA,PDQ,2.0748822802386733,-0.3754263191258767
QDS,SWA,PDQ,2.57496692401471,-0.27194203454310534
QDS,SWA,PDQ,1.8553592039339941,-0.42085300595486236
QDS,SWA,PDQ,1.4449815038943485,-0.5057739152966518
QDS,SWA,PDQ,1.7755256952205443,-0.4373732363553858
QDS,SWA,PDQ,1.9889099981485465,-0.39321686761956215
QDS,SWA,PDQ,2.389970179296249,-0.31022406542647174
QDS,SWA,PDQ,0.7443055171260488,-0.6507672761556149
QDS,SWA,PDQ,4.625482454756436,0.1523783987387884
QDS,SWA,PDQ,3.799544896314784,-0.018535782308638053
QDS,SWA,PDQ,2.1902037953272386,-0.3515624300133646
QDS,SWA,PDQ,1.450574465303926,-0.5046165440048663
QDS,SWA,PDQ,1.2747610861530363,-0.5409982285615661
QDS,SWA,PDQ,1.0006972924303454,-0.597711219005109
QDS,SWA,PDQ,0.5757517388386475,-0.6856467058219387
QDS,SWA,PDQ,0.3682165038693033,-0.7285927062316978
QDS,SWA,PDQ,1.0357897371310283,-0.5904494152698656
QDS,SWA,PDQ,1.1368819781124573,-0.5695300401899992
QDS,SWA,PDQ,1.1620023640211636,-0.5643317898606613
QDS,SWA,PDQ,1.9654367034157576,-0.3980742795446343
QDS,SWA,PDQ,2.641888936869017,-0.25809362566021127
QDS,SWA,PDQ,2.2887426700367723,-0.3311714320496793
QDS,SWA,PDQ,1.5178722915595335,-0.49069036672525335
QDS,SWA,PDQ,1.3112432374457181,-0.5334488479246066
QDS,SWA,PDQ,2.0088609005635636,-0.3890883567986553
QDS,SWA,PDQ,1.283088912549104,-0.5392749219824652
QDS,SWA,PDQ,0.34883908213261555,-0.7326025446669244
QDS,SWA,PDQ,0.6285235209706158,-0.6747264542444269
QDS,SWA,PDQ,0.6796650563545441,-0.6641435553941265
QDS,SWA,PDQ,0.9068015243945311,-0.6171414024779848
QDS,SWA,PDQ,1.134132731957655,-0.5700989514233525
QDS,SWA,PDQ,0.9965154981503659,-0.5985765724902078
QDS,SWA,PDQ,0.4609225862725855,-0.7094087086157429
QDS,SWA,PDQ,4.738373963098303,0.17573943795810115
QDS,SWA,PDQ,4.63744651934839,0.1548541649523874
QDS,SWA,PDQ,2.090543799815592,-0.3721854254710371
QDS,SWA,PDQ,1.4810178667265121,-0.4983167832429794
QDS,SWA,PDQ,1.0219427950190498,-0.5933148119901035
QDS,SWA,PDQ,1.828652385503877,-0.42637954237848513
QDS,SWA,PDQ,0.6551708419560845,-0.669212229837521
QDS,SWA,PDQ,0.5142361278664443,-0.698376348836095
QDS,SWA,PDQ,1.1665348249290044,-0.563393871689638
QDS,SWA,PDQ,1.0076702294001234,-0.5962682844884446
QDS,SWA,PDQ,1.2705206783755796,-0.5418757111450663
QDS,SWA,PDQ,2.1831972364341965,-0.35301232203356075
QDS,SWA,PDQ,2.669034778296173,-0.2524762406545946
QDS,SWA,PDQ,2.136173100011685,-0.3627431929498563
QDS,SWA,PDQ,1.0883812478672925,-0.5795664678900481
QDS,SWA,PDQ,1.4315815719668743,-0.5085468106179357
QDS,SWA,PDQ,1.6530835971269044,-0.46271061290100207
QDS,SWA,PDQ,1.0501627448000959,-0.5874751579427356
QDS,SWA,PDQ,0.4628679604688604,-0.7090061454507811
QDS,SWA,PDQ,0.7102092614726923,-0.6578229349668843
QDS,SWA,PDQ,1.3019185335333734,-0.5353784418949972
QDS,SWA,PDQ,1.961249946606148,-0.39894065994354644
QDS,SWA,PDQ,1.2760109160345674,-0.5407395968424159
QDS,SWA,PDQ,0.6924401498382906,-0.661499960102615
QDS,SWA,PDQ,0.34079319087470594,-0.7342675094104298
QDS,SWA,PDQ,0.6047876376043391,-0.6796382045644374
QDS,SWA,PDQ,1.1637352208898506,-0.5639732036581611
QDS,SWA,PDQ,0.7015375212479391,-0.6596174088512856
QDS,SWA,PDQ,0.9882716193904363,-0.6002825074879649
QDS,SWA,PDQ,1.0879994105672395,-0.5796454828334477
QDS,SWA,PDQ,1.938781614336142,-0.4035901114307448
QDS,SWA,PDQ,5.082856256409982,0.24702437765474328
QDS,SWA,PDQ,6.1405986822296645,0.4659067600096325
QDS,SWA,PDQ,2.4815990214177566,-0.29126298495318587
QDS,SWA,PDQ,1.7045450460970448,-0.45206151320048665
QDS,SWA,PDQ,0.8947288732382306,-0.6196396388935117
QDS,SWA,PDQ,0.6520968644046974,-0.6698483388876346
QDS,SWA,PDQ,0.6320196588953466,-0.6740029860546988
QDS,SWA,PDQ,0.773542710222483,-0.6447171203500952
QDS,SWA,PDQ,0.986477646033771,-0.6006537407415462
QDS,SWA,PDQ,1.211870499511618,-0.5540124001554707
QDS,SWA,PDQ,1.3395496699091696,-0.527591297709802
QDS,SWA,PDQ,2.0351782377218877,-0.383642417112548
QDS,SWA,PDQ,2.4213581149610723,-0.30372884885217716
QDS,SWA,PDQ,1.8210500966082581,-0.4279527109157438
QDS,SWA,PDQ,1.229380269161175,-0.5503890415741881
QDS,SWA,PDQ,1.7718519393801904,-0.438133459648787
QDS,SWA,PDQ,1.3009172990809779,-0.5355856308824922
QDS,SWA,PDQ,0.9090736168147602,-0.6166712303550458
QDS,SWA,PDQ,0.565017259616337,-0.6878680295848553
QDS,SWA,PDQ,0.9727702107149965,-0.6034902688275062
QDS,SWA,PDQ,1.256791828146798,-0.5447166706941176
QDS,SWA,PDQ,0.9899238605864308,-0.5999406033718244
QDS,SWA,PDQ,0.4635198472599811,-0.7088712482107885
QDS,SWA,PDQ,1.0520941923567169,-0.5870754766665883
QDS,SWA,PDQ,1.6088690785139212,-0.47186007966384347
QDS,SWA,PDQ,1.74558768976887,-0.4435684137409748
QDS,SWA,PDQ,1.370083224517226,-0.5212728812302934
QDS,SWA,PDQ,0.8680129248047577,-0.6251680646210298
QDS,SWA,PDQ,0.5331384345823535,-0.6944648276330244
QDS,SWA,PDQ,0.6225179193652881,-0.6759692146317962
QDS,SWA,PDQ,0.8732013861538064,-0.6240943979578476
QDS,SWA,PDQ,2.994152457634331,-0.1851984890374346
QDS,SWA,PDQ,2.3633034738902743,-0.315742301120093
QDS,SWA,PDQ,1.2858968682866845,-0.5386938617674394
QDS,SWA,PDQ,1.1534936446132054,-0.566092529270693
QDS,SWA,PDQ,1.029201375554564,-0.5918127682398049
QDS,SWA,PDQ,1.5388115166703755,-0.48635733879231896
QDS,SWA,PDQ,4.1295585703442566,0.04975511481150334
QDS,SWA,PDQ,5.548711074466301,0.34342536329985657
QDS,SWA,PDQ,2.777679787488788,-0.22999394452789818
QDS,SWA,PDQ,1.3369413176002947,-0.5281310532811501
QDS,SWA,PDQ,0.7550948916954867,-0.6485345927043032
QDS,SWA,PDQ,1.245433797678784,-0.5470670281223656
QDS,SWA,PDQ,1.504735577005433,-0.49340879354423
QDS,SWA,PDQ,1.0471297911878503,-0.5881027777639843
QDS,SWA,PDQ,1.0739483359642046,-0.5825531214122589
QDS,SWA,PDQ,1.0979618086566663,-0.5775839285508995
QDS,SWA,PDQ,1.7459121783423284,-0.44350126617246305
QDS,SWA,PDQ,2.2674967152864745,-0.33556793263208307
QDS,SWA,PDQ,1.8527822952736674,-0.42138625478077213
QDS,SWA,PDQ,1.7257728158779306,-0.44766877569813984
QDS,SWA,PDQ,1.6437002381619754,-0.4646523445689393
QDS,SWA,PDQ,1.958239635732282,-0.3995635942228347
QDS,SWA,PDQ,1.6391788600021684,-0.4655879693477024
QDS,SWA,PDQ,1.5552522793665828,-0.48295519360192585
QDS,SWA,PDQ,1.6014370399162676,-0.47339801770461676
QDS,SWA,PDQ,1.5962842780492876,-0.4744642969476735
QDS,SWA,PDQ,1.538223072538229,-0.4864791076184367
QDS,SWA,PDQ,1.0302971024825354,-0.5915860255900346
QDS,SWA,PDQ,0.8443383471368731,-0.6300671287359789
QDS,SWA,PDQ,1.1512108930626925,-0.5665649071251725
QDS,SWA,PDQ,1.2992165267797793,-0.5359375777119305
QDS,SWA,PDQ,1.4831537443089937,-0.49787479853832917
QDS,SWA,PDQ,1.1033361430166093,-0.576471798527974
QDS,SWA,PDQ,0.7774472529752074,-0.6439091395044176
QDS,SWA,PDQ,0.5386600735563702,-0.6933222153451607
QDS,SWA,PDQ,0.39642495979842507,-0.7227554306477725
QDS,SWA,PDQ,0.5777019964352377,-0.6852431321176726
QDS,SWA,PDQ,0.8321814335619792,-0.6325828018718969
QDS,SWA,PDQ,0.9113264010803152,-0.6162050537368637
QDS,SWA,PDQ,2.8932785843052664,-0.2060726765264358
QDS,SWA,PDQ,2.8977717771536007,-0.20514288423389235
QDS,SWA,PDQ,1.2982785167963484,-0.5361316834363812
QDS,SWA,PDQ,2.542650737965678,-0.2786293372534551
QDS,SWA,PDQ,2.3248470309315414,-0.3237002289163421
QDS,SWA,PDQ,1.6287099762411552,-0.46775433250216436
QDS,SWA,PDQ,0.8756303664370735,-0.6235917604743576
QDS,SWA,PDQ,0.858305478886762,-0.6271768607487502
QDS,SWA,PDQ,1.312585039722707,-0.5331711840322757
QDS,SWA,PDQ,2.1227317924486755,-0.36552465027778414
QDS,SWA,PDQ,1.963976507487597,-0.3983764430540663
QDS,SWA,PDQ,1.3359204304452972,-0.5283423090719238
QDS,SWA,PDQ,1.146590601473522,-0.5675210004098189
QDS,SWA,PDQ,1.9407984096963347,-0.40317276883165304
QDS,SWA,PDQ,2.292209288057265,-0.33045407251817355
QDS,SWA,PDQ,1.8725781033911812,-0.4172898381715547
QDS,SWA,PDQ,2.1881575040456096,-0.3519858763078327
QDS,SWA,PDQ,2.5469486247311854,-0.27773996033960313
QDS,SWA,PDQ,2.637285130535476,-0.2590463075925872
QDS,SWA,PDQ,3.116372648123942,-0.1599070326174054
QDS,SWA,PDQ,3.3728736964328547,-0.10682836321745803
QDS,SWA,PDQ,3.534356347751649,-0.07341218687164214
QDS,SWA,PDQ,3.2988675150284195,-0.12214272416146382
QDS,SWA,PDQ,2.4538270384763408,-0.29700993963757016
QDS,SWA,PDQ,1.676630176400046,-0.45783803594672184
QDS,SWA,PDQ,1.444333416321778,-0.5059080263509086
QDS,SWA,PDQ,1.0233638033025214,-0.5930207577186288
QDS,SWA,PDQ,0.9622113841972906,-0.6056752441548184
QDS,SWA,PDQ,0.9409364604790914,-0.6100777393882392
QDS,SWA,PDQ,1.0134185932157527,-0.5950787552269777
QDS,SWA,PDQ,0.8825521394209643,-0.6221594135023057
QDS,SWA,PDQ,0.5817867376759014,-0.6843978621613627
QDS,SWA,PDQ,0.6915410962824653,-0.6616860044356776
QDS,SWA,PDQ,0.8080688972363568,-0.6375724943213428
QDS,SWA,PDQ,1.2240508563924897,-0.5514918758133068
QDS,SWA,PDQ,1.3766787839200336,-0.5199080387886839
QDS,SWA,PDQ,0.8437548870019437,-0.6301878662059197
QDS,SWA,PDQ,1.3229994818155764,-0.5310160866848117
QDS,SWA,PDQ,2.835677085838789,-0.21799235839206932
QDS,SWA,PDQ,2.2478592696162796,-0.3396315787398073
QDS,SWA,PDQ,1.7278782239888772,-0.447233096149032
QDS,SWA,PDQ,1.5707001357162946,-0.47975851403460984
QDS,SWA,PDQ,0.9982284075823237,-0.5982221140813617
QDS,SWA,PDQ,1.1611547174237353,-0.5645071963699506
QDS,SWA,PDQ,1.9117611117183257,-0.4091815596331093
QDS,SWA,PDQ,4.497554775025794,0.12590587137762374
QDS,SWA,PDQ,2.5356898495368947,-0.280069778522905
QDS,SWA,PDQ,1.3221457618437167,-0.5311927499789588
QDS,SWA,PDQ,1.415742765509526,-0.5118243908741649
QDS,SWA,PDQ,2.3689650378905065,-0.31457073365151467
QDS,SWA,PDQ,2.5276464830782976,-0.28173422080075616
QDS,SWA,PDQ,2.543215943955562,-0.27851237717832983
QDS,SWA,PDQ,2.995040377939706,-0.1850147485472759
QDS,SWA,PDQ,3.2053367123509937,-0.14149738406151965
QDS,SWA,PDQ,3.4534387568437825,-0.09015675023602353
QDS,SWA,PDQ,4.409308449799593,0.10764474709246821
QDS,SWA,PDQ,3.7742573075442447,-0.023768632517720996
QDS,SWA,PDQ,3.461246556039247,-0.08854105472534424
QDS,SWA,PDQ,3.496940070272566,-0.08115486954519262
QDS,SWA,PDQ,4.26128137985308,0.07701298180443192
QDS,SWA,PDQ,3.495964057581569,-0.08135683930436952
QDS,SWA,PDQ,1.6994683872830108,-0.4531120441695528
QDS,SWA,PDQ,0.7866023323732444,-0.6420146465348863
QDS,SWA,PDQ,0.6770229811138601,-0.6646902893710621
QDS,SWA,PDQ,0.8860130798605854,-0.6214432288526963
QDS,SWA,PDQ,1.2921803166288015,-0.5373936055718342
QDS,SWA,PDQ,1.2812121875150122,-0.5396632793334231
QDS,SWA,PDQ,1.0317487094463553,-0.5912856394253805
QDS,SWA,PDQ,1.0263136222477351,-0.5924103412481505
QDS,SWA,PDQ,1.3017002053885705,-0.535423621310423
QDS,SWA,PDQ,1.1646083975031374,-0.5637925141323678
QDS,SWA,PDQ,1.3412859411120155,-0.5272320049670546
QDS,SWA,PDQ,1.0199688145173522,-0.5937232947590525
QDS,SWA,PDQ,2.70272643356412,-0.2455043072325112
QDS,SWA,PDQ,5.48860081530996,0.33098653470894157
QDS,SWA,PDQ,3.310765320549004,-0.11968066917192076
QDS,SWA,PDQ,3.139458074678986,-0.15512988362659033
QDS,SWA,PDQ,2.333359319907505,-0.3219387508429743
QDS,SWA,PDQ,2.18090007429406,-0.35348768192233415
QDS,SWA,PDQ,1.941562443525739,-0.4030146646082641
QDS,SWA,PDQ,2.035607216422621,-0.3835536470323243
QDS,SWA,PDQ,2.6381405950268797,-0.2588692832988388
QDS,SWA,PDQ,2.5351565480287936,-0.28018013649074025
QDS,SWA,PDQ,1.9496796407642332,-0.40133494426592337
QDS,SWA,PDQ,1.299137470842322,-0.53595393703676
QDS,SWA,PDQ,2.1953163537384057,-0.3505044702136548
QDS,SWA,PDQ,3.510195173857649,-0.07841194406518692
QDS,SWA,PDQ,3.812090094387826,-0.015939760087809163
QDS,SWA,PDQ,3.641823609494988,-0.05117360619136938
QDS,SWA,PDQ,3.5004690314612086,-0.08042460912133804
QDS,SWA,PDQ,2.7898094094782078,-0.2274839189363171
QDS,SWA,PDQ,2.7219352306586893,-0.24152936289105417
QDS,SWA,PDQ,3.3998071553824207,-0.10125492726931577
QDS,SWA,PDQ,4.934293524631,0.21628176596859985
QDS,SWA,PDQ,2.2123859584370837,-0.34697219652291433
QDS,SWA,PDQ,3.1966934132131226,-0.1432859725311909
QDS,SWA,PDQ,6.287995116472471,0.49640802562037883
QDS,SWA,PDQ,3.9878727225872064,0.02043556106570124
QDS,SWA,PDQ,1.9554286942285617,-0.40014527229301117
QDS,SWA,PDQ,1.073967203954445,-0.5825492169922855
QDS,SWA,PDQ,0.81726065242038,-0.6356704119016622
QDS,SWA,PDQ,1.1243129008005437,-0.5721310038262101
QDS,SWA,PDQ,1.3413649015867142,-0.5272156653966714
QDS,SWA,PDQ,1.617381908502264,-0.47009848963687
QDS,SWA,PDQ,1.2821819412600837,-0.53946260476007
QDS,SWA,PDQ,1.6123835721638895,-0.4711328130589514
QDS,SWA,PDQ,1.323911546531428,-0.5308273499063727
QDS,SWA,PDQ,1.1769452625505774,-0.5612396030015866
QDS,SWA,PDQ,1.2932994388447483,-0.5371620216523532
QDS,SWA,PDQ,1.4331860849749163,-0.5082147830645856
QDS,SWA,PDQ,5.073244530873601,0.24503538928423899
QDS,SWA,PDQ,4.903170386028117,0.2098413447871564
QDS,SWA,PDQ,5.205870947802393,0.27248024295744844
QDS,SWA,PDQ,4.105910928128007,0.04486162454485584
QDS,SWA,PDQ,3.297805955764013,-0.12236239637573101
QDS,SWA,PDQ,2.711312980150678,-0.24372746276906768
QDS,SWA,PDQ,2.526484522199013,-0.2819746694764004
QDS,SWA,PDQ,2.6528464198231827,-0.2558261549460983
QDS,SWA,PDQ,2.637207198631456,-0.2590624343172009
QDS,SWA,PDQ,2.2989693680372776,-0.3290551852514667
QDS,SWA,PDQ,1.7180588785855062,-0.4492650480331496
QDS,SWA,PDQ,2.92060567217984,-0.20041778555222453
QDS,SWA,PDQ,2.9478041305102898,-0.19478951234465638
QDS,SWA,PDQ,4.095406711568508,0.04268794984939946
QDS,SWA,PDQ,3.917117933932641,0.005794022326507243
QDS,SWA,PDQ,3.897950181388279,0.0018275714790357694
QDS,SWA,PDQ,2.320193427284445,-0.3246632155829897
QDS,SWA,PDQ,1.5874196577704813,-0.4762986841840491
QDS,SWA,PDQ,1.6774474975496423,-0.45766890478964073
QDS,SWA,PDQ,2.26819158417735,-0.3354241409541221
QDS,SWA,PDQ,2.0265757960895963,-0.3854225507940401
QDS,SWA,PDQ,3.3252783883376487,-0.11667742870872878
QDS,SWA,PDQ,3.1285511990515786,-0.15738688198753378
QDS,SWA,PDQ,3.388177387701615,-0.10366151624038404
QDS,SWA,PDQ,4.371424105709106,0.09980520573904998
QDS,SWA,PDQ,1.988852441904078,-0.39322877793685784
QDS,SWA,PDQ,1.2002808470013164,-0.5564106879523834
QDS,SWA,PDQ,2.421344736974209,-0.3037316172063287
QDS,SWA,PDQ,1.518130524066213,-0.4906369297590471
QDS,SWA,PDQ,1.211463320474568,-0.5540966591541635
QDS,SWA,PDQ,1.6788798027008696,-0.4573725128173542
QDS,SWA,PDQ,1.6805212154748759,-0.45703284946488554
QDS,SWA,PDQ,2.7242780446200974,-0.24104455610939376
QDS,SWA,PDQ,1.4783180644900067,-0.4988754628713922
QDS,SWA,PDQ,0.9661233123577043,-0.604865735020599
QDS,SWA,PDQ,1.1425132034642487,-0.5683647508052777
QDS,SWA,PDQ,3.9016542644537537,0.002594070492425778
QDS,SWA,PDQ,3.917034933994893,0.005776846855744097
QDS,SWA,PDQ,4.8263805792777434,0.19395095840214563
QDS,SWA,PDQ,5.548924577958249,0.343469544332798
QDS,SWA,PDQ,5.494327048550536,0.3321714844122172
QDS,SWA,PDQ,4.9075619108167,0.21075009854840465
QDS,SWA,PDQ,3.6485726622306864,-0.049777000831341664
QDS,SWA,PDQ,3.1317111383583844,-0.15673298456724782
QDS,SWA,PDQ,3.031917636438253,-0.17738360697835948
QDS,SWA,PDQ,3.2796111942825186,-0.12612750274022452
QDS,SWA,PDQ,4.028777187289818,0.028900066662251298
QDS,SWA,PDQ,4.431924873240049,0.11232484360949846
QDS,SWA,PDQ,5.140878802327504,0.2590311883590425
QDS,SWA,PDQ,4.138181290025108,0.05153944470132565
QDS,SWA,PDQ,3.18500839615727,-0.14570399445090407
QDS,SWA,PDQ,2.0076211835031805,-0.3893448958359472
QDS,SWA,PDQ,1.8938013861430827,-0.4128980291859902
QDS,SWA,PDQ,1.7746682153394886,-0.4375506777008451
QDS,SWA,PDQ,1.3432245654996624,-0.5268308385638723
QDS,SWA,PDQ,1.1663475848094222,-0.5634326179500188
QDS,SWA,PDQ,1.8665871827986251,-0.41852956056501117
QDS,SWA,PDQ,1.5951407213657884,-0.47470093717797174
QDS,SWA,PDQ,4.370566684095437,0.09962777645106728
QDS,SWA,PDQ,6.6620534087170125,0.5738132314129316
QDS,SWA,PDQ,7.111408972140355,0.6667999679242379
QDS,SWA,PDQ,5.283715583955389,0.2885889089226179
QDS,SWA,PDQ,4.2972056576980515,0.08444691971515991
QDS,SWA,PDQ,3.84770525032574,-0.00856978986694894
QDS,SWA,PDQ,4.229300440959147,0.07039505297395542
QDS,SWA,PDQ,5.53031333352472,0.3396182536775678
QDS,SWA,PDQ,7.633449344437721,0.7748276290869566
QDS,SWA,PDQ,8.716757280232315,0.999000372869005
QDS,SWA,PDQ,7.5633162135110545,0.7603147321807555
QDS,SWA,PDQ,6.2062307335946585,0.4794882325977967
QDS,SWA,PDQ,3.357983723086025,-0.10990959808125694
QDS,SWA,PDQ,2.0870216026279103,-0.3729142861962425
QDS,SWA,PDQ,2.0978473596753284,-0.3706740739900451
QDS,SWA,PDQ,2.992939390939147,-0.18544951322036976
QDS,SWA,PDQ,1.7964358167508294,-0.43304623092934147
QDS,SWA,PDQ,4.313756601465996,0.08787186506453652
QDS,SWA,PDQ,4.334028552326703,0.09206681157614516
QDS,SWA,PDQ,2.57603691173229,-0.27172061819920396
QDS,SWA,PDQ,2.9292542898902902,-0.1986280964915129
QDS,SWA,PDQ,4.1091923692504615,0.04554066476571445
QDS,SWA,PDQ,5.527210269647187,0.3389761256910805
QDS,SWA,PDQ,7.062711661489507,0.6567228611453605
QDS,SWA,PDQ,8.028301262772661,0.8565357334920297
QDS,SWA,PDQ,7.583850594045796,0.7645639841932603
QDS,SWA,PDQ,7.4795389962714385,0.7429784162224918
QDS,SWA,PDQ,5.230121886298495,0.27749857545768375
QDS,SWA,PDQ,3.75815715133135,-0.027100294803492873
QDS,SWA,PDQ,2.028829561521315,-0.3849561711396725
QDS,SWA,PDQ,2.6078119107104216,-0.2651453052440977
QDS,SWA,PDQ,2.4489442997897206,-0.2980203420286018
QDS,SWA,PDQ,2.3352433443133584,-0.3215488830071934
QDS,SWA,PDQ,3.20347441836985,-0.1418827551436355
QDS,SWA,PDQ,4.718878744585925,0.17170522341932848
QDS,SWA,PDQ,5.194890875284403,0.27020809770497395
QDS,SWA,PDQ,3.5510147095885887,-0.06996501312121466
QDS,SWA,PDQ,3.8042613720166543,-0.017559785305261488
QDS,SWA,PDQ,3.4881872813414194,-0.08296611512514958
QDS,SWA,PDQ,2.4332519548265066,-0.3012676144896845
QDS,SWA,PDQ,1.3699940851986383,-0.5212913271448542
QDS,SWA,PDQ,1.888141269359977,-0.41406929717680846
QDS,SWA,PDQ,1.7670039142810978,-0.4391366786343386
QDS,SWA,PDQ,3.970317138696378,0.016802721981386503
QDS,SWA,PDQ,7.723724936293604,0.7935086766951215
QDS,SWA,PDQ,2.1935264522647464,-0.35087486085807984
QDS,SWA,PDQ,1.5594540713627107,-0.48208570191867456
QDS,SWA,PDQ,3.0396257876827804,-0.1757885319707115
HDS,Cape,PDQ,1.5167838225057115,-0.6297923502907163
HDS,Cape,PDQ,1.4943181341500225,-0.6330882884196535
HDS,Cape,PDQ,3.575123349750949,-0.32781363400410835
HDS,Cape,PDQ,3.478544889288102,-0.34198264700000597
HDS,Cape,PDQ,1.859491982288159,-0.5795136820816114
HDS,Cape,PDQ,2.1157036998067262,-0.5419248953291206
HDS,Cape,PDQ,2.2619969051100495,-0.5204622387779562
HDS,Cape,PDQ,3.9202182335052864,-0.27718480984083665
HDS,Cape,PDQ,3.6050135651265336,-0.32342844451074554
HDS,Cape,PDQ,1.6088382670067816,-0.6162870550704891
HDS,Cape,PDQ,5.0475621388282,-0.1117923365210624
HDS,Cape,PDQ,2.614434838867166,-0.4687561167325244
HDS,Cape,PDQ,2.6088888036129303,-0.4695697748216715
HDS,Cape,PDQ,3.1331493324963176,-0.39265558286432045
HDS,Cape,PDQ,1.6485128700298275,-0.6104663993761807
HDS,Cape,PDQ,6.255237671305472,0.06538557905650777
HDS,Cape,PDQ,3.5727509523363197,-0.3281616881109788
HDS,Cape,PDQ,2.6690993311374562,-0.4607362963949467
HDS,Cape,PDQ,3.3487926645942525,-0.3610185785019481
HDS,Cape,PDQ,2.127680201222546,-0.5401678244108964
HDS,Cape,PDQ,1.8274888311276147,-0.5842088601009159
HDS,Cape,PDQ,4.2707332848329695,-0.22576079361901866
HDS,Cape,PDQ,4.205697909243437,-0.23530212485897622
HDS,Cape,PDQ,3.108164473158464,-0.39632110823055783
HDS,Cape,PDQ,3.554118801279545,-0.33089520849637083
HDS,Cape,PDQ,3.000588536429139,-0.4121035594961796
HDS,Cape,PDQ,1.7162603236048697,-0.6005271795383057
HDS,Cape,PDQ,7.095328660370002,0.18863521551525908
HDS,Cape,PDQ,3.952688182223774,-0.2724211480143431
HDS,Cape,PDQ,4.143499542563402,-0.24442723890189522
HDS,Cape,PDQ,3.4981977918434577,-0.3390993722990071
HDS,Cape,PDQ,5.147779816924239,-0.09708941439374474
HDS,Cape,PDQ,4.586037468422703,-0.17950255908583876
HDS,Cape,PDQ,5.438899720785424,-0.054379252299574715
HDS,Cape,PDQ,5.341803974413598,-0.06862415624187787
HDS,Cape,PDQ,3.9517746017037494,-0.27255517929004364
HDS,Cape,PDQ,5.784211585899711,-0.003718594830053798
HDS,Cape,PDQ,7.771818443238622,0.2878829409306458
HDS,Cape,PDQ,9.158082876204542,0.4912616101733683
HDS,Cape,PDQ,6.96489209153693,0.16949888397633323
HDS,Cape,PDQ,1.8982572455769722,-0.573826435497888
HDS,Cape,PDQ,6.230241036161847,0.06171832606338332
HDS,Cape,PDQ,6.218416469492627,0.0599835454714781
HDS,Cape,PDQ,7.6351548082529135,0.26783303735070596
HDS,Cape,PDQ,12.022530404591153,0.9115043233132188
HDS,Cape,PDQ,9.37886591126756,0.5236526596691825
HDS,Cape,PDQ,8.406389885950302,0.3809808322774036
HDS,Cape,PDQ,8.841612179426344,0.44483223664658644
HDS,Cape,PDQ,4.994557146770063,-0.11956869180483812
HDS,Cape,PDQ,4.61640684064319,-0.17504707255595292
HDS,Cape,PDQ,6.69616857554989,0.13007449294673712
HDS,Cape,PDQ,7.093615689746716,0.1883839058246034
HDS,Cape,PDQ,11.021689185757413,0.7646710421807189
HDS,Cape,PDQ,9.613077916794708,0.5580138716227114
HDS,Cape,PDQ,9.328552087631286,0.5162711253440426
HDS,Cape,PDQ,8.327280362170164,0.36937468464191453
HDS,Cape,PDQ,9.017288878014703,0.4706057415610949
HDS,Cape,PDQ,16.299542421690838,1.5389841833510407
HDS,Cape,PDQ,15.316010964943587,1.3946904150952626
HDS,Cape,PDQ,18.658988530255737,1.8851382058438377
HDS,Cape,PDQ,8.494473810593911,0.39390361306127286
HDS,Cape,PDQ,6.427407891507272,0.0906446489966867
HDS,Cape,PDQ,7.911194412478136,0.3083307707055902
HDS,Cape,PDQ,10.729630278357519,0.7218231190031831
HDS,Cape,PDQ,11.018027085297977,0.7641337759129262
HDS,Cape,PDQ,10.151421997309502,0.6369942595531342
HDS,Cape,PDQ,12.974522946746642,1.051171021634505
HDS,Cape,PDQ,16.538688151772366,1.5740692213729723
HDS,Cape,PDQ,17.053835576574432,1.6496464310514343
HDS,Cape,PDQ,18.196931880993933,1.8173499367323216
HDS,Cape,PDQ,23.724168593786146,2.628250094382717
HDS,Cape,PDQ,31.534593348242208,3.774116463747142
HDS,Cape,PDQ,31.489343562949443,3.7674778738089496
HDS,Cape,PDQ,28.642915618814882,3.3498788114606355
HDS,Cape,PDQ,27.73122986910363,3.2161255172589462
HDS,Cape,PDQ,20.779706077141295,2.1962683930351
HDS,Cape,PDQ,14.510353149805434,1.2764924649702416
HDS,Cape,PDQ,15.595587302365304,1.435707022103589
HDS,Cape,PDQ,16.030616819365633,1.499530144261846
HDS,Cape,PDQ,11.134062148759398,0.7811572645281455
HDS,Cape,PDQ,7.36288323017811,0.22788811060754774
HDS,Cape,PDQ,8.84208201141736,0.4449011656350452
HDS,Cape,PDQ,9.945926211248434,0.6068460003103648
HDS,Cape,PDQ,10.156090179417525,0.6376791279248063
HDS,Cape,PDQ,16.119042553357986,1.5125030718494774
HDS,Cape,PDQ,22.12480439716511,2.3936075873631064
HDS,Cape,PDQ,16.421330643205465,1.556851717013496
HDS,Cape,PDQ,13.56501196860528,1.1378015869236304
HDS,Cape,PDQ,20.73694782932218,2.1899953362258757
HDS,Cape,PDQ,39.70597831157751,4.972939256998437
HDS,Cape,PDQ,51.959558188610195,6.77066031914703
HDS,Cape,PDQ,42.64183556481138,5.403658481303875
HDS,Cape,PDQ,24.450189770667055,2.7347645639779308
HDS,Cape,PDQ,20.77114839957377,2.1950128973056398
HDS,Cape,PDQ,14.796080891162998,1.3184115436258923
HDS,Cape,PDQ,18.546384729401247,1.8686181173059955
HDS,Cape,PDQ,19.7375013938613,2.0433666835751496
HDS,Cape,PDQ,4.515556876210926,-0.18984275732695072
HDS,Cape,PDQ,8.323009565410189,0.36874811662141677
HDS,Cape,PDQ,6.315250589561937,0.0741900662539891
HDS,Cape,PDQ,4.4850446277888985,-0.19431920520522353
HDS,Cape,PDQ,10.851027778168419,0.7396333299368293
HDS,Cape,PDQ,14.887334760458922,1.331799386565026
HDS,Cape,PDQ,6.625587479800505,0.11971954984508731
HDS,Cape,PDQ,8.475643043076694,0.391140953681578
HDS,Cape,PDQ,14.980698047758546,1.3454967019368835
HDS,Cape,PDQ,4.93827970178835,-0.12782514821862162
HDS,SWA,PDQ,1.0763882115038712,-0.6944027313810404
HDS,SWA,PDQ,1.047883385551962,-0.6985846705776563
HDS,SWA,PDQ,1.2223261505209873,-0.6729921958991303
HDS,SWA,PDQ,1.5999702428171714,-0.6175880817112984
HDS,SWA,PDQ,2.278777539244271,-0.5180003541922245
HDS,SWA,PDQ,1.1260225922647464,-0.6871208780291254
HDS,SWA,PDQ,1.9076923261534555,-0.572442216090529
HDS,SWA,PDQ,2.474613965119933,-0.48926921838819243
HDS,SWA,PDQ,1.7678893144217824,-0.5929526972122873
HDS,SWA,PDQ,1.1456566103290513,-0.6842403738692787
HDS,SWA,PDQ,2.4035938243517516,-0.49968857372573117
HDS,SWA,PDQ,2.479844958984448,-0.4885017799791252
HDS,SWA,PDQ,2.1147153470797515,-0.5420698964252856
HDS,SWA,PDQ,2.01417869443423,-0.5568196152660247
HDS,SWA,PDQ,2.2802190518111263,-0.5177888700766604
HDS,SWA,PDQ,1.2377337871321665,-0.6707317435960637
HDS,SWA,PDQ,2.112767585369235,-0.542355652284894
HDS,SWA,PDQ,3.0828905570689216,-0.4000290410741106
HDS,SWA,PDQ,3.412366773798288,-0.35169162945764104
HDS,SWA,PDQ,2.278757403683834,-0.5180033082775986
HDS,SWA,PDQ,2.3237459012694783,-0.5114030518239132
HDS,SWA,PDQ,1.6512656806371884,-0.6100625349007684
HDS,SWA,PDQ,2.0222440311933454,-0.5556363507906072
HDS,SWA,PDQ,3.113526571622233,-0.3955344354832981
HDS,SWA,PDQ,3.440662576114269,-0.3475403560906493
HDS,SWA,PDQ,2.5432876548521257,-0.4791941105677898
HDS,SWA,PDQ,1.7866616491198843,-0.5901986105036565
HDS,SWA,PDQ,2.167358881769845,-0.534346570503551
HDS,SWA,PDQ,2.2867567395755506,-0.516829726780595
HDS,SWA,PDQ,3.796287617799018,-0.29536665386813105
HDS,SWA,PDQ,2.4917108117947855,-0.48676094230298766
HDS,SWA,PDQ,3.5556921092992826,-0.33066438868757103
HDS,SWA,PDQ,1.6761525472070875,-0.6064113860403896
HDS,SWA,PDQ,1.227624832728242,-0.672214826942368
HDS,SWA,PDQ,2.1278158961195044,-0.5401479166307427
HDS,SWA,PDQ,2.606839990178506,-0.4698703559661565
HDS,SWA,PDQ,3.0592000574888,-0.4035046710936963
HDS,SWA,PDQ,3.3596022245026265,-0.3594327094159462
HDS,SWA,PDQ,1.5082354946718464,-0.6310464743220041
HDS,SWA,PDQ,1.4187219048826378,-0.6441790010878522
HDS,SWA,PDQ,2.743171107229481,-0.44986923604787415
HDS,SWA,PDQ,2.383415120061432,-0.5026489887288249
HDS,SWA,PDQ,2.088884138293091,-0.5458595896057721
HDS,SWA,PDQ,2.125549067135729,-0.5404804828072655
HDS,SWA,PDQ,1.4421103081474034,-0.6407476915782205
HDS,SWA,PDQ,1.9054527710588083,-0.5727707809184317
HDS,SWA,PDQ,2.8019745441765527,-0.44124219169125983
HDS,SWA,PDQ,1.9877642577249617,-0.560694873736902
HDS,SWA,PDQ,1.9551353858126945,-0.5654818511638641
HDS,SWA,PDQ,1.7351049433208197,-0.5977624879043906
HDS,SWA,PDQ,2.6779180019083366,-0.4594425103875872
HDS,SWA,PDQ,3.364369849302115,-0.35873325182033144
HDS,SWA,PDQ,3.050879272814797,-0.40472541229848463
HDS,SWA,PDQ,2.493135444685393,-0.48655193460246454
HDS,SWA,PDQ,2.818859543177981,-0.4387649957498419
HDS,SWA,PDQ,2.4509188760847382,-0.49274552172611713
HDS,SWA,PDQ,1.919508031543156,-0.570708735535755
HDS,SWA,PDQ,2.413240418956024,-0.49827332312369166
HDS,SWA,PDQ,3.579285222718549,-0.32720304617859747
HDS,SWA,PDQ,3.0969683893416238,-0.3979636841873882
HDS,SWA,PDQ,2.347683323929827,-0.5078911957523076
HDS,SWA,PDQ,1.8706121652301704,-0.5778822415319588
HDS,SWA,PDQ,2.361206926958694,-0.5059071497636982
HDS,SWA,PDQ,1.991937551731388,-0.560082610332315
HDS,SWA,PDQ,2.383209921487241,-0.5026790933841541
HDS,SWA,PDQ,3.405530613393617,-0.35269456163477064
HDS,SWA,PDQ,4.925218151307212,-0.1297414065398547
HDS,SWA,PDQ,3.653763833229391,-0.3162762992084439
HDS,SWA,PDQ,3.1009234219525466,-0.39738344188289504
HDS,SWA,PDQ,1.4412115645002952,-0.6408795461382831
HDS,SWA,PDQ,1.1619696160569108,-0.6818470949843962
HDS,SWA,PDQ,1.7781178491718928,-0.5914520702494144
HDS,SWA,PDQ,1.845167444765838,-0.5816152330624543
HDS,SWA,PDQ,3.080222941747484,-0.4004204065605385
HDS,SWA,PDQ,3.774055245363586,-0.2986283622496646
HDS,SWA,PDQ,3.3717167116446185,-0.35765539463032114
HDS,SWA,PDQ,4.989514168367909,-0.12030854649061087
HDS,SWA,PDQ,3.2421842677281703,-0.3766590821238547
HDS,SWA,PDQ,2.2379509977656746,-0.5239900106230216
HDS,SWA,PDQ,0.9132105975720654,-0.718342497260087
HDS,SWA,PDQ,1.896423733074715,-0.5740954298714588
HDS,SWA,PDQ,2.1326637892202793,-0.5394366828833997
HDS,SWA,PDQ,3.5581462982495875,-0.33030433495545924
HDS,SWA,PDQ,3.3743025267714635,-0.3572760300394831
HDS,SWA,PDQ,2.612113744094615,-0.46909664423564845
HDS,SWA,PDQ,2.4439786660030145,-0.4937637190174276
HDS,SWA,PDQ,4.1965881491792905,-0.2366386165375535
HDS,SWA,PDQ,5.453290071122613,-0.05226804592947962
HDS,SWA,PDQ,2.008155324515756,-0.5577033030598137
HDS,SWA,PDQ,1.1742893875178169,-0.6800396629638451
HDS,SWA,PDQ,1.4245617540514277,-0.6433222375986631
HDS,SWA,PDQ,2.4954848321020364,-0.486207256289316
HDS,SWA,PDQ,3.75161418063285,-0.3019206878498837
HDS,SWA,PDQ,3.1465008554296188,-0.390696782723478
HDS,SWA,PDQ,2.6059677497517932,-0.46999832224230564
HDS,SWA,PDQ,1.8175409312737099,-0.5856683151557631
HDS,SWA,PDQ,1.1813350926387354,-0.6790059885094676
HDS,SWA,PDQ,2.3662480447085925,-0.5051675680539687
HDS,SWA,PDQ,0.8556157906846948,-0.7267922236625626
HDS,SWA,PDQ,0.5539596288083501,-0.7710481587585952
HDS,SWA,PDQ,1.1228781219021187,-0.6875822028547621
HDS,SWA,PDQ,1.0028029150366806,-0.705198420367527
HDS,SWA,PDQ,1.5140732946649904,-0.6301900114670995
HDS,SWA,PDQ,3.7109806621605124,-0.30788202590129193
HDS,SWA,PDQ,5.911481531202336,0.014953161794952416
HDS,SWA,PDQ,1.5968772654335284,-0.6180418520088868
HDS,SWA,PDQ,1.3565516875976995,-0.6532999853367877
HDS,SWA,PDQ,1.540219401559476,-0.6263541196274007
HDS,SWA,PDQ,2.817907342932843,-0.4389046929202399
HDS,SWA,PDQ,3.9484437740909106,-0.27304384456289255
HDS,SWA,PDQ,3.6230439592276875,-0.3207832078076953
HDS,SWA,PDQ,3.3404334231598534,-0.362244961692902
HDS,SWA,PDQ,2.852677198098616,-0.4338036121269834
HDS,SWA,PDQ,2.793953431353681,-0.4424189680789157
HDS,SWA,PDQ,2.069409207010458,-0.5487167541651926
HDS,SWA,PDQ,1.3707509733473475,-0.6512168100267337
HDS,SWA,PDQ,1.6425818595500843,-0.6113365371290869
HDS,SWA,PDQ,1.0290119973142013,-0.70135328941782
HDS,SWA,PDQ,0.7267959692579841,-0.7456913624060967
HDS,SWA,PDQ,1.912656241930641,-0.5717139606718734
HDS,SWA,PDQ,2.590854400183214,-0.472215599732778
HDS,SWA,PDQ,0.9401332133066802,-0.7143926839124818
HDS,SWA,PDQ,1.8295573513226073,-0.5839053877802279
HDS,SWA,PDQ,3.2395928361861093,-0.37703927069821663
HDS,SWA,PDQ,2.29643995771408,-0.5154091031447512
HDS,SWA,PDQ,2.432479248781542,-0.49545079697741407
HDS,SWA,PDQ,3.6154203498936246,-0.32190166651176155
HDS,SWA,PDQ,1.9676570289861728,-0.5636448025714064
HDS,SWA,PDQ,3.8501815726737565,-0.28745987896862596
HDS,SWA,PDQ,5.081994671222751,-0.10674074430638068
HDS,SWA,PDQ,4.9563598865661325,-0.12517260673207364
HDS,SWA,PDQ,4.7752996582812735,-0.15173592856712462
HDS,SWA,PDQ,4.438041384340853,-0.2012150447544665
HDS,SWA,PDQ,4.0374225756208535,-0.2599897765109158
HDS,SWA,PDQ,2.686760596725102,-0.4581452144866612
HDS,SWA,PDQ,2.138322811605294,-0.5386064484674329
HDS,SWA,PDQ,1.715399147254673,-0.6006535226052714
HDS,SWA,PDQ,1.2222373723539757,-0.673005220532119
HDS,SWA,PDQ,0.9172593586409938,-0.7177485040660766
HDS,SWA,PDQ,2.27113700435474,-0.5191212960422658
HDS,SWA,PDQ,1.9293619892797516,-0.5692630627163527
HDS,SWA,PDQ,6.5112657492097865,0.10294742406579377
HDS,SWA,PDQ,5.793586767231666,-0.0023431632328347655
HDS,SWA,PDQ,5.250816121316962,-0.08197297198005177
HDS,SWA,PDQ,4.726328101923835,-0.15892053903960987
HDS,SWA,PDQ,3.8083703557630386,-0.2935939970001528
HDS,SWA,PDQ,4.329923516131462,-0.2170770027149262
HDS,SWA,PDQ,5.199708174669147,-0.08947101198582624
HDS,SWA,PDQ,5.86850354345357,0.00864786697008769
HDS,SWA,PDQ,4.554520659053792,-0.18412638596604794
HDS,SWA,PDQ,3.548135552820499,-0.33177301007622223
HDS,SWA,PDQ,3.8786374602951645,-0.28328511950792157
HDS,SWA,PDQ,5.590531366460364,-0.03213339387668078
HDS,SWA,PDQ,3.525364548514311,-0.3351137410673539
HDS,SWA,PDQ,1.7784468056834666,-0.5914038090836716
HDS,SWA,PDQ,1.880267251740296,-0.5764657450835492
HDS,SWA,PDQ,1.4740347241497211,-0.6360640647834312
HDS,SWA,PDQ,1.9814593497729664,-0.5616198659378714
HDS,SWA,PDQ,2.177287339128204,-0.5328899678546206
HDS,SWA,PDQ,1.5703230648709514,-0.6219376152159589
HDS,SWA,PDQ,7.85025789328148,0.29939078213790815
HDS,SWA,PDQ,8.305324417189286,0.3661535308952057
HDS,SWA,PDQ,7.663283578245224,0.27195980542786935
HDS,SWA,PDQ,7.195387269606587,0.20331480067151664
HDS,SWA,PDQ,8.377949541403666,0.3768083531391167
HDS,SWA,PDQ,9.042232088373709,0.4742651566112252
HDS,SWA,PDQ,9.185599825235293,0.4952986180792269
HDS,SWA,PDQ,5.9671968484411435,0.023127148522882432
HDS,SWA,PDQ,2.9795867092413713,-0.4151847347492843
HDS,SWA,PDQ,2.106564696832379,-0.5432656772311358
HDS,SWA,PDQ,7.203359032264672,0.204484336903108
HDS,SWA,PDQ,4.680641618989891,-0.1656231968302353
HDS,SWA,PDQ,5.94808410575232,0.020323120603537418
HDS,SWA,PDQ,7.9378754149246795,0.31224513700007134
HDS,SWA,PDQ,8.744947607524317,0.43065059025298313
HDS,SWA,PDQ,7.198567890608871,0.2037814291526542
HDS,SWA,PDQ,4.535401879786182,-0.18693129951105808
3QDS,Cape,PDQ,3.5652338019210794,-0.5157056474201793
3QDS,Cape,PDQ,3.7957546104438262,-0.4819527461570221
3QDS,Cape,PDQ,2.980616036422544,-0.601305493447149
3QDS,Cape,PDQ,1.2011345931858604,-0.8618575097188672
3QDS,Cape,PDQ,3.0351616427447623,-0.593318915244812
3QDS,Cape,PDQ,3.0902970733860604,-0.585245974851868
3QDS,Cape,PDQ,3.8444425480929882,-0.47482384893203794
3QDS,Cape,PDQ,3.756608679885066,-0.4876845008626884
3QDS,Cape,PDQ,3.683892674717802,-0.49833159236991653
3QDS,Cape,PDQ,3.8983405565081264,-0.4669320921402103
3QDS,Cape,PDQ,4.027590326997578,-0.448007315806252
3QDS,Cape,PDQ,7.655374969115524,0.0831736114779007
3QDS,Cape,PDQ,3.592529179832622,-0.5117090529196966
3QDS,Cape,PDQ,4.26299828771912,-0.41353883677516556
3QDS,Cape,PDQ,6.101631770591503,-0.14432576744653391
3QDS,Cape,PDQ,6.318445241672802,-0.11257989717640002
3QDS,Cape,PDQ,5.060078164692513,-0.29683024739123715
3QDS,Cape,PDQ,6.419278607760075,-0.09781585625798686
3QDS,Cape,PDQ,12.453263915400694,0.7856814367511974
3QDS,Cape,PDQ,7.1977718458575,0.016171273875408856
3QDS,Cape,PDQ,14.6506849462685,1.1074282480857913
3QDS,Cape,PDQ,13.847821791914242,0.9898728701118666
3QDS,Cape,PDQ,4.689079774812544,-0.3511519032220306
3QDS,Cape,PDQ,9.851611332124797,0.4047469635160652
3QDS,Cape,PDQ,11.843244727426507,0.696362309544109
3QDS,Cape,PDQ,13.499534547102972,0.9388765845241736
3QDS,Cape,PDQ,15.032521797236106,1.1633368734803302
3QDS,Cape,PDQ,17.79083148746676,1.5672091105429482
3QDS,Cape,PDQ,21.35478776571701,2.089044276473836
3QDS,Cape,PDQ,25.846690383159878,2.746749524437627
3QDS,Cape,PDQ,30.90150284795013,3.486876140864128
3QDS,Cape,PDQ,30.767667688654242,3.4672799710163753
3QDS,Cape,PDQ,21.161524676137027,2.0607466576071984
3QDS,Cape,PDQ,20.14835822472712,1.9123986303001208
3QDS,Cape,PDQ,13.199426526053237,0.8949347101758817
3QDS,Cape,PDQ,11.330953510277379,0.6213525306819507
3QDS,Cape,PDQ,13.386908984965148,0.922385927984721
3QDS,Cape,PDQ,16.472629812620426,1.3741977669634098
3QDS,Cape,PDQ,21.472156164294915,2.1062293800399816
3QDS,Cape,PDQ,17.366112003758783,1.5050216017883105
3QDS,Cape,PDQ,20.119351330613554,1.908151435267099
3QDS,Cape,PDQ,35.296926503152605,4.130454920560953
3QDS,Cape,PDQ,32.31425129157545,3.693731040571194
3QDS,Cape,PDQ,21.53033625750299,2.114748120513424
3QDS,Cape,PDQ,17.57738855274177,1.5359567548564539
3QDS,Cape,PDQ,16.559706850412063,1.3869476036384765
3QDS,Cape,PDQ,17.080709399965855,1.4632328974721873
3QDS,Cape,PDQ,8.481087937888333,0.20407466368788785
3QDS,Cape,PDQ,12.601041195620859,0.8073190146348311
3QDS,Cape,PDQ,10.78766409762358,0.5418039900528608
3QDS,Cape,PDQ,17.68978981581194,1.5524145694831422
3QDS,Cape,PDQ,12.222064561177335,0.7518291826956305
3QDS,Cape,PDQ,11.227245330234808,0.6061675589495042
3QDS,Cape,PDQ,10.898910264209118,0.5580926752293919
3QDS,Cape,PDQ,7.1206725264155235,0.004882376646311792
3QDS,SWA,PDQ,2.2892538731924152,-0.7025348747864337
3QDS,SWA,PDQ,2.2196622613511203,-0.7127244920200181
3QDS,SWA,PDQ,2.446854131853734,-0.6794590145040912
3QDS,SWA,PDQ,3.2866104416125332,-0.5565017335972564
3QDS,SWA,PDQ,2.6414502157680344,-0.6509662183498197
3QDS,SWA,PDQ,2.161444468031604,-0.7212487525510521
3QDS,SWA,PDQ,3.300612605846628,-0.5544515340083664
3QDS,SWA,PDQ,3.625768468444317,-0.506842149867613
3QDS,SWA,PDQ,3.072481328379883,-0.5878545596732411
3QDS,SWA,PDQ,2.882317793339405,-0.615698341166142
3QDS,SWA,PDQ,2.9144396352914455,-0.6109950548695776
3QDS,SWA,PDQ,3.657363132244852,-0.5022160530977117
3QDS,SWA,PDQ,3.190681934800182,-0.5705476040742372
3QDS,SWA,PDQ,2.3014440341085862,-0.7007499890729822
3QDS,SWA,PDQ,2.419442269151411,-0.6834726647301159
3QDS,SWA,PDQ,3.668273975801267,-0.5006184852789216
3QDS,SWA,PDQ,2.362666832009623,-0.6917857351913027
3QDS,SWA,PDQ,1.4104016759837563,-0.8312165830772735
3QDS,SWA,PDQ,2.8968752993556706,-0.6135668283263528
3QDS,SWA,PDQ,2.68094735769105,-0.6451830392084326
3QDS,SWA,PDQ,2.488818745141132,-0.6733145477294296
3QDS,SWA,PDQ,2.8293995223201915,-0.6234466446194169
3QDS,SWA,PDQ,3.31044761730007,-0.5530114897336766
3QDS,SWA,PDQ,2.8696755273725714,-0.6175494241883456
3QDS,SWA,PDQ,1.9256960656658493,-0.7557670791133729
3QDS,SWA,PDQ,2.1666362951177875,-0.7204885642273241
3QDS,SWA,PDQ,3.2964094574796037,-0.5550669598032685
3QDS,SWA,PDQ,4.1187736313345455,-0.43465623879130927
3QDS,SWA,PDQ,2.6927744080190745,-0.6434513202173602
3QDS,SWA,PDQ,3.1310551725760245,-0.5792781661041511
3QDS,SWA,PDQ,3.566458598177772,-0.5155263125159486
3QDS,SWA,PDQ,4.248533082303138,-0.41565683494325184
3QDS,SWA,PDQ,3.294719614308462,-0.5553143869664442
3QDS,SWA,PDQ,1.9981936294141613,-0.7451519718408562
3QDS,SWA,PDQ,2.2075703030645704,-0.7144949988854921
3QDS,SWA,PDQ,3.8970659831352847,-0.4671187154193922
3QDS,SWA,PDQ,5.13226615380043,-0.28626046809729994
3QDS,SWA,PDQ,5.018414973488391,-0.30293057988630556
3QDS,SWA,PDQ,3.211751874127526,-0.5674625394924583
3QDS,SWA,PDQ,1.702836290604145,-0.788398250378959
3QDS,SWA,PDQ,2.1012597036215674,-0.7300610173686897
3QDS,SWA,PDQ,4.185270421034799,-0.42491976601276565
3QDS,SWA,PDQ,5.110848717107352,-0.28939641331041954
3QDS,SWA,PDQ,3.593295328506026,-0.5115968732831075
3QDS,SWA,PDQ,1.7550475440858861,-0.7807534685699408
3QDS,SWA,PDQ,1.3392018926790659,-0.8416416690868268
3QDS,SWA,PDQ,1.0549831666893503,-0.883257029786573
3QDS,SWA,PDQ,2.9591251579272972,-0.604452192023113
3QDS,SWA,PDQ,4.676242933480014,-0.353031476006823
3QDS,SWA,PDQ,1.454432886052177,-0.8247695248031824
3QDS,SWA,PDQ,2.8728127920156887,-0.6170900652939616
3QDS,SWA,PDQ,5.317800421150796,-0.2590945048728078
3QDS,SWA,PDQ,5.543794451077927,-0.22600441540506777
3QDS,SWA,PDQ,4.020010385430001,-0.44911717231313525
3QDS,SWA,PDQ,3.0377315192986982,-0.5929426334239241
3QDS,SWA,PDQ,2.0726295949182094,-0.7342530434092478
3QDS,SWA,PDQ,1.2548539169397088,-0.853991915969623
3QDS,SWA,PDQ,1.5854560483421491,-0.805585088099614
3QDS,SWA,PDQ,3.324560700203242,-0.5509450494118585
3QDS,SWA,PDQ,3.254007469388725,-0.5612754670810476
3QDS,SWA,PDQ,2.9413547606480988,-0.6070541370215519
3QDS,SWA,PDQ,1.0549831666893503,-0.883257029786573
3QDS,SWA,PDQ,4.973303064848542,-0.30953587425374723
3QDS,SWA,PDQ,5.398854402873492,-0.2472265652295111
3QDS,SWA,PDQ,4.198408417727214,-0.42299609800207055
3QDS,SWA,PDQ,4.925461807599067,-0.31654080037124127
3QDS,SWA,PDQ,4.972913226573497,-0.30959295444919904
3QDS,SWA,PDQ,6.588527113028798,-0.07303445745984564
3QDS,SWA,PDQ,5.906218989713057,-0.17293814452787803
3QDS,SWA,PDQ,4.804275891936118,-0.33428486552557285
3QDS,SWA,PDQ,4.488019677170154,-0.3805911615136078
3QDS,SWA,PDQ,2.8270793452454583,-0.62378636539438
3QDS,SWA,PDQ,1.9562847223217499,-0.7512882821036992
3QDS,SWA,PDQ,2.3725841491058777,-0.6903336397085114
3QDS,SWA,PDQ,2.767783957019339,-0.6324684075795622
3QDS,SWA,PDQ,2.928085782862864,-0.6089969833091307
3QDS,SWA,PDQ,7.500695846564936,0.06052546450852796
3QDS,SWA,PDQ,8.460199556583033,0.20101618286672854
3QDS,SWA,PDQ,9.092112698905584,0.29354102709396823
3QDS,SWA,PDQ,9.080863194869233,0.2918938725423608
3QDS,SWA,PDQ,10.054073693257944,0.4343915414985274
3QDS,SWA,PDQ,8.16903621813738,0.1583839906712131
3QDS,SWA,PDQ,5.151377894013623,-0.28346212340765176
3QDS,SWA,PDQ,2.383751872031605,-0.6886984595629013
3QDS,SWA,PDQ,3.3510079359111047,-0.5470726400564885
3QDS,SWA,PDQ,4.3446244241024345,-0.40158712213606323
3QDS,SWA,PDQ,2.2710237772969086,-0.7052041289449718
3QDS,SWA,PDQ,2.9539413105570858,-0.6052112119552886
3QDS,SWA,PDQ,1.9397831429938308,-0.753704446532892
3QDS,SWA,PDQ,9.783773071814885,0.39481407235201704
3QDS,SWA,PDQ,7.372969616574035,0.041823765268336414
3QDS,SWA,PDQ,10.069386911898887,0.43663370592663747
3QDS,SWA,PDQ,13.019121845389051,0.8685344640430349
3QDS,SWA,PDQ,6.798431556367301,-0.042300208364916936
0.05º,Cape,Surface T,1.227259138223202,1.1974195744966944
0.05º,Cape,Surface T,0.5511056644880113,-0.1729038633409328
0.05º,Cape,Surface T,0.3451640038731575,-0.5902746161801914
0.05º,Cape,Surface T,2.604354030501111,3.9883028285461326
0.05º,Cape,Surface T,1.1176797385620856,0.9753409703148679
0.05º,Cape,Surface T,1.890908375695959,2.542401357387234
0.05º,Cape,Surface T,0.6794135802469062,0.08713080490269896
0.05º,Cape,Surface T,0.9867516339869326,0.7099961080310517
0.05º,Cape,Surface T,1.554433551198258,1.8604861470660938
0.05º,Cape,Surface T,2.342998366013049,3.458627530597606
0.05º,Cape,Surface T,0.906443355119854,0.5472396909471732
0.05º,Cape,Surface T,0.8631614621157015,0.45952263450741176
0.05º,Cape,Surface T,2.1201506899055858,3.006994276462611
0.05º,Cape,Surface T,1.0337535014005539,0.805252234104356
0.05º,Cape,Surface T,1.659685306221263,2.0737941494413854
0.05º,Cape,Surface T,1.380282014040189,1.5075427068958593
0.05º,Cape,Surface T,0.34170539820864104,-0.5972839840063204
0.05º,Cape,Surface T,0.4141140159767487,-0.4505373800423751
0.05º,Cape,Surface T,0.4329139433551177,-0.41243659062557214
0.05º,Cape,Surface T,1.3948129992737803,1.5369918636538131
0.05º,Cape,Surface T,0.6863598402323672,0.10120841188563472
0.05º,Cape,Surface T,0.6079847494553215,-0.05763011813203282
0.05º,Cape,Surface T,1.409087145969511,1.5659204997284577
0.05º,Cape,Surface T,0.6455228758169937,0.018446359123566784
0.05º,Cape,Surface T,2.093767852820141,2.953525616729014
0.05º,Cape,Surface T,0.45094650205757286,-0.3758909855314322
0.05º,Cape,Surface T,1.1681269668361045,1.0775796216907934
0.05º,Cape,Surface T,1.2572561123214807,1.2582128089734843
0.05º,Cape,Surface T,1.3619662309367426,1.4704231063259559
0.05º,Cape,Surface T,0.3762230694747031,-0.5273288986702005
0.05º,Cape,Surface T,0.41222887920597234,-0.45435788411559097
0.05º,Cape,Surface T,0.9834271362864924,0.7032585295153572
0.05º,Cape,Surface T,1.6539028080367946,2.062075075149483
0.05º,Cape,Surface T,0.35288428951825934,-0.5746283335280553
0.05º,Cape,Surface T,2.232864145658271,3.235424501518394
0.05º,Cape,Surface T,0.5573717017670484,-0.16020482668821032
0.05º,Cape,Surface T,0.5076222464294283,-0.2610293396382042
0.05º,Cape,Surface T,0.26272603485838886,-0.7573471603536639
0.05º,Cape,Surface T,0.8200344952796664,0.37211955849894607
0.05º,Cape,Surface T,0.5063634713144565,-0.26358043064049375
0.05º,Cape,Surface T,0.5893221980149596,-0.0954524952135327
0.05º,Cape,Surface T,0.5867992011619473,-0.1005657155925902
0.05º,Cape,Surface T,0.2285893246187369,-0.8265301727157168
0.05º,Cape,Surface T,0.843177801984925,0.4190228383594899
0.05º,Cape,Surface T,0.68629387557486,0.10107472490514538
0.05º,Cape,Surface T,0.49485838779957525,-0.286897157104426
0.05º,Cape,Surface T,0.5959446000622718,-0.08203123348417285
0.05º,Cape,Surface T,0.977789881384663,0.6918338118778535
0.05º,Cape,Surface T,0.7568100944081064,0.24398610696325035
0.05º,Cape,Surface T,0.2845406681190923,-0.7131366306349605
0.05º,Cape,Surface T,1.518266763495515,1.7871888872197643
0.05º,Cape,Surface T,0.469938530967925,-0.33740087439708066
0.05º,Cape,Surface T,1.0383399903170698,0.8145474215193743
0.05º,Cape,Surface T,0.9324183006535994,0.5998816990771015
0.05º,Cape,Surface T,1.1863934277414405,1.1145992636467108
0.05º,Cape,Surface T,0.42441020852784767,-0.42967064708703157
0.05º,Cape,Surface T,1.9144613894940852,2.5901349683099
0.05º,Cape,Surface T,1.127219196320488,0.9946740700597942
0.05º,Cape,Surface T,0.7073874364560689,0.14382389648493366
0.05º,Cape,Surface T,0.7620406681191222,0.25458662596960446
0.05º,Cape,Surface T,0.89982086661825,0.5338182540056066
0.05º,Cape,Surface T,0.5986080852093841,-0.07663329312714398
0.05º,Cape,Surface T,0.8984713144517147,0.531083190094492
0.05º,Cape,Surface T,0.4994014766400407,-0.2776899262609939
0.05º,Cape,Surface T,0.43038065843620643,-0.4175706612677415
0.05º,Cape,Surface T,0.5318379327039477,-0.2119527264811551
0.05º,Cape,Surface T,0.5744952795933121,-0.12550140365417342
0.05º,Cape,Surface T,0.46372004357297986,-0.35000354428815994
0.05º,Cape,Surface T,0.7934555797627669,0.31825351728212936
0.05º,Cape,Surface T,1.1034676833696533,0.946538171709918
0.05º,Cape,Surface T,1.9207069716775549,2.602792549733939
0.05º,Cape,Surface T,0.32810893246187334,-0.6248392009922339
0.05º,Cape,Surface T,0.6275865407891451,-0.01790423468732144
0.05º,Cape,Surface T,1.721189698101463,2.198441752385442
0.05º,Cape,Surface T,0.6155658436214,-0.04226592727334626
0.05º,Cape,Surface T,0.48597698801744826,-0.304896606571162
0.05º,Cape,Surface T,0.8920987654320938,0.5181682918952472
0.05º,Cape,Surface T,0.1550895666908774,-0.9754881310436561
0.05º,Cape,Surface T,0.39050108932461725,-0.4983924130848127
0.05º,Cape,Surface T,0.4442731784071725,-0.3894154473017804
0.05º,Cape,Surface T,0.7768579036552788,0.2846159106333228
0.05º,Cape,Surface T,0.7900496247881202,0.3113508537430437
0.05º,Cape,Surface T,0.6668754538852681,0.06172046673640954
0.05º,Cape,Surface T,0.37174110384895204,-0.5364122544217005
0.05º,Cape,Surface T,0.8827916969256902,0.49930616279690554
0.05º,Cape,Surface T,1.067221011861534,0.8730790157038218
0.05º,Cape,Surface T,0.7174388767852835,0.16419460343562137
0.05º,Cape,Surface T,0.4899588477366403,-0.2968267882365049
0.05º,Cape,Surface T,1.5646126845800015,1.8811156425751876
0.05º,Cape,Surface T,1.4022324346405242,1.5520284294240163
0.05º,Cape,Surface T,0.7030289276204308,0.13499074388940852
0.05º,Cape,Surface T,0.2694589687726976,-0.7437018897064225
0.05º,Cape,Surface T,0.6146559549745518,-0.04410994906282346
0.05º,Cape,Surface T,0.39990944989106936,-0.4793250008823489
0.05º,Cape,Surface T,0.6679024449285672,0.06380181357813734
0.05º,Cape,Surface T,0.9996647300895537,0.7361663769593773
0.05º,Cape,Surface T,1.3999715565238438,1.5474464308190743
0.05º,Cape,Surface T,0.4020960421205662,-0.4748935534411033
0.05º,Cape,Surface T,1.4167734204793192,1.581497853864139
0.05º,Cape,Surface T,0.47240619704672326,-0.33239978988611285
0.05º,Cape,Surface T,0.8316061486322989,0.3955711984292244
0.05º,Cape,Surface T,1.6195660856935206,1.9924867091449643
0.05º,Cape,Surface T,0.998761195836361,0.7343352332736112
0.05º,Cape,Surface T,0.6041479060760113,-0.06540603974482345
0.05º,Cape,Surface T,0.27364439603004104,-0.735219512123684
0.05º,Cape,Surface T,1.3847681294740417,1.5166344728375383
0.05º,Cape,Surface T,1.026207334785757,0.7899588290125205
0.05º,Cape,Surface T,0.6251083272815158,-0.022926695098136794
0.05º,Cape,Surface T,0.4702644638102116,-0.3367403240482389
0.05º,Cape,Surface T,0.3870557976277003,-0.5053747982175727
0.05º,Cape,Surface T,0.8102786855482975,0.35234798998783773
0.05º,Cape,Surface T,0.735603364802652,0.2010075824905351
0.05º,Cape,Surface T,0.6117574437181853,-0.04998420404149536
0.05º,Cape,Surface T,0.6840298959089827,0.09648644055928322
0.05º,Cape,Surface T,1.011295085935621,0.7597369860375457
0.05º,Cape,Surface T,0.8025958605664527,0.33677762682269996
0.05º,Cape,Surface T,0.6792252178649179,0.0867490611168988
0.05º,Cape,Surface T,0.5148105785524043,-0.24646113823170973
0.05º,Cape,Surface T,0.2828812636165452,-0.716499655408215
0.05º,Cape,Surface T,0.44002541757442437,-0.39802415294857435
0.05º,Cape,Surface T,1.126014887436472,0.9922333628028355
0.05º,Cape,Surface T,0.38167695473247754,-0.516275806308314
0.05º,Cape,Surface T,0.8483133623819931,0.42943079905465187
0.05º,Cape,Surface T,1.0917979908012587,0.9228878410379595
0.05º,Cape,Surface T,0.9842840716533298,0.7049952337748241
0.05º,Cape,Surface T,0.7127083333333317,0.15460746853544985
0.05º,Cape,Surface T,1.2140196078431416,1.1705877389881991
0.05º,Cape,Surface T,0.485344347615593,-0.306178744434917
0.05º,Cape,Surface T,0.5809943113047716,-0.11233016986864564
0.05º,Cape,Surface T,0.4252717259743311,-0.42792465657617806
0.05º,Cape,Surface T,0.42153231663036195,-0.435503113933504
0.05º,Cape,Surface T,0.7354520697167699,0.2007009609759423
0.05º,Cape,Surface T,0.5629696199467212,-0.14885983064415056
0.05º,Cape,Surface T,0.43227245219074145,-0.41373666584792435
0.05º,Cape,Surface T,0.5425139191479124,-0.19031628591776456
0.05º,Cape,Surface T,0.27974945533768253,-0.7228467207625228
0.05º,Cape,Surface T,1.0884289518276218,0.916059993148545
0.05º,Cape,Surface T,0.23164003873153483,-0.8203474564932957
0.05º,Cape,Surface T,0.6673030137981092,0.06258697913692907
0.05º,Cape,Surface T,1.2665317114499492,1.2770111607966455
0.05º,Cape,Surface T,0.44005204550962973,-0.3979701875618234
0.05º,Cape,Surface T,0.0844898329702346,-1.118568768177795
0.05º,Cape,Surface T,0.8685711692084068,0.47048619338705416
0.05º,Cape,Surface T,0.691427696078442,0.11147915945289275
0.05º,Cape,Surface T,2.654369402081809,4.089666259470443
0.05º,Cape,Surface T,1.1895243282498251,1.1209444892720064
0.05º,Cape,Surface T,0.5369662309368235,-0.2015594836188354
0.05º,Cape,Surface T,1.6398547567174735,2.0336046542663824
0.05º,Cape,Surface T,0.43649842653109594,-0.40517211369928574
0.05º,Cape,Surface T,0.804391188574199,0.3404161203647513
0.05º,Cape,Surface T,0.631856088114268,-0.009251375542410567
0.05º,Cape,Surface T,0.5848202614379071,-0.10457632500488795
0.05º,Cape,Surface T,1.1005125877511357,0.9405492402847253
0.05º,Cape,Surface T,2.571624001452458,3.9219706603791753
0.05º,Cape,Surface T,0.5211909949164742,-0.23353029571374023
0.05º,Cape,Surface T,0.8095721374969634,0.3509160675141527
0.05º,Cape,Surface T,1.659888646816714,2.07420624875705
0.05º,Cape,Surface T,0.8672706366497146,0.46785047484670267
0.05º,Cape,Surface T,0.6931886952311856,0.11504808057325054
0.05º,Cape,Surface T,0.35618010167030434,-0.5679488904517545
0.05º,Cape,Surface T,1.1781269668360892,1.0978460773264587
0.05º,Cape,Surface T,0.36472948438634806,-0.5506223218990254
0.05º,Cape,Surface T,0.2738059791818096,-0.7348920403460046
0.05º,Cape,Surface T,1.1704793028322469,1.0823469730014004
0.05º,Cape,Surface T,1.4931844589687746,1.7363559460265432
0.05º,Cape,Surface T,0.17009531590412053,-0.9450767959725982
0.05º,Cape,Surface T,0.525541031227312,-0.22471431392301408
0.05º,Cape,Surface T,0.9002523602032461,0.5346927385653476
0.05º,Cape,Surface T,0.6564118857418748,0.0405145227794928
0.05º,Cape,Surface T,0.44502602275480285,-0.38788969864459694
0.05º,Cape,Surface T,1.2278280077462997,1.1985724713919303
0.05º,Cape,Surface T,1.623090050835155,1.9996285374654315
0.05º,Cape,Surface T,0.6726912369886817,0.07350699776162595
0.05º,Cape,Surface T,0.8599455337690516,0.45300508759091573
0.05º,Cape,Surface T,1.1229508593560367,0.9860236638869685
0.05º,Cape,Surface T,0.1582788671023915,-0.9690245495137703
0.05º,Cape,Surface T,0.4336770757685713,-0.41088999170543017
0.05º,Cape,Surface T,1.4802590171871215,1.7101606567825782
0.05º,Cape,Surface T,0.39519486807065124,-0.4888797872127854
0.05º,Cape,Surface T,1.7039560639070526,2.163515284101158
0.05º,Cape,Surface T,0.3899431130476753,-0.49952323323105413
0.05º,Cape,Surface T,0.3462030985233532,-0.5881687396172434
0.05º,Cape,Surface T,0.15736080852095333,-0.9708851288649388
0.05º,Cape,Surface T,0.8238435003631,0.37983906175290083
0.05º,Cape,Surface T,0.34822076978938793,-0.5840796350971921
0.05º,Cape,Surface T,1.4165183974824471,1.58098101263892
0.05º,Cape,Surface T,0.44574618736383326,-0.3864301802346656
0.05º,Cape,Surface T,0.331732026143786,-0.6174964742553883
0.05º,Cape,Surface T,0.713249213265581,0.15570364045056667
0.05º,Cape,Surface T,0.9318851367707706,0.5988011648593109
0.05º,Cape,Surface T,1.1853443476155816,1.1124731500638099
0.05º,Cape,Surface T,0.5464985994397823,-0.18224075128200296
0.05º,Cape,Surface T,1.127225853304272,0.9946875614064468
0.05º,Cape,Surface T,0.8306554103122608,0.3936443888308035
0.05º,Cape,Surface T,0.7570501089324579,0.24447253133421964
0.05º,Cape,Surface T,0.40088598402323644,-0.47734591231571816
0.05º,Cape,Surface T,0.605686879690154,-0.062287085697270456
0.05º,Cape,Surface T,0.43103788428951223,-0.416238697407876
0.05º,Cape,Surface T,1.70307824981838,2.161736266072711
0.05º,Cape,Surface T,0.47875211813120205,-0.31953885707349083
0.05º,Cape,Surface T,0.4622536916001347,-0.3529753200085582
0.05º,Cape,Surface T,1.0513592350520626,0.8409328161025749
0.05º,Cape,Surface T,0.9610560396998267,0.6579202458658031
0.05º,Cape,Surface T,0.39520999757929254,-0.4888491250612185
0.05º,Cape,Surface T,0.6768706124425294,0.0819771104836583
0.05º,Cape,Surface T,1.0986347131445262,0.9367434540443
0.05º,Cape,Surface T,0.14783496732025014,-0.9901906326736128
0.05º,Cape,Surface T,1.424053497942383,1.5962519905571007
0.05º,Cape,Surface T,0.9788501573468883,0.6939826154528569
0.05º,Cape,Surface T,1.4116049382716116,1.5710231723274999
0.05º,Cape,Surface T,0.8731063907044359,0.47967747991178705
0.05º,Cape,Surface T,1.250448438634717,1.2444160672979747
0.05º,Cape,Surface T,0.7569910433309006,0.2443528262948639
0.05º,Cape,Surface T,1.2164282256112022,1.1754691535021744
0.05º,Cape,Surface T,1.2289578794480904,1.2008623208637672
0.05º,Cape,Surface T,0.160291696925703,-0.9649452568821353
0.05º,Cape,Surface T,0.49321169208423676,-0.29023442567046587
0.05º,Cape,Surface T,0.9331166787702677,0.6012970639889414
0.05º,Cape,Surface T,0.551830670539813,-0.17143453304248774
0.05º,Cape,Surface T,1.0733823529411919,0.8855658702685499
0.05º,Cape,Surface T,1.825899903171123,2.410652224950335
0.05º,Cape,Surface T,1.421223069474719,1.5905157152601084
0.05º,Cape,Surface T,1.3377874606632645,1.4214213088186418
0.05º,Cape,Surface T,1.72473311546842,2.205623003472061
0.05º,Cape,Surface T,0.6180174291938935,-0.03729743224914101
0.05º,Cape,Surface T,0.5516000968288431,-0.1719018242309007
0.05º,Cape,Surface T,0.8037030228758226,0.339021452405136
0.05º,Cape,Surface T,0.5753567538126371,-0.12375550074944897
0.05º,Cape,Surface T,0.31718409586057483,-0.6469799726229787
0.05º,Cape,Surface T,1.2051059065601573,1.152522825828054
0.05º,Cape,Surface T,0.5644928588719532,-0.14577276523407257
0.05º,Cape,Surface T,0.7078637133865615,0.144789141013147
0.05º,Cape,Surface T,0.3965492616799666,-0.4861349114131393
0.05º,Cape,Surface T,0.46548414427497975,-0.34642833742676177
0.05º,Cape,Surface T,1.135850278382956,1.0121662142305006
0.05º,Cape,Surface T,1.1712496974098485,1.0839082897542949
0.05º,Cape,Surface T,1.8211189784555775,2.400962985085815
0.05º,Cape,Surface T,0.7768343016218687,0.28456807767702097
0.05º,Cape,Surface T,0,-1.289799713333661
0.05º,Cape,Surface T,0.3803352699104228,-0.5189949259006399
0.05º,Cape,Surface T,0.28784071653353116,-0.7064486021562729
0.05º,Cape,Surface T,1.4390565238441075,1.6266578064409511
0.05º,Cape,Surface T,0.9228057889822432,0.5804005449435861
0.05º,Cape,Surface T,0.46003086419753775,-0.3574802033026123
0.05º,Cape,Surface T,1.869721617041863,2.499463306954489
0.05º,Cape,Surface T,0.7011534737351831,0.13118986359319185
0.05º,Cape,Surface T,0.9648359961268511,0.6655808777891188
0.05º,Cape,Surface T,0.49124523420479704,-0.29421973880777896
0.05º,Cape,Surface T,0.5706227305737015,-0.13334968794447333
0.05º,Cape,Surface T,1.6555694747034597,2.0654528177554297
0.05º,Cape,Surface T,0.3807056402808055,-0.5182443164326263
0.05º,Cape,Surface T,1.0770939239893538,0.8930879092671807
0.05º,Cape,Surface T,0.2580501089324609,-0.7668236048870261
0.05º,Cape,Surface T,0.3561456063907258,-0.5680188001570764
0.05º,Cape,Surface T,1.2886395545872409,1.3218159230109312
0.05º,Cape,Surface T,0.7526839748245872,0.2356239250145532
0.05º,Cape,Surface T,0.432411038489445,-0.41345580054048525
0.05º,Cape,Surface T,0.6557870370370367,0.039248175923930345
0.05º,Cape,Surface T,0.4501730815783339,-0.3774584347144557
0.05º,Cape,Surface T,0.860655410312265,0.45444375573790136
0.05º,Cape,Surface T,1.5792979908012639,1.9108775532781708
0.05º,Cape,Surface T,1.1372264584845704,1.01495524352811
0.05º,Cape,Surface T,0.9994795449043181,0.7357910722252808
0.05º,Cape,Surface T,0.44544008714601657,-0.3870505368831115
0.05º,Cape,Surface T,0.4507162309368387,-0.37635766347668625
0.05º,Cape,Surface T,0.40421205519243764,-0.47060514493653965
0.05º,Cape,Surface T,0.6446713870733637,0.016720693238859437
0.05º,Cape,Surface T,0.1805383079157631,-0.9239125525418096
0.05º,Cape,Surface T,2.0765159767610726,2.91856217865065
0.05º,Cape,Surface T,1.3768694020818215,1.500626552010249
0.05º,Cape,Surface T,0.6027862503025732,-0.06816563337717091
0.05º,Cape,Surface T,0.9140698378116731,0.562695868260189
0.05º,Cape,Surface T,0.5538519728879187,-0.16733806960606662
0.05º,Cape,Surface T,0.5514043209876623,-0.17229859247088386
0.05º,Cape,Surface T,0.4904466230936906,-0.2958382404731203
0.05º,Cape,Surface T,1.2068976034858339,1.1561539604537379
0.05º,Cape,Surface T,1.3685269910433249,1.4837194416896056
0.05º,Cape,Surface T,2.1954786220043587,3.159657295863465
0.05º,Cape,Surface T,0.9420334059549746,0.6193681095793886
0.05º,Cape,Surface T,0.9517034313725503,0.638965823691524
0.05º,Cape,Surface T,0.7029018397482029,0.13473318181697427
0.05º,Cape,Surface T,0.7705785524086272,0.27188989128720065
0.05º,Cape,Surface T,1.0916588857765126,0.9226059244566875
0.05º,Cape,Surface T,1.3869832516339784,1.5211237403357387
0.05º,Cape,Surface T,1.1625206971677584,1.0662177001392648
0.05º,Cape,Surface T,0.4488307915758835,-0.3801787807929457
0.05º,Cape,Surface T,0.6295769789396799,-0.013870322039980345
0.05º,Cape,Surface T,0.5136734446865098,-0.2487657055362097
0.05º,Cape,Surface T,0.5250193657709966,-0.22577154490572315
0.05º,Cape,Surface T,0.6027916969256921,-0.06815459500259041
0.05º,Cape,Surface T,2.462824376664249,3.7014723834841097
0.05º,Cape,Surface T,0.8308641975308623,0.3940675265211123
0.05º,Cape,Surface T,2.7127275478092465,4.207937536607104
0.05º,Cape,Surface T,0.5781061313414365,-0.1181834869781295
0.05º,Cape,Surface T,0.9687575647542985,0.673528507450169
0.05º,Cape,Surface T,2.6861625514403236,4.1540997045697825
0.05º,Cape,Surface T,0.2235160977971241,-0.836811805346721
0.05º,Cape,Surface T,0.38091019123697833,-0.5178297641447747
0.05º,Cape,Surface T,0.6254901960784119,-0.0221527823950415
0.05º,Cape,Surface T,0.4167447349310136,-0.44520584514471556
0.05º,Cape,Surface T,0.32686213991769997,-0.6273660075705745
0.05º,Cape,Surface T,0.7625944081336102,0.25570886071333765
0.05º,Cape,Surface T,0.5989699074074082,-0.07590000777471752
0.05º,Cape,Surface T,0.476960179133376,-0.3231704822936224
0.05º,Cape,Surface T,0.49498910675379193,-0.2866322361157883
0.05º,Cape,Surface T,0.6212248850157683,-0.030797056137392684
0.05º,Cape,Surface T,1.1148474945533735,0.9696010155596648
0.05º,Cape,Surface T,0.5414675623335812,-0.19243688031343972
0.05º,Cape,Surface T,0.4804272573226803,-0.31614394366271975
0.05º,Cape,Surface T,0.9410675381263078,0.6174106378294264
0.05º,Cape,Surface T,0.21134592108448816,-0.8614764399892433
0.05º,Cape,Surface T,2.0444668361172185,2.853609929948563
0.05º,Cape,Surface T,0.6113937303316624,-0.0507213221627028
0.05º,Cape,Surface T,1.7285682189542513,2.213395398937451
0.05º,Cape,Surface T,0.638097918179628,0.003398601668107
0.05º,Cape,Surface T,0.8670255386104802,0.46735374799284857
0.05º,Cape,Surface T,0.4706172839506103,-0.33602528267596177
0.05º,Cape,Surface T,0.43816146211570917,-0.4018017300096709
0.05º,Cape,Surface T,0.46462872185909987,-0.34816197547088273
0.05º,Cape,Surface T,0.465635439360925,-0.34612171591204094
0.05º,Cape,Surface T,0.5015347373517329,-0.2733665629037055
0.05º,Cape,Surface T,1.7730501089324155,2.3035444239208904
0.05º,Cape,Surface T,2.672946017913312,4.127314475531495
0.05º,Cape,Surface T,0.6067647058823127,-0.0601027140266329
0.05º,Cape,Surface T,0.3674951585572457,-0.5450172806102966
0.05º,Cape,Surface T,0.7649761710239673,0.2605358499085546
0.05º,Cape,Surface T,2.711985294117644,4.206433251455974
0.05º,Cape,Surface T,0.1891557734204778,-0.9064480043074651
0.05º,Cape,Surface T,0.31774146695715266,-0.6458503789628373
0.05º,Cape,Surface T,0.30507867344468625,-0.6715133732572758
0.05º,Cape,Surface T,0.8885699588477299,0.5110166516863509
0.05º,Cape,Surface T,0.43953159041394785,-0.39902496557252426
0.05º,Cape,Surface T,0.4119166061486226,-0.45499075092189123
0.05º,Cape,Surface T,0.1617864923747321,-0.9619158363169164
0.05º,Cape,Surface T,0.5843349068022248,-0.10555996682405151
0.05º,Cape,Surface T,1.222759622367467,1.1883006506494578
0.05º,Cape,Surface T,0.6360887194383622,-6.733320472090769e-4
0.05º,Cape,Surface T,0.40371943839265767,-0.47160350458835365
0.05º,Cape,Surface T,1.5211982570806033,1.7931299856886165
0.05º,Cape,Surface T,1.8961722343258316,2.5530693331267225
0.05º,Cape,Surface T,0.2802632534495236,-0.7218054340985897
0.05º,Cape,Surface T,1.176826797385695,1.0952110946779285
0.05º,Cape,Surface T,0.9646111111111054,0.6651251155696445
0.05º,Cape,Surface T,0.8211074800290576,0.37429411828107767
0.05º,Cape,Surface T,1.8766757443718172,2.513556858256239
0.05º,Cape,Surface T,0.7621441539578768,0.25479635508560883
0.05º,Cape,Surface T,0.8013955458726767,0.3343450143736713
0.05º,Cape,Surface T,0.33915335269911867,-0.6024560757162218
0.05º,Cape,Surface T,1.6713931251512943,2.09752174873501
0.05º,Cape,Surface T,0.14778867102398863,-0.990284458857041
0.05º,Cape,Surface T,0.9387636165577291,0.6127414054036538
0.05º,Cape,Surface T,0.2007854030501221,-0.8828788670125884
0.05º,Cape,Surface T,0.4311318082788375,-0.4160483467715972
0.05º,Cape,Surface T,0.4561721132897446,-0.3653005237108116
0.05º,Cape,Surface T,0.37399903171144744,-0.5318362349363139
0.05º,Cape,Surface T,0.3776343500363232,-0.524468733181041
0.05º,Cape,Surface T,1.4334229000242102,1.6152404477195361
0.05º,Cape,Surface T,1.127616799806238,0.9954798714002493
0.05º,Cape,Surface T,0.47471314451707436,-0.3277244250299376
0.05º,Cape,Surface T,0.6037369886226114,-0.06623882377874978
0.05º,Cape,Surface T,0.6486940208181977,0.024873146071692852
0.05º,Cape,Surface T,1.7181983781166283,2.192379407008959
0.05º,Cape,Surface T,0.8330569172113229,0.3985113921336697
0.05º,Cape,Surface T,0.6882522391672725,0.10504363379156453
0.05º,Cape,Surface T,1.4310628695922756,1.6104575025147665
0.05º,Cape,Surface T,0.6132716049382528,-0.046915535922316294
0.05º,Cape,Surface T,0.9184477124182612,0.571568268409495
0.05º,Cape,Surface T,0.607765068990558,-0.058075332571348705
0.05º,Cape,Surface T,0.5499515855725134,-0.17524277225503587
0.05º,Cape,Surface T,0.42162914548535785,-0.435306876164101
0.05º,Cape,Surface T,0.824592108448308,0.3813562250076401
0.05º,Cape,Surface T,0.16766279351244545,-0.9500066566859703
0.05º,Cape,Surface T,0.16947167755993178,-0.9463406898561203
0.05º,Cape,Surface T,0.38680525296537227,-0.5058825634459558
0.05º,Cape,Surface T,0.668208061002133,0.06442118903778511
0.05º,Cape,Surface T,0.5413398692810207,-0.19269566887191
0.05º,Cape,Surface T,0.7510288065843409,0.23226948564349675
0.05º,Cape,Surface T,0.5209791817961913,-0.23395956583426752
0.05º,Cape,Surface T,1.0642053982086344,0.8669674356727328
0.05º,Cape,Surface T,0.6382407407407413,0.0036880523779649426
0.05º,Cape,Surface T,0.6256893004115164,-0.0217492684816679
0.05º,Cape,Surface T,0.20764705882352372,-0.8689727227806819
0.05º,Cape,Surface T,0.5751748971193441,-0.12412405981011658
0.05º,Cape,Surface T,0.49143004115227185,-0.2938452006275623
0.05º,Cape,Surface T,0.73071350762528,0.19109757513552497
0.05º,Cape,Surface T,2.280480513192919,3.3319260015357903
0.05º,Cape,Surface T,0.5154490438150169,-0.24516719543974264
0.05º,Cape,Surface T,0.5329653836843451,-0.20966778295359056
0.05º,Cape,Surface T,0.5302608327281431,-0.21514894915042546
0.05º,Cape,Surface T,0.8715885984023165,0.4766014528762767
0.05º,Cape,Surface T,0.9852541757443558,0.7069612909271028
0.05º,Cape,Surface T,0.9019214475913739,0.538075387115707
0.05º,Cape,Surface T,0.5975006051803449,-0.07887776261473839
0.05º,Cape,Surface T,0.2539215686274474,-0.7751906927802001
0.05º,Cape,Surface T,0.9836328976034692,0.7036755347755624
0.05º,Cape,Surface T,2.5646120793996627,3.9077599796587816
0.05º,Cape,Surface T,0.5786964415395914,-0.11698713743390891
0.05º,Cape,Surface T,0.6131045751633906,-0.04725404607452496
0.05º,Cape,Surface T,0.378694020818197,-0.5223211560921122
0.05º,Cape,Surface T,0.5955936819172065,-0.08274242018604547
0.05º,Cape,Surface T,0.27177620430890354,-0.7390056745872248
0.05º,Cape,Surface T,0.502142943597183,-0.2721339444146287
0.05º,Cape,Surface T,0.44961934156377636,-0.37858066945832974
0.05º,Cape,Surface T,0.5038120309852351,-0.2687512958644229
0.05º,Cape,Surface T,1.5629520697167751,1.8777501648298323
0.05º,Cape,Surface T,1.7570515613652953,2.271121038470428
0.05º,Cape,Surface T,1.1326797385620908,1.005740653768423
0.05º,Cape,Surface T,1.1644831759863652,1.0701949491305935
0.05º,Cape,Surface T,1.011928709755504,0.761021116941084
0.05º,Cape,Surface T,0.7870576131687383,0.3052871066684746
0.05º,Cape,Surface T,0.6268815056887055,-0.019333090945788278
0.05º,Cape,Surface T,0.7225689905592011,0.17459152575613895
0.05º,Cape,Surface T,0.63129932219802265,-0.010379742716515926
0.05º,Cape,Surface T,0.4339403292181348,-0.4103564702697779
0.05º,Cape,Surface T,0.8050236020334106,0.3416977982962042
0.05º,Cape,Surface T,0.781690268700067,0.29440940181289166
0.05º,Cape,Surface T,0.39542786250303963,-0.488407590080049
0.05º,Cape,Surface T,0.7698033163882896,0.27031876264586413
0.05º,Cape,Surface T,0.38141067538126094,-0.5168154601741274
0.05º,Cape,Surface T,1.4158835633018423,1.579694428763195
0.05º,Cape,Surface T,0.8823468893730441,0.49840469554369304
0.05º,Cape,Surface T,0.8394982298474858,0.41156564981131427
0.05º,Cape,Surface T,1.103283103364788,0.9461640934619343
0.05º,Cape,Surface T,0.7184719196320467,0.16628821513799136
0.05º,Cape,Surface T,0.5504369402081579,-0.17425913043594904
0.05º,Cape,Surface T,0.47303013798112187,-0.3311352827594844
0.05º,Cape,Surface T,0.16515068990560167,-0.9550978003160076
0.05º,Cape,Surface T,1.5215857454092705,1.7939152871908448
0.05º,Cape,Surface T,0.8118288549988001,0.35548963402747996
0.05º,Cape,Surface T,1.8547282740255722,2.4690771148474453
0.05º,Cape,Surface T,0.25384410554345826,-0.7753476829957071
0.05º,Cape,Surface T,2.827673081578237,4.440891392672173
0.05º,Cape,Surface T,0.7891745340111306,0.3095773549021369
0.05º,Cape,Surface T,0.9433720648752847,0.6220810967413679
0.05º,Cape,Surface T,1.2450254175744502,1.2334255257250404
0.05º,Cape,Surface T,0.3307720588235483,-0.6194419877661199
0.05º,Cape,Surface T,0.7124267731784167,0.1540368458966134
0.05º,Cape,Surface T,0.45839264100701865,-0.3608003010638148
0.05º,Cape,Surface T,0.5560826676349393,-0.1628172419933391
0.05º,Cape,Surface T,0.4121877269425972,-0.4544412851675911
0.05º,Cape,Surface T,0.4781130476882127,-0.32083402635158365
0.05º,Cape,Surface T,0.8208974824497406,0.3738685276185944
0.05º,Cape,Surface T,1.0608884047446168,0.860245065584492
0.05º,Cape,Surface T,0.37053497942386887,-0.5388566411369082
0.05º,Cape,Surface T,0.737129629629616,0.20410078033093418
0.05º,Cape,Surface T,1.573369038973624,1.8988616693600662
0.05º,Cape,Surface T,0.6209810729847547,-0.03129117670839139
0.05º,Cape,Surface T,1.2457903655289013,1.2349758041032903
0.05º,Cape,Surface T,0.5152078794480701,-0.24565595013410638
0.05º,Cape,Surface T,0.3520273541515419,-0.5763650377872791
0.05º,Cape,Surface T,0.40251210360685896,-0.4740503442757359
0.05º,Cape,Surface T,0.662320866618245,0.05248993265780623
0.05º,Cape,Surface T,0.9767780198499167,0.6897831271875131
0.05º,Cape,Surface T,0.5677741466957147,-0.13912275782325131
0.05º,Cape,Surface T,0.5720394577584152,-0.1304784840807847
0.05º,Cape,Surface T,2.4664887436456158,3.7088987565701874
0.05º,Cape,Surface T,1.675895666908736,2.1066468050125162
0.05º,Cape,Surface T,1.888917937545399,2.5383674447398414
0.05º,Cape,Surface T,1.2425169450495952,1.2283417410112065
0.05º,Cape,Surface T,1.0876815541031104,0.9145452828659419
0.05º,Cape,Surface T,0.18881445170660527,-0.9071397424446348
0.05º,Cape,Surface T,1.403763011377363,1.5551303659774334
0.05º,Cape,Surface T,0.6646774388767969,0.05726586937083174
0.05º,Cape,Surface T,0.601415516824021,-0.07094362430031513
0.05º,Cape,Surface T,0.6539711934156066,0.03556810450442288
0.05º,Cape,Surface T,0.7462572621641262,0.22259925631289323
0.05º,Cape,Surface T,0.4877493343016302,-0.30130468883721556
0.05º,Cape,Surface T,0.37568203824739993,-0.5284253772067671
0.05º,Cape,Surface T,0.8273317598643959,0.3869085273957819
0.05º,Cape,Surface T,0.6639233841684763,0.05573766774152505
0.05º,Cape,Surface T,0.5452729363350133,-0.1847247359757141
0.05º,Cape,Surface T,0.5612527233115353,-0.15233937159295777
0.05º,Cape,Surface T,0.9981681190994828,0.7331332769359605
0.05º,Cape,Surface T,0.7565046296296387,0.243367038125142
0.05º,Cape,Surface T,0.8601978939723836,0.45351653227742
0.05º,Cape,Surface T,1.3186903897361428,1.382718314747016
0.05º,Cape,Surface T,1.1247633744855787,0.9896969896331578
0.05º,Cape,Surface T,1.0349128540305135,0.8076018309684764
0.05º,Cape,Surface T,1.6736976519002584,2.1021922076469255
0.05º,Cape,Surface T,0.9901349552166354,0.71685290099136
0.05º,Cape,Surface T,0.7247343258291039,0.17897989287452837
0.05º,Cape,Surface T,0.3339099945533732,-0.6130825042405036
0.05º,Cape,Surface T,0.5076125635439566,-0.26104896341508804
0.05º,Cape,Surface T,1.3039802711207358,1.352906118115518
0.05º,Cape,Surface T,0.8934307673687082,0.5208677877107529
0.05º,Cape,Surface T,0.914147906076001,0.5628540849617449
0.05º,Cape,Surface T,0.6036673928831091,-0.06637986967545541
0.05º,Cape,Surface T,0.34341382231905804,-0.5938216138622484
0.05º,Cape,Surface T,0.985771604938293,0.7080099365074569
0.05º,Cape,Surface T,0.3939251997095362,-0.4914529549640439
0.05º,Cape,Surface T,3.889007352941178,6.5918397851942965
0.05º,Cape,Surface T,0.1390093197772823,-1.008077092112198
0.05º,Cape,Surface T,0.9448959089808745,0.6251693886375332
0.05º,Cape,Surface T,0.5216612200435975,-0.23257731604597695
0.05º,Cape,Surface T,0.6899981844589687,0.10858204607121583
0.05º,Cape,Surface T,1.3412993221979959,1.428538607417876
0.05º,Cape,Surface T,1.203396358543419,1.1490581779242224
0.05º,Cape,Surface T,0.7968058581457298,0.32504334410368435
0.05º,Cape,Surface T,0.24789881384654994,-0.7873966820373738
0.05º,Cape,Surface T,0.286485566448782,-0.7091950110635009
0.05º,Cape,Surface T,1.4320213023480999,1.6123999060073375
0.05º,Cape,Surface T,0.4020309852335926,-0.475025400692468
0.05º,Cape,Surface T,1.518327281529884,1.7873115358256344
0.05º,Cape,Surface T,0.3727021302348008,-0.5344645945603467
0.05º,Cape,Surface T,0.5682601065117423,-0.13813788951802583
0.05º,Cape,Surface T,0.7277354151537073,0.18506203724011208
0.05º,Cape,Surface T,0.4820352214959864,-0.3128851702045101
0.05º,Cape,Surface T,0.48294895736068255,-0.31103335146804917
0.05º,Cape,Surface T,1.273520939239884,1.2911758482898945
0.05º,Cape,Surface T,0.27583877995641615,-0.7307722736745274
0.05º,Cape,Surface T,2.8713931251512768,4.529496425018546
0.05º,Cape,Surface T,0.8120606390704602,0.3559593781880161
0.05º,Cape,Surface T,0.20349370612442877,-0.8773900966022429
0.05º,Cape,Surface T,1.6059471072379539,1.9648858668776394
0.05º,Cape,Surface T,0.2764768129473915,-0.729479206943956
0.05º,Cape,Surface T,0.7757165335269873,0.2823027579264299
0.05º,Cape,Surface T,1.9802426773178405,2.723450323443812
0.05º,Cape,Surface T,0.8064690320572693,0.3446271726415077
0.05º,Cape,Surface T,0.7650018155410281,0.2605878222552857
0.05º,Cape,Surface T,0.32457213749698766,-0.6320070308170749
0.05º,Cape,Surface T,0.3242023723069312,-0.6327564137990652
0.05º,Cape,Surface T,2.039949164851123,2.844454211519465
0.05º,Cape,Surface T,0.397287581699364,-0.48463859842133294
0.05º,Cape,Surface T,0.4907371096586846,-0.29524952716489855
0.05º,Cape,Surface T,1.0429914064391204,0.8239741933674444
0.05º,Cape,Surface T,1.261114137012814,1.266031657598317
0.05º,Cape,Surface T,0.5016327765674191,-0.2731678721621792
0.05º,Cape,Surface T,1.3835015734688971,1.5140676127286994
0.05º,Cape,Surface T,1.1215187000726228,0.9831211846289126
0.05º,Cape,Surface T,0.9596164021164262,0.6550026107442564
0.05º,Cape,Surface T,0.9510675381263619,0.6376770934652324
0.05º,Cape,Surface T,1.6098208666182547,1.9727366041400625
0.05º,Cape,Surface T,1.7052390462358176,2.1661154345458873
0.05º,Cape,Surface T,0.5091466957153001,-0.25793982125610515
0.05º,Cape,Surface T,0.5709489227789769,-0.13268861195878093
0.05º,Cape,Surface T,0.7351803437424375,0.2001502687355548
0.05º,Cape,Surface T,2.2879364106753783,3.3470364630910465
0.05º,Cape,Surface T,1.716793149358523,2.1895315063805443
0.05º,Cape,Surface T,0.8101097105508919,0.3520055375589914
0.05º,Cape,Surface T,0.8868355119825964,0.5075015426418806
0.05º,Cape,Surface T,1.735563422900005,2.2275721979803778
0.05º,Cape,Surface T,2.1464064391188598,3.0602053741238904
0.05º,Cape,Surface T,2.0278068264342752,2.819845995235599
0.05º,Cape,Surface T,0.7088477366255321,0.14678340734485623
0.05º,Cape,Surface T,1.511968651658189,1.7744248468057822
0.05º,Cape,Surface T,0.4930732570806242,-0.29051498435638
0.05º,Cape,Surface T,1.0751552287581585,0.8891588611777652
0.05º,Cape,Surface T,0.879475308641986,0.49258501919466213
0.05º,Cape,Surface T,0.36644093439845293,-0.5471538193247218
0.05º,Cape,Surface T,0.2673123940934501,-0.7480522357569904
0.05º,Cape,Surface T,0.4786301742919458,-0.3197859940143241
0.05º,Cape,Surface T,0.4854817235536315,-0.30590033209955
0.05º,Cape,Surface T,0.4303050108932148,-0.4177239720251404
0.05º,Cape,Surface T,0.24681856693294751,-0.789585959652386
0.05º,Cape,Surface T,0.799911297852475,0.3313369697082924
0.05º,Cape,Surface T,1.219138344226576,1.180961603370769
0.05º,Cape,Surface T,0.48707637375938856,-0.302668541334607
0.05º,Cape,Surface T,0.1027523602033524,-1.0815570983812268
0.05º,Cape,Surface T,0.34469317356572066,-0.5912288223339524
0.05º,Cape,Surface T,0.5573456790123524,-0.1602575655885668
0.05º,Cape,Surface T,1.6023196562575588,1.9575343094411553
0.05º,Cape,Surface T,0.9836171629145838,0.7036436461381387
0.05º,Cape,Surface T,0.6554750665698508,0.0386159223606433
0.05º,Cape,Surface T,1.8813005325587002,2.5229296647176347
0.05º,Cape,Surface T,0.4735499878963954,-0.33008173123497325
0.05º,Cape,Surface T,1.4282552650689884,1.6047674832633883
0.05º,Cape,Surface T,1.1369126724763987,1.0143193105067387
0.05º,Cape,Surface T,0.23045085935608414,-0.8227575015988414
0.05º,Cape,Surface T,0.6990758896151116,0.12697933695330615
0.05º,Cape,Surface T,1.217828612926654,1.178307242242314
0.05º,Cape,Surface T,0.48098946986203195,-0.31500453811405954
0.05º,Cape,Surface T,0.7018330912612087,0.13256720743723588
0.05º,Cape,Surface T,0.9077929072863703,0.5499747548582493
0.05º,Cape,Surface T,1.2804847494553353,1.3052890233685797
0.05º,Cape,Surface T,1.3461183732752475,1.4383051159042037
0.05º,Cape,Surface T,0.22570140401840413,-0.8323829641883228
0.05º,Cape,Surface T,1.4466769547325005,1.642101718893402
0.05º,Cape,Surface T,1.138175986443855,1.0168796001542795
0.05º,Cape,Surface T,0.67290547083032,0.07394117382634874
0.05º,Cape,Surface T,1.0256197046719788,0.788767911049412
0.05º,Cape,Surface T,0.4280071411280662,-0.4223809395903396
0.05º,Cape,Surface T,0.855869644153889,0.4447447039847469
0.05º,Cape,Surface T,1.6466061486322776,2.04728733273844
0.05º,Cape,Surface T,0.614101307189546,-0.0452340235356492
0.05º,Cape,Surface T,1.0532728152989472,0.844810965020458
0.05º,Cape,Surface T,0.4070091987412702,-0.46493632637263077
0.05º,Cape,Surface T,2.7855162188332026,4.355454373815935
0.05º,Cape,Surface T,0.5195765250544611,-0.23680225389710616
0.05º,Cape,Surface T,1.1104363350278403,0.960661158677045
0.05º,Cape,Surface T,0.3134368191720998,-0.6545743742991446
0.05º,Cape,Surface T,1.3000853304284243,1.3450124538410781
0.05º,Cape,Surface T,0.3682673686758701,-0.5434522843992428
0.05º,Cape,Surface T,0.38154986686034437,-0.5165333683805562
0.05º,Cape,Surface T,0.4380488985717837,-0.4020298564165872
0.05º,Cape,Surface T,1.001986201888163,0.7408711774809806
0.05º,Cape,Surface T,0.9015274751876127,0.5372769446914554
0.05º,Cape,Surface T,0.7651152868554997,0.260817788391352
0.05º,Cape,Surface T,0.9698922778987998,0.6758281688103968
0.05º,Cape,Surface T,0.9968821108690425,0.7305269940610247
0.05º,Cape,Surface T,1.140294722827409,1.0211735278463827
0.05º,Cape,Surface T,1.587622246429463,1.92774786901708
0.05º,Cape,Surface T,0.7804387557492052,0.2918730286432777
0.05º,Cape,Surface T,0.9919813604454046,0.720594909956797
0.05º,Cape,Surface T,1.3314642338416813,1.4086063692332358
0.05º,Cape,Surface T,0.25865649963689447,-0.7655946658560959
0.05º,Cape,Surface T,0.8492060033889604,0.43123986599128245
0.05º,Cape,Surface T,0.5493330912612022,-0.17649624100714784
0.05º,Cape,Surface T,0.8911377390462071,0.5162206320338165
0.05º,Cape,Surface T,0.696678770273555,0.12212122567439344
0.05º,Cape,Surface T,0.2621508109416355,-0.7585129353526112
0.05º,Cape,Surface T,0.8161610384894592,0.3642694344793939
0.05º,Cape,Surface T,0.5927886710239628,-0.08842718306860232
0.05º,Cape,Surface T,0.6286443960300276,-0.01576033705648796
0.05º,Cape,Surface T,0.6155525296538258,-0.04229290996666402
0.05º,Cape,Surface T,0.4418300653594867,-0.39436677152117194
0.05º,Cape,Surface T,0.20906439118857634,-0.8661002924309444
0.05º,Cape,Surface T,0.09592774146695622,-1.0953881816663984
0.05º,Cape,Surface T,0.4739034132171456,-0.3293654633766217
0.05º,Cape,Surface T,1.5445370370370217,1.84042942054642
0.05º,Cape,Surface T,0.35982147179859364,-0.5605691238359418
0.05º,Cape,Surface T,0.626309610263863,-0.020492120271371074
0.05º,Cape,Surface T,0.2259517973856049,-0.831875505581538
0.05º,Cape,Surface T,0.18301016702978737,-0.9189029702346031
0.05º,Cape,Surface T,0.793940934398443,0.3192371591012803
0.05º,Cape,Surface T,0.12168966351974733,-1.0431778966290826
0.05º,Cape,Surface T,0.5982473977245175,-0.077364278818184
0.05º,Cape,Surface T,1.4831839402427656,1.7160884391170819
0.05º,Cape,Surface T,0.47396981014627826,-0.3292309003347603
0.05º,Cape,Surface T,1.4298535463568038,1.6080066329446758
0.05º,Cape,Surface T,1.5564711934156195,1.8646157256260514
0.05º,Cape,Surface T,0.5810160977971653,-0.11228601637049018
0.05º,Cape,Surface T,0.22966170418784612,-0.824356839419519
0.05º,Cape,Surface T,2.5993076736867553,3.97807565189613
0.05º,Cape,Surface T,0.4533224400871695,-0.3710758012644338
0.05º,Cape,Surface T,0.2901216412490915,-0.7018259762006462
0.05º,Cape,Surface T,0.6648862260953669,0.05768900706107664
0.05º,Cape,Surface T,0.8019347615589569,0.3354378134520783
0.05º,Cape,Surface T,0.4323825950133242,-0.4135134453851779
0.05º,Cape,Surface T,0.6792306644880028,0.08676009949141043
0.05º,Cape,Surface T,1.6563937303316152,2.0671232917674778
0.05º,Cape,Surface T,0.5307903655289389,-0.214075773848928
0.05º,Cape,Surface T,0.33389070442991753,-0.6131215984836258
0.05º,Cape,Surface T,0.9366715081094222,0.6085014430983862
0.05º,Cape,Surface T,0.41609719196321115,-0.4465181852276331
0.05º,Cape,Surface T,0.8036147421931459,0.33884253875124026
0.05º,Cape,Surface T,2.0317320261438243,2.8278009838130815
0.05º,Cape,Surface T,0.7079230210602722,0.14490933664695832
0.05º,Cape,Surface T,0.5691672718470121,-0.13629938691587712
0.05º,Cape,Surface T,0.2878019849915429,-0.7065270972640136
0.05º,Cape,Surface T,0.7347727980080825,0.19932431798107259
0.05º,Cape,Surface T,1.2257782619220672,1.1944183631108038
0.05º,Cape,Surface T,0.4798257080610142,-0.317363070805144
0.05º,Cape,Surface T,2.2144317356572287,3.1980685395638853
0.05º,Cape,Surface T,0.6853286129266647,0.0991184796415009
0.05º,Cape,Surface T,0.6895400629387736,0.10765359612473667
0.05º,Cape,Surface T,2.0996437908496546,2.965434060468338
0.05º,Cape,Surface T,0.7557286371338642,0.24179437637621717
0.05º,Cape,Surface T,0.4797161704187829,-0.317585064781816
0.05º,Cape,Surface T,0.8346381021544416,0.40171589358382426
0.05º,Cape,Surface T,1.229248971193417,1.201452260658025
0.05º,Cape,Surface T,0.9340359477124268,0.6031600963122956
0.05º,Cape,Surface T,0.5298674655047017,-0.21594616508866668
0.05º,Cape,Surface T,0.4383920358266664,-0.4013344388212836
0.05º,Cape,Surface T,1.032609537642227,0.8029338250286584
0.05º,Cape,Surface T,0.34273117889132565,-0.5952050901365623
0.05º,Cape,Surface T,0.7739052287581798,0.2786318851524536
0.05º,Cape,Surface T,0.7797591382231859,0.2904956847992465
0.05º,Cape,Surface T,3.1701174914410166,5.1349048366898
0.05º,Cape,Surface T,0.6391914790607606,0.00561486197634759
0.05º,Cape,Surface T,1.8520533769063452,2.463656046467759
0.05º,Cape,Surface T,0.272069716775598,-0.7384108288487461
0.05º,Cape,Surface T,0.9059156378600934,0.5461701951038604
0.05º,Cape,Surface T,0.4150187605906442,-0.44870378338446026
0.05º,Cape,Surface T,0.7234876543209339,0.17645333159326687
0.05º,Cape,Surface T,0.9673759380295274,0.6707284397779022
0.05º,Cape,Surface T,1.6850169450496095,2.1251324028908027
0.05º,Cape,Surface T,0.6740722585330635,0.07630583894774141
0.05º,Cape,Surface T,0.757250665698387,0.24487898881413353
0.05º,Cape,Surface T,0.3349491648511326,-0.6109764743667563
0.05º,Cape,Surface T,1.9800012103606894,2.7229609555063528
0.05º,Cape,Surface T,0.6323741224884998,-0.008201503476097088
0.05º,Cape,Surface T,0.5420091987412169,-0.191339175290837
0.05º,Cape,Surface T,0.52332788671025,-0.22919957344005626
0.05º,Cape,Surface T,0.44203643185669406,-0.3939485397751373
0.05º,Cape,Surface T,0.9890577342048535,0.7146697558068483
0.05º,Cape,Surface T,0.7903207455821959,0.3119003194975486
0.05º,Cape,Surface T,3.3243697478991407,5.447519487911264
0.05º,Cape,Surface T,0.43148390220276017,-0.4153347771827195
0.05º,Cape,Surface T,0.6157271241829676,-0.041939068738755234
0.05º,Cape,Surface T,0.11698039215688141,-1.0527219205442804
0.05º,Cape,Surface T,0.21924655047202654,-0.8454646644915805
0.05º,Cape,Surface T,0.24115105301376616,-0.801072001593164
0.05º,Cape,Surface T,0.5943336964415507,-0.08529596416044562
0.05º,Cape,Surface T,1.155744977003091,1.052485716927552
0.05º,Cape,Surface T,0.6947446138950113,0.118201376230568
0.05º,Cape,Surface T,0.15283708545146307,-0.9800531121545389
0.05º,Cape,Surface T,0.8555053255870272,0.4440063593774904
0.05º,Cape,Surface T,2.1747016460905177,3.1175497298032857
0.05º,Cape,Surface T,0.48059368191721,-0.3158066599965473
0.05º,Cape,Surface T,1.5322839506172083,1.8155967573136698
0.05º,Cape,Surface T,0.6383769063180895,0.003964011741208552
0.05º,Cape,Surface T,0.7871635197288734,0.3055017417287253
0.05º,Cape,Surface T,0.237206487533279,-0.8090662377244033
0.05º,Cape,Surface T,0.6681172839506139,0.06423721612904985
0.05º,Cape,Surface T,0.630096677559898,-0.012817077136922156
0.05º,Cape,Surface T,0.19879266521425304,-0.8869174403070098
0.05º,Cape,Surface T,0.7287672476397865,0.1871531959703715
0.05º,Cape,Surface T,1.1176947167756168,0.9753713258448712
0.05º,Cape,Surface T,2.6866521423383967,4.155091931791326
0.05º,Cape,Surface T,0.5242340686274787,-0.2273630638777177
0.05º,Cape,Surface T,1.095936213991763,0.931274552708056
0.05º,Cape,Surface T,0.6387055192447393,0.00462999367113493
0.05º,Cape,Surface T,1.1330095618494183,1.006409088670447
0.05º,Cape,Surface T,1.0013301863955475,0.7395416665932387
0.05º,Cape,Surface T,0.7455670539820795,0.22120044896280863
0.05º,Cape,Surface T,0.5235826676349815,-0.22868322280926695
0.05º,Cape,Surface T,1.8828994190268733,2.526170040885009
0.05º,Cape,Surface T,1.1476101428225687,1.0359992913252218
0.05º,Cape,Surface T,0.8861232147179913,0.5060579685506259
0.05º,Cape,Surface T,0.598062817719646,-0.07773835706618057
0.05º,Cape,Surface T,1.6696036068748488,2.093895029459125
0.05º,Cape,Surface T,0.341755628177187,-0.5971821856634085
0.05º,Cape,Surface T,0.6418240135560104,0.010950076332089657
0.05º,Cape,Surface T,2.1792359165888633,3.126739088992782
0.05º,Cape,Surface T,1.4928419268941993,1.7356617549172249
0.05º,Cape,Surface T,0.16849854756715862,-0.9483128794387504
0.05º,Cape,Surface T,0.4063913096102725,-0.46618856863874514
0.05º,Cape,Surface T,0.78905073140365245,0.309326450896933
0.05º,Cape,Surface T,0.4120745582183518,-0.45467063806051783
0.05º,Cape,Surface T,0.19988925199709862,-0.8846950475684867
0.05º,Cape,Surface T,0.4184286492374838,-0.4417931476860763
0.05º,Cape,Surface T,0.8502832244008687,0.4334230111760505
0.05º,Cape,Surface T,0.6307679738562039,-0.011456597476173046
0.05º,Cape,Surface T,0.2546302348099643,-0.7737544776053504
0.05º,Cape,Surface T,0.97748608085206945,0.6912181158762626
0.05º,Cape,Surface T,0.8832528443476299,0.5002407451737312
0.05º,Cape,Surface T,1.8283641975308709,2.415646476181848
0.05º,Cape,Surface T,1.6543815056886995,2.0630452256220075
0.05º,Cape,Surface T,0.33051742919391497,-0.6199580317753697
0.05º,Cape,Surface T,1.328726095376415,1.4030571330601644
0.05º,Cape,Surface T,0.2896980150085192,-0.7026845164417137
0.05º,Cape,Surface T,0.921970996732,0.5787087169331283
0.05º,Cape,Surface T,0.7271496005809581,0.18387479873517548
0.05º,Cape,Surface T,0.8835838779956475,0.5009116330478784
0.05º,Cape,Surface T,0.3651773178407072,-0.5497147222155303
0.05º,Cape,Surface T,0.451586782861303,-0.3745933632811137
0.05º,Cape,Surface T,0.676823257080585,0.08188113794946235
0.05º,Cape,Surface T,0.7198099733720622,0.16899997581401152
0.05º,Cape,Surface T,0.5534089808762828,-0.16823585740114527
0.05º,Cape,Surface T,0.959868070685041,0.6555126537323295
0.05º,Cape,Surface T,2.0227311788913074,2.8095594566604003
0.05º,Cape,Surface T,0.4535487775357044,-0.37061709547849087
0.05º,Cape,Surface T,0.3621974098281334,-0.5557539395690587
0.05º,Cape,Surface T,0.6873729121278037,0.10326154954809826
0.05º,Cape,Surface T,0.6543155410312238,0.036265975071939245
0.05º,Cape,Surface T,1.8158351488743658,2.3902545353063944
0.05º,Cape,Surface T,0.26603183248609086,-0.7506474802574226
0.05º,Cape,Surface T,0.2685488639900281,-0.7455463495266031
0.05º,Cape,Surface T,0.4836213991769493,-0.3096705502443534
0.05º,Cape,Surface T,0.3771762285160839,-0.5253971831276097
0.05º,Cape,Surface T,0.4828370854514724,-0.31126007617653795
0.05º,Cape,Surface T,0.4817308157831551,-0.31350209269194496
0.05º,Cape,Surface T,0.6337808641975281,-0.005350536632406456
0.05º,Cape,Surface T,1.5569117647058937,1.8655086074769218
0.05º,Cape,Surface T,0.8162363834422877,0.36442213199378104
0.05º,Cape,Surface T,0.7134596949891148,0.1561302123017789
0.05º,Cape,Surface T,0.44778080367944995,-0.3823067341050546
0.05º,Cape,Surface T,0.5651404018397241,-0.14446042515121893
0.05º,Cape,Surface T,0.9350904139433738,0.6052971256211782
0.05º,Cape,Surface T,0.15651476640039796,-0.9725997563751555
0.05º,Cape,Surface T,0.27215202130231675,-0.7382440267448098
0.05º,Cape,Surface T,0.7672912127814269,0.2652276190157885
0.05º,Cape,Surface T,0.4233260711691982,-0.43186780925523865
0.05º,Cape,Surface T,0.8306154684095886,0.39356344075095234
0.05º,Cape,Surface T,0.27304012345679024,-0.7364441584534495
0.05º,Cape,Surface T,0.5980795206971721,-0.0777045060508789
0.05º,Cape,Surface T,0.2987496974098336,-0.6843399644602486
0.05º,Cape,Surface T,0.636397966594062,-4.659767106354905e-5
0.05º,Cape,Surface T,2.5313223190510836,3.840293434536037
0.05º,Cape,Surface T,0.29894456548052833,-0.6839450359492937
0.05º,Cape,Surface T,1.1305961026385805,1.0015178622679466
0.05º,Cape,Surface T,0.7140020576131545,0.157229389107635
0.05º,Cape,Surface T,0.5594323408375632,-0.15602864165783326
0.05º,Cape,Surface T,0.9792883079157062,0.6948705913593272
0.05º,Cape,Surface T,0.8387459150326748,0.4100409743294699
0.05º,Cape,Surface T,0.3183345436940183,-0.6446484226252122
0.05º,Cape,Surface T,0.5644498910675553,-0.145859845744232
0.05º,Cape,Surface T,0.1497107237956925,-0.9863891391343206
0.05º,Cape,Surface T,0.451302953280074,-0.37516858524272123
0.05º,Cape,Surface T,1.1482534495279804,1.037303046005759
0.05º,Cape,Surface T,0.3603491890583036,-0.5594996279927316
0.05º,Cape,Surface T,0.8766466957153133,0.4868524233557652
0.05º,Cape,Surface T,0.8161286613410854,0.36420381747528113
0.05º,Cape,Surface T,2.0172064875332896,2.798362865429582
0.05º,Cape,Surface T,0.7657316630355555,0.26206696444215216
0.05º,Cape,Surface T,0.7129581215201912,0.15511370065618077
0.05º,Cape,Surface T,0.5093512466715046,-0.25752526896818956
0.05º,Cape,Surface T,0.4574284158107795,-0.36275444378005495
0.05º,Cape,Surface T,0.68457939966108,0.09760008990063604
0.05º,Cape,Surface T,0.20585148874364576,-0.872611706917145
0.05º,Cape,Surface T,1.5782110869039028,1.9086747843165572
0.05º,Cape,Surface T,1.6056312030985143,1.9642456411549307
0.05º,Cape,Surface T,3.8365916243040235,6.485611681290537
0.05º,Cape,Surface T,0.689713749697426,0.1080055976236105
0.05º,Cape,Surface T,1.7305628177196328,2.2174377436764128
0.05º,Cape,Surface T,1.3635620915032594,1.4736573500631627
0.05º,Cape,Surface T,0.761923263132404,0.25434868767413105
0.05º,Cape,Surface T,0.7897815298958714,0.31080752041905185
0.05º,Cape,Surface T,0.6665649963689222,0.06109127938823017
0.05º,Cape,Surface T,0.4007964173323633,-0.4775274322524198
0.05º,Cape,Surface T,0.6200296538368472,-0.0332193661035934
0.05º,Cape,Surface T,1.5257903655289182,1.8024365619028246
0.05º,Cape,Surface T,0.7813882837085279,0.2937973852695243
0.05º,Cape,Surface T,0.1763894940691936,-0.932320727718036
0.05º,Cape,Surface T,0.288881626724756,-0.7043390461351527
0.05º,Cape,Surface T,0.6605433006536288,0.04888743648166441
0.05º,Cape,Surface T,1.2694076797385492,1.2828397291697036
0.05º,Cape,Surface T,1.6584737351730925,2.071338724351661
0.05º,Cape,Surface T,0.8111970467199272,0.3542091825820757
0.05º,Cape,Surface T,0.5913283708545186,-0.09138669392848643
0.05º,Cape,Surface T,0.2437000726216512,-0.7959060423133919
0.05º,Cape,Surface T,1.1307014040183896,1.0017312708421744
0.05º,Cape,Surface T,0.3776416122004396,-0.5244540153483526
0.05º,Cape,Surface T,0.16046840958605596,-0.9645871229530043
0.05º,Cape,Surface T,2.361379206003423,3.4958789784187814
0.05º,Cape,Surface T,0.7303346647300815,0.190329794862681
0.05º,Cape,Surface T,0.5641636407649268,-0.14643997365012454
0.05º,Cape,Surface T,0.8985923505204406,0.5313284873062073
0.05º,Cape,Surface T,0.5197948438634702,-0.236359799051384
0.05º,Cape,Surface T,0.5504284676833132,-0.17427630124083782
0.05º,Cape,Surface T,1.824535826676342,2.407887725373818
0.05º,Cape,Surface T,0.4112182280319732,-0.4564061158336928
0.05º,Cape,Surface T,0.7695116194625863,0.2697275963654806
0.05º,Cape,Surface T,0.8083405954974473,0.3484201683844837
0.05º,Cape,Surface T,0.5429024449285988,-0.18952888186800385
0.05º,Cape,Surface T,0.8746580731057824,0.48282219016654504
0.05º,Cape,Surface T,1.2807691842168714,1.3058654718161717
0.05º,Cape,Surface T,0.5716981360445428,-0.13117022221795432
0.05º,Cape,Surface T,0.9529575163398553,0.6415074094268519
0.05º,Cape,Surface T,0.9528606874848593,0.6413111716574489
0.05º,Cape,Surface T,0.7282268215928158,0.18605794391984087
0.05º,Cape,Surface T,1.2469045025416614,1.2372337649374094
0.05º,Cape,Surface T,0.22938929738560176,-0.8249089114567737
0.05º,Cape,Surface T,0.8464651416122011,0.42568511063105574
0.05º,Cape,Surface T,0.4549473493100954,-0.3677826861965876
0.05º,Cape,Surface T,0.5272961406784914,-0.22115732914020217
0.05º,Cape,Surface T,1.1016630355846486,0.9428807902826325
0.05º,Cape,Surface T,1.0884380295327862,0.916078390439444
0.05º,Cape,Surface T,1.7405458726700986,2.2376698577026466
0.05º,Cape,Surface T,0.3684519486807226,-0.5430782061512848
0.05º,Cape,Surface T,1.0661746550471902,0.8709584213081212
0.05º,Cape,Surface T,0.48753389009924475,-0.30174131787417685
0.05º,Cape,Surface T,1.3615226337448563,1.4695240920450074
0.05º,Cape,Surface T,0.3205325587025022,-0.6401938252596089
0.05º,Cape,Surface T,1.6508169934640549,2.0558212227356414
0.05º,Cape,Surface T,2.473427287581707,3.7229607258559
0.05º,Cape,Surface T,0.27662611958364397,-0.7291766153119834
0.05º,Cape,Surface T,0.4136837327523608,-0.45140941163015924
0.05º,Cape,Surface T,0.8759440813362226,0.4854284730414808
0.05º,Cape,Surface T,0.7734779714354924,0.2777659859949264
0.05º,Cape,Surface T,0.5136374364560936,-0.2488386814566346
0.05º,Cape,Surface T,1.219770636649716,1.1822430360050047
0.05º,Cape,Surface T,1.3477814088598419,1.4416754995937802
0.05º,Cape,Surface T,0.4877396514161016,-0.30132431261421466
0.05º,Cape,Surface T,0.726008230452755,0.18156164602846164
0.05º,Cape,Surface T,1.6175810185185284,1.9884636815613785
0.05º,Cape,Surface T,0.6512254901960736,0.030003537255677348
0.05º,Cape,Surface T,0.4746762285160899,-0.3277992406795574
0.05º,Cape,Surface T,1.8441696925683888,2.4476786125796557
0.05º,Cape,Surface T,0.4655718954248381,-0.34625049694820315
0.05º,Cape,Surface T,0.7015758896151093,0.13204595086222565
0.05º,Cape,Surface T,0.5372028564511943,-0.20107992756990853
0.05º,Cape,Surface T,0.6604375453885167,0.048673108042800985
0.05º,Cape,Surface T,0.8056838537883917,0.3430358945862757
0.05º,Cape,Surface T,0.6548995400629375,0.03744953411869076
0.05º,Cape,Surface T,0.6905507141127979,0.10970182784288951
0.05º,Cape,Surface T,0.5356201369436674,-0.20428753903821298
0.05º,Cape,Surface T,0.5950611232146596,-0.08382172791790249
0.05º,Cape,Surface T,0.9567386831275763,0.6491704943223036
0.05º,Cape,Surface T,1.2813646816751367,1.3070723340980823
0.05º,Cape,Surface T,1.5309749455337789,1.8129438679686474
0.05º,Cape,Surface T,0.8307582909706324,0.39385289146066943
0.05º,Cape,Surface T,0.7578128782377134,0.24601839436274264
0.05º,Cape,Surface T,0.290905954974581,-0.7002364502684362
0.05º,Cape,Surface T,0.8348269184216153,0.4020985572340216
0.05º,Cape,Surface T,0.6971955942870964,0.12316864476858352
0.05º,Cape,Surface T,0.6622385620915073,0.05232313055383171
0.05º,Cape,Surface T,1.0362426081543796,0.8102967712642482
0.05º,Cape,Surface T,1.9225639978212712,2.6065560835295343
0.05º,Cape,Surface T,0.6437394957983348,0.014832079920592846
0.05º,Cape,Surface T,0.25524751876057256,-0.7725034618253874
0.05º,Cape,Surface T,2.641848220769791,4.064290262913789
0.05º,Cape,Surface T,1.0500133139675856,0.8382051111078046
0.05º,Cape,Surface T,1.0620406681191146,0.8625802950404818
0.05º,Cape,Surface T,0.5756735657225628,-0.12311343529771199
0.05º,Cape,Surface T,0.8282849189058273,0.38884024293847524
0.05º,Cape,Surface T,1.5091333817477386,1.7686787596202453
0.05º,Cape,Surface T,0.40809428709755163,-0.46273723686929186
0.05º,Cape,Surface T,1.7447119341563722,2.2461129877313613
0.05º,Cape,Surface T,1.8006503267973812,2.3594802830104786
0.05º,Cape,Surface T,0.917219196320496,0.5690785017101854
0.05º,Cape,Surface T,2.3161304768821713,3.404175842288032
0.05º,Cape,Surface T,1.475614258048918,1.7007473762812886
0.05º,Cape,Surface T,0.6748226821592817,0.07782668166061424
0.05º,Cape,Surface T,1.6887254901960678,2.13264830945917
0.05º,Cape,Surface T,0.603480392156857,-0.06675885386769853
0.05º,Cape,Surface T,0.2763186879689922,-0.7297996702299184
0.05º,Cape,Surface T,0.05661546840956362,-1.1750602254520015
0.05º,Cape,Surface T,0.4639106753812712,-0.3496172011796111
0.05º,Cape,Surface T,2.9545491406439055,4.69802419490081
0.05º,Cape,Surface T,0.8295356753812726,0.3913750830005424
0.05º,Cape,Surface T,0.2864003873154325,-0.7093676389762124
0.05º,Cape,Surface T,0.8394117647058957,0.4113904156157074
0.05º,Cape,Surface T,1.4028909465020485,1.5533629995667324
0.05º,Cape,Surface T,0.7301736867586643,0.19000354957107607
0.05º,Cape,Surface T,0.7865347373516821,0.3042274227135397
0.05º,Cape,Surface T,0.7004320987654309,0.12972789221107334
0.05º,Cape,Surface T,0.8631088114257623,0.4594159302202276
0.05º,Cape,Surface T,1.2413548474945628,1.225986581156865
0.05º,Cape,Surface T,0.4871786492374718,-0.30246126519068767
0.05º,Cape,Surface T,0.789241103848945,0.309712268368611
0.05º,Cape,Surface T,0.5604006293875349,-0.1540662639637779
0.05º,Cape,Surface T,0.46020515613652907,-0.3571269753176896
0.05º,Cape,Surface T,0.34588477366255194,-0.5888138712841601
0.05º,Cape,Surface T,0.7741962340491487,0.279221649734371
0.05º,Cape,Surface T,0.4438931251512991,-0.3901856805467165
0.05º,Cape,Surface T,0.6479611474219129,0.023387871454454034
0.05º,Cape,Surface T,0.6159132171387114,-0.04156192427558553
0.05º,Cape,Surface T,0.571700556765898,-0.13116531627375905
0.05º,Cape,Surface T,1.014232631324142,0.7656903493669766
0.05º,Cape,Surface T,0.831476034858339,0.3953075039264693
0.05º,Cape,Surface T,1.1834325829096441,1.1085986806039327
0.05º,Cape,Surface T,1.0862097555071084,0.9115624687708865
0.05º,Cape,Surface T,0.6720098039215637,0.07212597445928162
0.05º,Cape,Surface T,2.4176077221011827,3.6098342511144104
0.05º,Cape,Surface T,0.6821399176954515,0.09265612459758692
0.05º,Cape,Surface T,0.4787030985233842,-0.31963820244420277
0.05º,Cape,Surface T,0.36892338416848564,-0.5421227735115006
0.05º,Cape,Surface T,1.230798838053766,1.2045932914546749
0.05º,Cape,Surface T,0.45749576373759737,-0.36261795340295383
0.05º,Cape,Surface T,0.8818028322440151,0.4973020845768181
0.05º,Cape,Surface T,1.0427935124667316,0.8235731324262454
0.05º,Cape,Surface T,0.6369977003146927,0.0011688500131758009
0.05º,Cape,Surface T,1.1025157346889374,0.9446089091393991
0.05º,Cape,Surface T,0.2867429193899653,-0.70867344786698
0.05º,Cape,Surface T,0.35241466957154444,-0.5755800867096289
0.05º,Cape,Surface T,0.8626700556765804,0.4585267278276573
0.05º,Cape,Surface T,0.5675423626240862,-0.1395925019837233
0.05º,Cape,Surface T,2.574006293875584,3.9267987227496293
0.05º,Cape,Surface T,0.6260917453401034,-0.020933655252565977
0.05º,Cape,Surface T,0.42823075526503845,-0.4219277529916934
0.05º,Cape,Surface T,0.2622312999273693,-0.7583498127067576
0.05º,Cape,Surface T,2.759717985959816,4.30317049961515
0.05º,Cape,Surface T,0.9176384998443804,0.5699282813366547
0.05º,Cape,Surface T,0.5173971193415494,-0.2412191368163969
0.05º,Cape,Surface T,0.6833188090050789,0.09504531944017419
0.05º,Cape,Surface T,0.4494190268700133,-0.3789866363437625
0.05º,Cape,Surface T,0.34945896877269433,-0.5815702446208577
0.05º,Cape,Surface T,0.3604012345678661,-0.5593941501916729
0.05º,Cape,Surface T,0.4638683127571994,-0.3497030552037473
0.05º,Cape,Surface T,1.4323220769788856,1.6130094695784536
0.05º,Cape,Surface T,0.2596272089082403,-0.7636273822178069
0.05º,Cape,Surface T,0.5256124425078623,-0.22456958856809792
0.05º,Cape,Surface T,2.2866557734204838,3.3444410652798724
0.05º,Cape,Surface T,0.9984253207456075,0.73365453351102206
0.05º,Cape,Surface T,0.7520309852336027,0.23430054655692736
0.05º,Cape,Surface T,0.3677935124667076,-0.544412622983312
0.05º,Cape,Surface T,0.8097046719922472,0.3511846679610394
0.05º,Cape,Surface T,1.126575889615089,0.9933703153792827
0.05º,Cape,Surface T,1.4992919389978345,1.7487336433320277
0.05º,Cape,Surface T,0.8231572258532778,0.3784482265621788
0.05º,Cape,Surface T,0.6049340353425363,-0.06381283435442832
0.05º,Cape,Surface T,0.7803169934640437,0.29162625964824507
0.05º,Cape,Surface T,0.5746119281045594,-0.12526499846635716
0.05º,Cape,Surface T,0.2720697167755854,-0.7384108288487716
0.05º,Cape,Surface T,0.5363913096102491,-0.20272464537473908
0.05º,Cape,Surface T,0.5499285887193915,-0.17528937872539146
0.05º,Cape,Surface T,0.5236552892762032,-0.2285360444822659
0.05º,Cape,Surface T,0.4987618010166936,-0.278986322025174
0.05º,Cape,Surface T,0.30310699588476886,-0.6755092648368722
0.05º,Cape,Surface T,2.3971641249092133,3.5684023255619004
0.05º,Cape,Surface T,0.8992011619462232,0.5325623322813201
0.05º,Cape,Surface T,0.8213931251511831,0.37487301970058856
0.05º,Cape,Surface T,1.1717471556523833,1.0849164612945892
0.05º,Cape,Surface T,0.7219825708061067,0.17340306076514064
0.05º,Cape,Surface T,1.2440020576131081,1.2313515377994515
0.05º,Cape,Surface T,0.4493209876543271,-0.3791853270852888
0.05º,Cape,Surface T,0.5403159041394159,-0.19477088328339345
0.05º,Cape,Surface T,0.5394256838537975,-0.19657504427584158
0.05º,Cape,Surface T,2.054536356209155,2.8740172781701623
0.05º,Cape,Surface T,2.293011982570773,3.3573228483554267
0.05º,Cape,Surface T,0.5934961268458083,-0.08699342086583763
0.05º,Cape,Surface T,0.6424582425562954,0.012235433721804422
0.05º,Cape,Surface T,1.5281172839506212,1.8071524007989574
0.05º,Cape,Surface T,0.4330797627693086,-0.4121005334454484
0.05º,Cape,Surface T,0.4358696441539236,-0.40644643271443287
0.05º,Cape,Surface T,1.047953885257799,0.8340313790496277
0.05º,Cape,Surface T,0.704261679980612,0.13748909599114967
0.05º,Cape,Surface T,0.38388283708544196,-0.5118052646239221
0.05º,Cape,Surface T,0.8939264100701949,0.5218722797928367
0.05º,Cape,Surface T,1.042351730815786,0.82267779760329
0.05º,Cape,Surface T,0.31231345315904235,-0.6568510390457724
0.05º,Cape,Surface T,0.9523620188816216,0.6403005471450058
0.05º,Cape,Surface T,1.5011976519002448,1.7525958479311348
0.05º,Cape,Surface T,0.3769728879205824,-0.5258092824433764
0.05º,Cape,Surface T,1.015375211813105,0.7680059550459545
0.05º,Cape,Surface T,0.8761443960300047,0.48583443992695213
0.05º,Cape,Surface T,0.4134089808762648,-0.45196623630093163
0.05º,Cape,Surface T,0.673378116678767,0.0748990594382434
0.05º,Cape,Surface T,0.659753691600075,0.047287178796325297
0.05º,Cape,Surface T,0.86344287097555,0.4600929505247727
0.05º,Cape,Surface T,0.8253842895182717,0.3829616952586259
0.05º,Cape,Surface T,0.18799201161946635,-0.9088065369985369
0.05º,Cape,Surface T,1.2960112563543982,1.336755749693299
0.05º,Cape,Surface T,0.8446432461872462,0.421992774350783
0.05º,Cape,Surface T,0.45103001694503875,-0.3757217304552574
0.05º,Cape,Surface T,0.6396132897603479,0.006469722759332511
0.05º,Cape,Surface T,1.4701936577100065,1.6897617406525496
0.05º,Cape,Surface T,0.9716938997821418,0.6794794178075018
0.05º,Cape,Surface T,1.8167804405712786,2.3921703065302213
0.05º,Cape,Surface T,1.1522137496974159,1.0453291707745496
0.05º,Cape,Surface T,1.058933672234338,0.8562835156145704
0.05º,Cape,Surface T,1.0596762285160883,0.8577884140086803
0.05º,Cape,Surface T,0.18498971193414743,-0.9148911343362949
0.05º,Cape,Surface T,1.537968409586077,1.8271171408642213
0.05º,Cape,Surface T,1.5468197772936554,1.8450557259603084
0.05º,Cape,Surface T,1.155878116678802,1.0527555438606666
0.05º,Cape,Surface T,0.4499721617041814,-0.37786562808603985
0.05º,Cape,Surface T,0.8632352941176388,0.4596722658065873
0.05º,Cape,Surface T,2.007449770031485,2.7785894571895473
0.05º,Cape,Surface T,2.4877529653836756,3.751993797218388
0.05º,Cape,Surface T,0.7859138223191293,0.3029690480174629
0.05º,Cape,Surface T,1.076626724763969,0.8921410620297514
0.05º,Cape,Surface T,0.2751809489227715,-0.7321054640204416
0.05º,Cape,Surface T,0.5235790365528474,-0.22869058172576495
0.05º,Cape,Surface T,0.59122064875331,-0.09160500844699918
0.05º,Cape,Surface T,0.7545636649721499,0.23943339071299677
0.05º,Cape,Surface T,0.23145243282500713,-0.8207276671714595
0.05º,Cape,Surface T,0.42931493585091274,-0.41973050321722294
0.05º,Cape,Surface T,2.5009912854030554,3.778823179754779
0.05º,Cape,Surface T,1.3767519970951285,1.5003886137148268
0.05º,Cape,Surface T,0.5266872427983458,-0.22239134932766627
0.05º,Cape,Surface T,1.1754730781201326,1.0924675855340578
0.05º,Cape,Surface T,0.580580973129972,-0.11316785984685723
0.05º,Cape,Surface T,1.167135681433068,1.075570637526498
0.05º,Cape,Surface T,0.34441660614863345,-0.59178932646282
0.05º,Cape,Surface T,0.7405688695231194,0.2110709006031545
0.05º,Cape,Surface T,0.27475762527232916,-0.7329633910185647
0.05º,Cape,Surface T,1.3323015008472479,1.4103032126955903
0.05º,Cape,Surface T,0.508375695957429,-0.2595023644949079
0.05º,Cape,Surface T,1.0856348341805466,0.9103973070150085
0.05º,Cape,Surface T,1.3805452674897083,1.508076228331422
0.05º,Cape,Surface T,1.4213540305010952,1.5907811268432142
0.05º,Cape,Surface T,0.6058776844070864,-0.06190039216419115
0.05º,Cape,Surface T,1.065060518034348,0.8687004604738358
0.05º,Cape,Surface T,0.6331965625756513,-0.006534708922169694
0.05º,Cape,Surface T,2.209970432617508,3.189027059550695
0.05º,Cape,Surface T,0.37836419753086326,-0.522989590994149
0.05º,Cape,Surface T,0.7554429920116187,0.24121547495646306
0.05º,Cape,Surface T,1.202826797385607,1.147903879330561
0.05º,Cape,Surface T,1.1894747034616495,1.1208439174152074
0.05º,Cape,Surface T,0.7210850883563277,0.17158418193991432
0.05º,Cape,Surface T,1.9254520697167739,2.6124091816238253
0.05º,Cape,Surface T,0.2935584604212017,-0.694860761872698
0.05º,Cape,Surface T,0.125209392398934,-1.0360446537111108
0.05º,Cape,Surface T,0.5078746066327793,-0.26051789495166144
0.05º,Cape,Surface T,1.3413271604938346,1.4285950257766349
0.05º,Cape,Surface T,0.6398087630113688,0.006865877756310496
0.05º,Cape,Surface T,0.8114106753812267,0.3546421321607496
0.05º,Cape,Surface T,0.785298353909468,0.3017217116955055
0.05º,Cape,Surface T,0.5685590656015557,-0.13753200540496674
0.05º,Cape,Surface T,0.3539658224400952,-0.5724364496301622
0.05º,Cape,Surface T,0.9988371459695102,0.7344891572740105
0.05º,Cape,Surface T,0.46425744371822475,-0.3489144246679377
0.05º,Cape,Surface T,0.8769141854272485,0.4873945301937593
0.05º,Cape,Surface T,1.8275744371823004,2.4140459118751343
0.05º,Cape,Surface T,0.6399183006535765,0.007087871732934547
0.05º,Cape,Surface T,0.6514590898087754,0.030476960874411166
0.05º,Cape,Surface T,0.623061002178632,-0.0270758974350809
0.05º,Cape,Surface T,0.5784894698620506,-0.11740659566598155
0.05º,Cape,Surface T,0.5890426046962287,-0.09601913177254229
0.05º,Cape,Surface T,0.7625639978213172,0.25564722978884225
0.05º,Cape,Surface T,0.7803410947712024,0.29167510445547445
0.05º,Cape,Surface T,0.2810421205519131,-0.7202269465409217
0.05º,Cape,Surface T,0.264590292907264,-0.7535689700495621
0.05º,Cape,Surface T,0.5144315087145941,-0.24722937843679088
0.05º,Cape,Surface T,0.26902396514161636,-0.74458348788549
0.05º,Cape,Surface T,0.736863350278371,0.20356112646506327
0.05º,SWA,Surface T,0.40546961994677605,-0.46805650690625816
0.05º,SWA,Surface T,0.2846701767126913,-0.712874162618299
0.05º,SWA,Surface T,0.22930101670301106,-0.825087825110495
0.05º,SWA,Surface T,0.6494347615590009,0.02637436500779698
0.05º,SWA,Surface T,0.29037944807550453,-0.7013034931396382
0.05º,SWA,Surface T,0.28437999273782566,-0.7134622626835794
0.05º,SWA,Surface T,0.054681675139192976,-1.178979339004259
0.05º,SWA,Surface T,0.21983357540548493,-0.8442749730144824
0.05º,SWA,Surface T,0.31832728152981343,-0.6446631404580799
0.05º,SWA,Surface T,0.293091866376282,-0.6958063826238226
0.05º,SWA,Surface T,0.3340236928104261,-0.6128520781722617
0.05º,SWA,Surface T,0.30195957395301953,-0.6778346824043945
0.05º,SWA,Surface T,0.36648874364566253,-0.547056926925967
0.05º,SWA,Surface T,0.34120188816262953,-0.5983044204072825
0.05º,SWA,Surface T,0.20210602759622512,-0.8802024291350876
0.05º,SWA,Surface T,0.1557328733962701,-0.9741843763631574
0.05º,SWA,Surface T,0.37982631324130506,-0.5200264006761567
0.05º,SWA,Surface T,0.18486080852090936,-0.9151523758668628
0.05º,SWA,Surface T,0.5915153715807264,-0.09100770973633307
0.05º,SWA,Surface T,0.2911801016702403,-0.699680852083911
0.05º,SWA,Surface T,0.2698366013072094,-0.7429365624056946
0.05º,SWA,Surface T,0.1579974582425431,-0.9695948655311312
0.05º,SWA,Surface T,0.6766878479787692,0.08160671169400051
0.05º,SWA,Surface T,0.14537254901958932,-0.9951810817982999
0.05º,SWA,Surface T,2.118992979908531,3.0046480086331804
0.05º,SWA,Surface T,0.17753631082060414,-0.9299965366365623
0.05º,SWA,Surface T,0.30917998063419344,-0.6632014772368248
0.05º,SWA,Surface T,0.23902021302341658,-0.8053904590062828
0.05º,SWA,Surface T,0.32555737109666755,-0.6300103115132039
0.05º,SWA,Surface T,0.8840256596465552,0.5018069678707571
0.05º,SWA,Surface T,0.1519226579520389,-0.981906332589453
0.05º,SWA,Surface T,0.6393966351972659,0.006030640750235127
0.05º,SWA,Surface T,0.22990438150564943,-0.823865018510014
0.05º,SWA,Surface T,0.5974891067538566,-0.0789010658497689
0.05º,SWA,Surface T,0.3545067780198047,-0.5713401244044557
0.05º,SWA,Surface T,0.42389130961025656,-0.4307222712763087
0.05º,SWA,Surface T,0.482309973371956,-0.3123283455339938
0.05º,SWA,Surface T,0.4958781166788463,-0.2848305280952075
0.05º,SWA,Surface T,0.4005058551198033,-0.4781162988714455
0.05º,SWA,Surface T,1.4530410312270778,1.654999446287355
0.05º,SWA,Surface T,0.19552106027596336,-0.8935478239409471
0.05º,SWA,Surface T,0.6205930767367565,-0.03207750758307868
0.05º,SWA,Surface T,0.32741164366979725,-0.6262523582292217
0.05º,SWA,Surface T,0.2964040183974753,-0.6890938244242029
0.05º,SWA,Surface T,0.26860203340594224,-0.7454385939657232
0.05º,SWA,Surface T,0.3117568385379109,-0.6579790995983064
0.05º,SWA,Surface T,0.18853304284678213,-0.9077100584619446
0.05º,SWA,Surface T,0.567773541515338,-0.1391239843093769
0.05º,SWA,Surface T,0.5939457758412156,-0.08608214172413202
0.05º,SWA,Surface T,0.1375060518034464,-1.0111236834822288
0.05º,SWA,Surface T,1.1758809912854105,1.0932942809407897
0.05º,SWA,Surface T,0.3184272875817129,-0.6444604636366678
0.05º,SWA,Surface T,0.573444686516565,-0.12763058345228004
0.05º,SWA,Surface T,1.1628951827644427,1.0669766497124056
0.05º,SWA,Surface T,0.5026355603969566,-0.2711355847628278
0.05º,SWA,Surface T,0.276131687242816,-0.7301786544220078
0.05º,SWA,Surface T,0.4560076252723333,-0.3656338826215586
0.05º,SWA,Surface T,0.5757020091986331,-0.12305579045312152
0.05º,SWA,Surface T,0.2284785766158153,-0.8267546196645122
0.05º,SWA,Surface T,0.5143976034859634,-0.24729809231797706
0.05º,SWA,Surface T,0.37155289276202236,-0.5367936915860412
0.05º,SWA,Surface T,0.344541878479788,-0.5915354438486476
0.05º,SWA,Surface T,0.24247095134343985,-0.7983970354989678
0.05º,SWA,Surface T,0.1723287339627354,-0.9405504491725101
0.05º,SWA,Surface T,1.1445418784798562,1.0297810070072047
0.05º,SWA,Surface T,0.1025841200677683,-1.0818980615056228
0.05º,SWA,Surface T,0.27014584846280815,-0.7423098280297539
0.05º,SWA,Surface T,0.3166261195836897,-0.6481107927691051
0.05º,SWA,Surface T,0.12178528201405925,-1.04298411183179
0.05º,SWA,Surface T,0.41742132655529457,-0.44383463373101817
0.05º,SWA,Surface T,0.21170297748725866,-0.8607528132146243
0.05º,SWA,Surface T,0.31309731299934485,-0.6552624329779629
0.05º,SWA,Surface T,0.38715444202368743,-0.5051748809900743
0.05º,SWA,Surface T,0.17551198257084227,-0.934099132503151
0.05º,SWA,Surface T,0.2167302106027541,-0.850564393524075
0.05º,SWA,Surface T,0.6140268700071942,-0.04538488132102706
0.05º,SWA,Surface T,0.2982722101186318,-0.6853076619606235
0.05º,SWA,Surface T,0.4936383442265158,-0.28936975299912854
0.05º,SWA,Surface T,0.4824249576372053,-0.3120953131829461
0.05º,SWA,Surface T,0.37875332849186333,-0.5222009604583906
0.05º,SWA,Surface T,0.11557371096585535,-1.0555727647394302
0.05º,SWA,Surface T,0.23579641733237444,-0.8119239502413883
0.05º,SWA,Surface T,0.6526797385621043,0.03295078325502186
0.05º,SWA,Surface T,0.30326192205282926,-0.6751952844056918
0.05º,SWA,Surface T,0.42443839264096067,-0.42961352787922796
0.05º,SWA,Surface T,0.28170721374969315,-0.7188790383622803
0.05º,SWA,Surface T,0.15741648511254247,-0.9707722921476001
0.05º,SWA,Surface T,0.13139130961025736,-1.0235160986204275
0.05º,SWA,Surface T,0.22649918300653837,-0.8307661489413114
0.05º,SWA,Surface T,0.47432522391667614,-0.32851060259375187
0.05º,SWA,Surface T,0.45175623335746373,-0.37424994718482485
0.05º,SWA,Surface T,0.6927160493827197,0.11409019496131739
0.05º,SWA,Surface T,0.38978031953523856,-0.499853157980812
0.05º,SWA,Surface T,0.1411758654078944,-1.0036862720216468
0.05º,SWA,Surface T,0.3588719438392584,-0.5624934804622139
0.05º,SWA,Surface T,0.7800290486564828,0.29104269758144885
0.05º,SWA,Surface T,0.32417816509318226,-0.6328054732414159
0.05º,SWA,Surface T,0.4382564754296191,-0.4016091716985553
0.05º,SWA,Surface T,0.4340910191236781,-0.41005107524123385
0.05º,SWA,Surface T,1.0764842047930567,0.8918522245629821
0.05º,SWA,Surface T,0.3283635923504562,-0.6243230956588183
0.05º,SWA,Surface T,0.16217078189298365,-0.9611370176696256
0.05º,SWA,Surface T,0.2239052287581621,-0.8360231748108857
0.05º,SWA,Surface T,0.10627693052529391,-1.074414043574775
0.05º,SWA,Surface T,0.2554351246671634,-0.7721232511470957
0.05º,SWA,Surface T,0.4451954732509762,-0.38754628254828255
0.05º,SWA,Surface T,0.8506644880171356,0.4341956973925083
0.05º,SWA,Surface T,0.14231057855242726,-1.0013866106613551
0.05º,SWA,Surface T,0.10170055676590867,-1.0836887311514694
0.05º,SWA,Surface T,0.36622185911400923,-0.5475978072780274
0.05º,SWA,Surface T,0.27883877995640205,-0.7246923369838469
0.05º,SWA,Surface T,0.19288731541999798,-0.8988854912688637
0.05º,SWA,Surface T,0.11044964899540194,-1.0659574221993053
0.05º,SWA,Surface T,0.9770206971677737,0.690274948097127
0.05º,SWA,Surface T,0.1679417816509575,-0.9494412466127663
0.05º,SWA,Surface T,0.17094831759864823,-0.9433480638726662
0.05º,SWA,Surface T,0.8893052529651678,0.5125068322473753
0.05º,SWA,Surface T,0.4704181796175122,-0.33642879658932257
0.05º,SWA,Surface T,0.3264351851851662,-0.6282312934851092
0.05º,SWA,Surface T,0.3168309731299435,-0.6476956272384082
0.05º,SWA,Surface T,0.1238507625272531,-1.038798114913086
0.05º,SWA,Surface T,0.16248123940936743,-0.9605078303213694
0.05º,SWA,Surface T,0.16162793512467033,-0.9622371756643258
0.05º,SWA,Surface T,0.10568748487048651,-1.0756086409960557
0.05º,SWA,Surface T,0.16713749697409716,-0.9510712465849723
0.05º,SWA,Surface T,0.6417858871943989,0.010872807710474677
0.05º,SWA,Surface T,0.1921120793996541,-0.900456619910213
0.05º,SWA,Surface T,0.26846707818923377,-0.745712100356946
0.05º,SWA,Surface T,0.1661189784555922,-0.953135422621914
0.05º,SWA,Surface T,0.29318627450980256,-0.6956150507988582
0.05º,SWA,Surface T,1.0792320261438073,0.8974210845129628
0.05º,SWA,Surface T,0.1887781408859597,-0.9072133316082058
0.05º,SWA,Surface T,0.28898995400628436,-0.7041195051306297
0.05º,SWA,Surface T,0.4809586056644359,-0.3150670889031908
0.05º,SWA,Surface T,0.514123698862281,-0.24785319990840415
0.05º,SWA,Surface T,0.6338062817719864,-0.005299024217893868
0.05º,SWA,Surface T,0.0910657225853255,-1.1052417706628472
0.05º,SWA,Surface T,0.37077342047922457,-0.5383734056298988
0.05º,SWA,Surface T,0.19318022270636626,-0.8982918720164083
0.05º,SWA,Surface T,0.22812999273780102,-0.8274610756344217
0.05º,SWA,Surface T,0.4047349310094243,-0.46954546098174577
0.05º,SWA,Surface T,0.6721847010409824,0.07248042893043254
0.05º,SWA,Surface T,0.3124987896392908,-0.6564754276903093
0.05º,SWA,Surface T,0.5515093197772545,-0.17208579713977679
0.05º,SWA,Surface T,0.25777233115473386,-0.7673865619879148
0.05º,SWA,Surface T,0.5400108932462047,-0.1953890322569604
0.05º,SWA,Surface T,0.435381868796848,-0.40743498047786875
0.05º,SWA,Surface T,0.24988562091500752,-0.7833701283064154
0.05º,SWA,Surface T,0.2501379811183963,-0.782858683619796
0.05º,SWA,Surface T,1.0584858387799045,0.8553759159309245
0.05º,SWA,Surface T,0.3991236988622531,-0.4809174397189697
0.05º,SWA,Surface T,1.2156979458448112,1.1739891352534533
0.05º,SWA,Surface T,0.4970182764464855,-0.2825198283603609
0.05º,SWA,Surface T,0.3072185911401751,-0.6671765185533092
0.05º,SWA,Surface T,0.19040426046966433,-0.9039177635680571
0.05º,SWA,Surface T,0.37438876785281155,-0.5310463779144555
0.05º,SWA,Surface T,0.5714311002178079,-0.1317114091915208
0.05º,SWA,Surface T,0.37776506899055246,-0.5242038121923779
0.05º,SWA,Surface T,0.3069299201162418,-0.6677615524032947
0.05º,SWA,Surface T,2.4214760348583897,3.617673950002304
0.05º,SWA,Surface T,0.3290819414185775,-0.6228672567068159
0.05º,SWA,Surface T,0.2096574679254483,-0.8648983360933066
0.05º,SWA,Surface T,0.37195144724556223,-0.5359859629101343
0.05º,SWA,Surface T,0.3089088598402314,-0.6637509429910994
0.05º,SWA,Surface T,0.48319716775594973,-0.31053031697164907
0.05º,SWA,Surface T,0.5629635681432951,-0.1488720955047158
0.05º,SWA,Surface T,0.3116872427983329,-0.6581201454951656
0.05º,SWA,Surface T,0.16286855482935103,-0.9597228792437575
0.05º,SWA,Surface T,0.3031451222464309,-0.6754319962151547
0.05º,SWA,Surface T,0.27506414911642374,-0.7323421758298021
0.05º,SWA,Surface T,0.19392641007019368,-0.8967796147059157
0.05º,SWA,Surface T,1.1415662067294268,1.0237503750555574
0.05º,SWA,Surface T,0.41156983781175743,-0.45569352743338537
0.05º,SWA,Surface T,0.7137826797384624,0.156784787911145
0.05º,SWA,Surface T,1.0581469377875312,0.8546890837382418
0.05º,SWA,Surface T,0.6191358024690127,-0.03503088601270581
0.05º,SWA,Surface T,0.09801379811182818,-1.0911604842217137
0.05º,SWA,Surface T,0.798265553134791,0.32800162847743003
0.05º,SWA,Surface T,0.7759324618734695,0.282740368151877
0.05º,SWA,Surface T,0.27199891067534865,-0.7385543277176901
0.05º,SWA,Surface T,0.2975302590171888,-0.6868113338687486
0.05º,SWA,Surface T,0.3776761074800182,-0.5243841056430306
0.05º,SWA,Surface T,0.932348704913914,0.5997406531800247
0.05º,SWA,Surface T,0.3898226821592819,-0.4997673039567334
0.05º,SWA,Surface T,0.9179823287339686,0.5706251006303658
0.05º,SWA,Surface T,0.9632504236262334,0.6623674843150238
0.05º,SWA,Surface T,0.31813483418068245,-0.645053163024417
0.05º,SWA,Surface T,0.11852396514161177,-1.0495936452027304
0.05º,SWA,Surface T,0.4904859598159608,-0.29575851887944593
0.05º,SWA,Surface T,0.21427499394820237,-0.8555402474646245
0.05º,SWA,Surface T,0.2461988622609839,-0.7908418813765444
0.05º,SWA,Surface T,0.5708303074316063,-0.13292900322630075
0.05º,SWA,Surface T,1.310336480271082,1.365787901191188
0.05º,SWA,Surface T,0.1377572016460691,-1.0106146917678864
0.05º,SWA,Surface T,0.2639403292181378,-0.754886216076611
0.05º,SWA,Surface T,0.12464899540057989,-1.0371803798016628
0.05º,SWA,Surface T,0.10702553861051456,-1.07289688032001
0.05º,SWA,Surface T,0.32309610263862015,-0.6349984303144595
0.05º,SWA,Surface T,0.10518215928347116,-1.0766327568551386
0.05º,SWA,Surface T,0.39361534737356707,-0.4920809158260975
0.05º,SWA,Surface T,0.5668125151295398,-0.1410716441706282
0.05º,SWA,Surface T,0.4900980392157016,-0.29654469644297854
0.05º,SWA,Surface T,0.33213144517072934,-0.6166869934564283
0.05º,SWA,Surface T,0.13761437908493057,-1.0109041424777954
0.05º,SWA,Surface T,0.14125635439360293,-1.0035231493758443
0.05º,SWA,Surface T,0.7640141612201761,0.2585861970075906
0.05º,SWA,Surface T,0.13829929193896362,-1.0095160668807375
0.05º,SWA,Surface T,0.3406541999515993,-0.5994143902903862
0.05º,SWA,Surface T,0.2549636891793941,-0.7730786837868926
0.05º,SWA,Surface T,0.7146786492374062,0.15860060052127312
0.05º,SWA,Surface T,0.38714173323645834,-0.5052006371973305
0.05º,SWA,Surface T,0.324233115468337,-0.6326941083073921
0.05º,SWA,Surface T,0.4588876785282107,-0.3597970354676903
0.05º,SWA,Surface T,0.5559229000241872,-0.16314103431287197
0.05º,SWA,Surface T,0.6189748244976777,-0.03535713130414426
0.05º,SWA,Surface T,0.43729847494549606,-0.40355069912960084
0.05º,SWA,Surface T,0.7505755265069006,0.23135084758549793
0.05º,SWA,Surface T,0.8029454127329814,0.3374860451702314
0.05º,SWA,Surface T,0.925882352941168,0.5866356496419793
0.05º,SWA,Surface T,0.8721762285162716,0.4777923708397438
0.05º,SWA,Surface T,0.22001694504959662,-0.8439033477387501
0.05º,SWA,Surface T,0.2294093439845584,-0.8248682841059336
0.05º,SWA,Surface T,0.3224068022270406,-0.6363953979355539
0.05º,SWA,Surface T,0.6386867586539893,0.004591972603121475
0.05º,SWA,Surface T,0.08148148148148948,-1.1246656303761182
0.05º,SWA,Surface T,0.18198680706852757,-0.9209769581600251
0.05º,SWA,Surface T,0.7092095588234812,0.14751669269713083
0.05º,SWA,Surface T,0.5728461631566878,-0.12884357816426795
0.05º,SWA,Surface T,0.2979920116194737,-0.6858755250058611
0.05º,SWA,Surface T,0.47623214717981455,-0.3246459450224447
0.05º,SWA,Surface T,0.3374176954732396,-0.6059736377329272
0.05º,SWA,Surface T,0.11500121036071202,-1.0567330205509848
0.05º,SWA,Surface T,0.7068221980149852,0.14267835850595237
0.05º,SWA,Surface T,0.32485994397767726,-0.6314237490898187
0.05º,SWA,Surface T,0.17269970951345057,-0.9397986132184603
0.05º,SWA,Surface T,0.16828976034858872,-0.9487360171289952
0.05º,SWA,Surface T,0.46312212539335307,-0.35121531251427823
0.05º,SWA,Surface T,0.286255144032926,-0.7096619956303424
0.05º,SWA,Surface T,0.27198438634712196,-0.7385837633830545
0.05º,SWA,Surface T,0.4576954732510343,-0.3622132130035442
0.05º,SWA,Surface T,0.13951525054467437,-1.0070517497669895
0.05º,SWA,Surface T,0.18782377148390753,-0.9091475001228815
0.05º,SWA,Surface T,0.44788913096094046,-0.3820871931006083
0.05º,SWA,Surface T,0.26692749939488497,-0.7488322808902789
0.05º,SWA,Surface T,0.3964500121035839,-0.48633605512680156
0.05º,SWA,Surface T,0.2829986686031892,-0.7162617171128921
0.05º,SWA,Surface T,0.3681926289033868,-0.5436037554275683
0.05º,SWA,Surface T,0.30405591866371473,-0.6735861346967514
0.05º,SWA,Surface T,0.46303679496485806,-0.35138824704862515
0.05º,SWA,Surface T,0.20902384410547054,-0.8661824669970365
0.05º,SWA,Surface T,0.5317057007987861,-0.2122207136851133
0.05º,SWA,Surface T,0.31575299564278225,-0.6498803055303916
0.05º,SWA,Surface T,0.3547440087145838,-0.5708593418693391
0.05º,SWA,Surface T,0.8908587509078908,0.5156552219610093
0.05º,SWA,Surface T,0.6552856451222056,0.03823203222412817
0.05º,SWA,Surface T,0.7678189300414525,0.2662971148596386
0.05º,SWA,Surface T,0.28845557976279046,-0.7052024923204925
0.05º,SWA,Surface T,0.2936183732752416,-0.6947393397528573
0.05º,SWA,Surface T,0.4586086903896671,-0.36036244554095825
0.05º,SWA,Surface T,0.2730083514887901,-0.7365085489714428
0.05º,SWA,Surface T,0.2692265795206418,-0.7441728603531227
0.05º,SWA,Surface T,0.7848496732025865,0.3008123949314448
0.05º,SWA,Surface T,0.31789699830550766,-0.6455351720456977
0.05º,SWA,Surface T,0.7126997095133257,0.15458999110889368
0.05º,SWA,Surface T,0.29971374969741443,-0.6823861721685737
0.05º,SWA,Surface T,0.7137037037035852,0.15662473148043263
0.05º,SWA,Surface T,0.20024146695721534,-0.8839812326821432
0.05º,SWA,Surface T,0.18488985717742581,-0.9150935045360061
0.05º,SWA,Surface T,0.36186819172110063,-0.5564211479851234
0.05º,SWA,Surface T,0.6874497700314603,0.10341731327756924
0.05º,SWA,Surface T,0.3481874848704807,-0.5841470918304292
0.05º,SWA,Surface T,0.1672791091745517,-0.9507842488471738
0.05º,SWA,Surface T,0.23882837085446657,-0.805779255086891
0.05º,SWA,Surface T,0.14706669087385965,-0.9917476567252852
0.05º,SWA,Surface T,0.8295279593319201,0.3913594453033539
0.05º,SWA,Surface T,0.43965202130233494,-0.3987808948468578
0.05º,SWA,Surface T,1.2168972403777616,1.1764196801980706
0.05º,SWA,Surface T,0.21574074074072136,-0.8525696982302495
0.05º,SWA,Surface T,0.5908756959574993,-0.09230410550026989
0.05º,SWA,Surface T,0.2428007746308367,-0.7977286005968031
0.05º,SWA,Surface T,0.20468893730326776,-0.8749677866362087
0.05º,SWA,Surface T,0.5276652142338271,-0.22040934785665028
0.05º,SWA,Surface T,0.3293585088356015,-0.6223067525780762
0.05º,SWA,Surface T,0.5629097070927097,-0.1489812527639338
0.05º,SWA,Surface T,0.3644396030017055,-0.5512098087211726
0.05º,SWA,Surface T,0.4578467683367712,-0.3619065914892457
0.05º,SWA,Surface T,0.3454092748210818,-0.589777538901708
0.05º,SWA,Surface T,0.6655397603486449,0.05901348935612345
0.05º,SWA,Surface T,0.31467622851614074,-0.6520625308505973
0.05º,SWA,Surface T,0.5744577584119952,-0.12557744578982932
0.05º,SWA,Surface T,1.2738221677559878,1.2917863317256768
0.05º,SWA,Surface T,0.4407189542483394,-0.3966185999252116
0.05º,SWA,Surface T,0.3379962478818407,-0.6048011170607434
0.05º,SWA,Surface T,0.3688090050835247,-0.5423545793766018
0.05º,SWA,Surface T,0.2456269668361036,-0.7920009107022038
0.05º,SWA,Surface T,0.39926833696437014,-0.48062430955099106
0.05º,SWA,Surface T,0.21844529169688562,-0.8470885320334912
0.05º,SWA,Surface T,0.340255991285441,-0.600221418117031
0.05º,SWA,Surface T,0.2861994674412169,-0.7097748323479244
0.05º,SWA,Surface T,0.15198257080609462,-0.9817849104695802
0.05º,SWA,Surface T,0.22106753812633745,-0.8417741679406563
0.05º,SWA,Surface T,0.3613265553133892,-0.5575188530078796
0.05º,SWA,Surface T,0.2440892035826323,-0.7951174117776718
0.05º,SWA,Surface T,0.3003389009925159,-0.6811192120697964
0.05º,SWA,Surface T,1.012159586056299,0.7614890213718235
0.05º,SWA,Surface T,0.11097918179616625,-1.0648842468978716
0.05º,SWA,Surface T,0.18492919389972762,-0.9150137829422678
0.05º,SWA,Surface T,0.29999515855725023,-0.6818158561512383
0.05º,SWA,Surface T,0.2350157346888927,-0.8135061172573564
0.05º,SWA,Surface T,0.6987115710481299,0.1262409923458066
0.05º,SWA,Surface T,0.3604974582425484,-0.5591991389082677
0.05º,SWA,Surface T,0.5924013556039919,-0.08921213414618856
0.05º,SWA,Surface T,0.9683366013071918,0.6726753637476651
0.05º,SWA,Surface T,0.39417998063428666,-0.49093660433321623
0.05º,SWA,Surface T,0.5169038973613359,-0.24221872295445163
0.05º,SWA,Surface T,0.13778685548291175,-1.0105545939510063
0.05º,SWA,Surface T,1.0004799080126077,0.7378184536806546
0.05º,SWA,Surface T,0.7862854030501202,0.30372211045743347
0.05º,SWA,Surface T,0.34354030501091554,-0.5935652782759271
0.05º,SWA,Surface T,0.8467283950616699,0.426218632066516
0.05º,SWA,Surface T,0.22050290486562416,-0.8429184794335247
0.05º,SWA,Surface T,0.7052747518760675,0.1395422336536517
0.05º,SWA,Surface T,0.28022512708786784,-0.7218827027202943
0.05º,SWA,Surface T,1.985177317840775,2.7334510907674283
0.05º,SWA,Surface T,0.18205700798840022,-0.9208346857772067
0.05º,SWA,Surface T,0.2854133381748688,-0.711368037737961
0.05º,SWA,Surface T,0.19659994553375526,-0.8913613059196425
0.05º,SWA,Surface T,0.7568911885741854,0.2441504560951656
0.05º,SWA,Surface T,0.2775883563301641,-0.7272265024785447
0.05º,SWA,Surface T,0.7898747276688027,0.31099639927209777
0.05º,SWA,Surface T,0.10259682885498478,-1.081872305298392
0.05º,SWA,Surface T,0.3256378600823445,-0.6298471888674654
0.05º,SWA,Surface T,0.9968100944080902,0.7303810422199317
0.05º,SWA,Surface T,0.6008339385136688,-0.07212227740285855
0.05º,SWA,Surface T,0.41360687484872943,-0.451565175359579
0.05º,SWA,Surface T,0.47194081336241805,-0.33334295766526767
0.05º,SWA,Surface T,0.4398238925199457,-0.39843257280618166
0.05º,SWA,Surface T,0.22773359961267817,-0.8282644240028815
0.05º,SWA,Surface T,0.4216194625998608,-0.4353264999410362
0.05º,SWA,Surface T,0.31522815298959334,-0.650943975565049
0.05º,SWA,Surface T,1.5617495763737377,1.8753131370309433
0.05º,SWA,Surface T,0.1612279109174387,-0.9630478829492323
0.05º,SWA,Surface T,0.3207964173324108,-0.639659077337895
0.05º,SWA,Surface T,0.8316775599129314,0.39571592378430703
0.05º,SWA,Surface T,0.37017308157832457,-0.539590079800046
0.05º,SWA,Surface T,0.4594323408375026,-0.35869319801492033
0.05º,SWA,Surface T,0.23398329702251885,-0.8155985024735751
0.05º,SWA,Surface T,0.9365002420723714,0.6081543475442068
0.05º,SWA,Surface T,0.3582328733962438,-0.5637886497403579
0.05º,SWA,Surface T,0.06930343742435399,-1.1493462093374676
0.05º,SWA,Surface T,0.7198270697167004,0.16903462404502578
0.05º,SWA,Surface T,0.15157709997578828,-0.9826066561289775
0.05º,SWA,Surface T,0.7108067053982204,0.15075354271719646
0.05º,SWA,Surface T,0.40608750907770425,-0.4668042646402847
0.05º,SWA,Surface T,0.855069595739451,0.44312328941498513
0.05º,SWA,Surface T,0.11434822076977172,-1.058056399008521
0.05º,SWA,Surface T,0.16211207939963085,-0.9612559868173495
0.05º,SWA,Surface T,0.12866557734206355,-1.0290401918292411
0.05º,SWA,Surface T,0.9872482449770751,0.711002562491044
0.05º,SWA,Surface T,0.4126851851852014,-0.4534331136271561
0.05º,SWA,Surface T,0.5041400387315017,-0.26808654042063523
0.05º,SWA,Surface T,0.6739209634471561,0.07599921743309733
0.05º,SWA,Surface T,0.504379084967291,-0.2676020784273848
0.05º,SWA,Surface T,0.3666491164367092,-0.5467319081204749
0.05º,SWA,Surface T,0.4092707576857606,-0.460352947971028
0.05º,SWA,Surface T,0.11680222706365208,-1.0530829980400565
0.05º,SWA,Surface T,0.2613519728879068,-0.7601318969502111
0.05º,SWA,Surface T,0.3615326797386388,-0.5571011118559043
0.05º,SWA,Surface T,0.23136649721614808,-0.8209018281919063
0.05º,SWA,Surface T,0.37357116920844013,-0.5327033605798515
0.05º,SWA,Surface T,1.6244619946744163,2.0024089813607375
0.05º,SWA,Surface T,1.4352941176471015,1.6190327426134419
0.05º,SWA,Surface T,1.3550744371823131,1.4564558830885044
0.05º,SWA,Surface T,0.377923280423285,-0.5238831736941244
0.05º,SWA,Surface T,0.6944458061002052,0.11759579873886426
0.05º,SWA,Surface T,0.4375078673444743,-0.4031263349531664
0.05º,SWA,Surface T,0.4128019849914924,-0.45319640181791065
0.05º,SWA,Surface T,0.1704805131929182,-0.9442961375961573
0.05º,SWA,Surface T,0.42359477124182376,-0.4313232494451212
0.05º,SWA,Surface T,0.7332909707091377,0.1963211792596898
0.05º,SWA,Surface T,0.2119795449043838,-0.8601923090856797
0.05º,SWA,Surface T,0.11318627450980835,-1.0604112522413822
0.05º,SWA,Surface T,0.5363622609537642,-0.20278351670553185
0.05º,SWA,Surface T,0.27423202614378145,-0.734028594160652
0.05º,SWA,Surface T,0.2712115710481966,-0.7401499860800804
0.05º,SWA,Surface T,2.638799927377559,4.058112452633964
0.05º,SWA,Surface T,0.5895128298232635,-0.095066152104958307
0.05º,SWA,Surface T,0.3418215928346563,-0.597048498682996
0.05º,SWA,Surface T,0.27477729363347536,-0.7329235302217051
0.05º,SWA,Surface T,0.15016945049625796,-0.9854594627017287
0.05º,SWA,Surface T,0.6676779230211183,0.06334678725048179
0.05º,SWA,Surface T,0.5259059549745694,-0.22397474282959368
0.05º,SWA,Surface T,0.24861716291453856,-0.7859408430856403
0.05º,SWA,Surface T,0.8565211640212169,0.44606510383344455
0.05º,SWA,Surface T,0.37931009440814656,-0.5210725932842084
0.05º,SWA,Surface T,0.41519305252961025,-0.44835055539958873
0.05º,SWA,Surface T,0.31548777535699757,-0.6504178130459458
0.05º,SWA,Surface T,0.4423825950133151,-0.39324698974949995
0.05º,SWA,Surface T,0.2993349068022566,-0.6831539524413351
0.05º,SWA,Surface T,0.2004435971919444,-0.8835715863386664
0.05º,SWA,Surface T,0.31250272331152473,-0.6564674555309278
0.05º,SWA,Surface T,0.5305077463084066,-0.2146485428383993
0.05º,SWA,Surface T,0.813641370128241,0.35916295977346424
0.05º,SWA,Surface T,0.40219075284430045,-0.47470160837302483
0.05º,SWA,Surface T,0.41688816267249723,-0.4449151679487449
0.05º,SWA,Surface T,0.40954066811912704,-0.45980593518868473
0.05º,SWA,Surface T,0.25019305252963403,-0.7827470733885316
0.05º,SWA,Surface T,0.35778685548294537,-0.5646925699656169
0.05º,SWA,Surface T,0.22228576615832354,-0.8393052515042156
0.05º,SWA,Surface T,0.4617901234567512,-0.3539148083297586
0.05º,SWA,Surface T,1.322876422173825,1.3912019188158031
0.05º,SWA,Surface T,0.1698910675380413,-0.9454907350175791
0.05º,SWA,Surface T,0.36298293391430686,-0.5541619606647382
0.05º,SWA,Surface T,0.1800236020334296,-0.9249556789347839
0.05º,SWA,Surface T,0.7059809973376837,0.14097354288522745
0.05º,SWA,Surface T,0.5408381747760195,-0.19371242581473808
0.05º,SWA,Surface T,0.21725913822316065,-0.8494924447087286
0.05º,SWA,Surface T,0.18065359477121648,-0.9236789069476672
0.05º,SWA,Surface T,0.11785039941901232,-1.0509587241862093
0.05º,SWA,Surface T,0.2960856935366678,-0.6897389560911323
0.05º,SWA,Surface T,0.5703824739770451,-0.13383660291020533
0.05º,SWA,Surface T,0.5846683611716483,-0.10488417300560635
0.05º,SWA,Surface T,0.16674836601308446,-0.9518598771207564
0.05º,SWA,Surface T,0.4813961510530665,-0.3141803394824622
0.05º,SWA,Surface T,0.1943542725732262,-0.8959124890623269
0.05º,SWA,Surface T,0.29495158557254325,-0.6920373909652343
0.05º,SWA,Surface T,0.3728982086660911,-0.5340672130774606
0.05º,SWA,Surface T,0.19472887920596804,-0.895153294191997
0.05º,SWA,Surface T,0.27774025659641666,-0.726918654477839
0.05º,SWA,Surface T,0.3264639312514785,-0.6281730353973473
0.05º,SWA,Surface T,0.40072500605179406,-0.4776721576073743
0.05º,SWA,Surface T,0.525007262164119,-0.22579607462690493
0.05º,SWA,Surface T,0.42673323650450357,-0.4249626927440937
0.05º,SWA,Surface T,0.7039899540062922,0.13693840375078783
0.05º,SWA,Surface T,0.2568312757201865,-0.7692937478094133
0.05º,SWA,Surface T,0.22685669329457092,-0.8300416023021397
0.05º,SWA,Surface T,0.2567641007019827,-0.7694298877620388
0.05º,SWA,Surface T,0.10743827160494372,-1.0720604168279115
0.05º,SWA,Surface T,0.2812654320987854,-0.7197743731851589
0.05º,SWA,Surface T,0.2496889373033216,-0.7837687362754656
0.05º,SWA,Surface T,0.3979926167998163,-0.48320974216284046
0.05º,SWA,Surface T,1.5774352457032643,1.9071024291892489
0.05º,SWA,Surface T,0.5150405470829595,-0.24599507352949934
0.05º,SWA,Surface T,0.22985294117649524,-0.8239692698248828
0.05º,SWA,Surface T,0.1790613652868337,-0.9269057917683762
0.05º,SWA,Surface T,0.2818179617526021,-0.7186545914135106
0.05º,SWA,Surface T,0.5227820140402046,-0.2303058638650776
0.05º,SWA,Surface T,0.3820279593318914,-0.5155644443941194
0.05º,SWA,Surface T,0.32082244008720157,-0.6396063384373464
0.05º,SWA,Surface T,0.5054266521424451,-0.2654790310593176
0.05º,SWA,Surface T,1.1214221738077426,0.9829255601024253
0.05º,SWA,Surface T,0.5512595315903681,-0.17259202926056214
0.05º,SWA,Surface T,0.19618191721135267,-0.8922085011646861
0.05º,SWA,Surface T,0.47529895908976666,-0.32653718652511626
0.05º,SWA,Surface T,0.23418361171626934,-0.815192535588168
0.05º,SWA,Surface T,0.753965746792523,0.2382216224868784
0.05º,SWA,Surface T,0.36018397482450837,-0.5598344586866912
0.05º,SWA,Surface T,0.5072261126672889,-0.2618321623698242
0.05º,SWA,Surface T,0.32017429193899083,-0.6409199050064536
0.05º,SWA,Surface T,1.0780864197531121,0.8950993464036633
0.05º,SWA,Surface T,0.09416303558462384,-1.0989646150138328
0.05º,SWA,Surface T,0.16034132171385965,-0.9648446850253746
0.05º,SWA,Surface T,0.15241648511254072,-0.9809055199654518
0.05º,SWA,Surface T,0.28665214233847297,-0.7088574207756609
0.05º,SWA,Surface T,0.29863471314446444,-0.6845729968115393
0.05º,SWA,Surface T,0.817786855482887,0.3675643892763005
0.05º,SWA,Surface T,0.7981472403775834,0.32776185045292167
0.05º,SWA,Surface T,0.3120497458242287,-0.6573854803459532
0.05º,SWA,Surface T,0.8369825708060274,0.40646730057548885
0.05º,SWA,Surface T,0.18754417816510088,-0.9097141366820446
0.05º,SWA,Surface T,0.14179072863710948,-1.0024401621859558
0.05º,SWA,Surface T,0.2963162672476629,-0.6892716649026683
0.05º,SWA,Surface T,0.6395098039216249,0.006259993643392271
0.05º,SWA,Surface T,0.5195594287096318,-0.23683690212850766
0.05º,SWA,Surface T,0.3089754296780648,-0.6636160295245869
0.05º,SWA,Surface T,0.32315783103360396,-0.6348733287366193
0.05º,SWA,Surface T,0.43451585572505436,-0.40919008202781265
0.05º,SWA,Surface T,0.13466109900749895,-1.0168893944447008
0.05º,SWA,Surface T,0.5390656015492065,-0.197304803480961
0.05º,SWA,Surface T,0.2875441781650794,-0.7070495803251239
0.05º,SWA,Surface T,0.2205749213265512,-0.842772527592483
0.05º,SWA,Surface T,0.26886589203581934,-0.7449038460440731
0.05º,SWA,Surface T,0.5997869765189736,-0.07424409828463366
0.05º,SWA,Surface T,0.368946381021538,-0.542076167041286
0.05º,SWA,Surface T,0.08227789881385661,-1.1230515747227265
0.05º,SWA,Surface T,0.307124183006484,-0.6673678503786191
0.05º,SWA,Surface T,0.2913090050835194,-0.6994196105532599
0.05º,SWA,Surface T,0.49684519486804546,-0.28287060337344205
0.05º,SWA,Surface T,0.6126059065604181,-0.0482646705864305
0.05º,SWA,Surface T,0.26486625514405027,-0.7530096924066665
0.05º,SWA,Surface T,0.4941078431372944,-0.2884182451144984
0.05º,SWA,Surface T,0.6901821592836213,0.10895489783340652
0.05º,SWA,Surface T,0.3748432582909042,-0.5301252868844103
0.05º,SWA,Surface T,0.3737224642943286,-0.5323967390652458
0.05º,SWA,Surface T,0.230727426773184,-0.8221969974699479
0.05º,SWA,Surface T,0.5024667150810715,-0.27147777437319565
0.05º,SWA,Surface T,0.3359198741224721,-0.60900919072848
0.05º,SWA,Surface T,0.4349600580973111,-0.4082898412607514
0.05º,SWA,Surface T,0.2456941418542442,-0.7918647707497065
0.05º,SWA,Surface T,0.38691479060759726,-0.5056605694692967
0.05º,SWA,Surface T,0.5106669087388,-0.25485888827634823
0.05º,SWA,Surface T,0.2675635439363886,-0.7475432440420079
0.05º,SWA,Surface T,0.3711080852093889,-0.5376951588392279
0.05º,SWA,Surface T,0.3071707818929844,-0.6672734109520257
0.05º,SWA,Surface T,0.1895213023481372,-0.9057072067278679
0.05º,SWA,Surface T,0.2265819414184812,-0.8305984269728993
0.05º,SWA,Surface T,0.22509864439602248,-0.8336045443029214
0.05º,SWA,Surface T,0.1613114258048919,-0.9628786278730832
0.05º,SWA,Surface T,0.5395065359476916,-0.19641118573844585
0.05º,SWA,Surface T,0.543387194383974,-0.18854646653482504
0.05º,SWA,Surface T,0.44498366013075635,-0.38797555266868194
0.05º,SWA,Surface T,0.2115214233841382,-0.8611207590322612
0.05º,SWA,Surface T,0.29798838053742177,-0.6858828839221927
0.05º,SWA,Surface T,0.2784882595013048,-0.7254027177091102
0.05º,SWA,Surface T,0.1718234083756695,-0.9415745650316953
0.05º,SWA,Surface T,0.6908484628418642,0.11030525898371021
0.05º,SWA,Surface T,0.36520999757922507,-0.5496484919684446
0.05º,SWA,Surface T,0.3609253207455241,-0.5583320132647943
0.05º,SWA,Surface T,0.3061722343258124,-0.6692971129490481
0.05º,SWA,Surface T,0.184656862745088,-0.91556570166864
0.05º,SWA,Surface T,0.07716957153233277,-1.1334043435450887
0.05º,SWA,Surface T,0.6171792544178061,-0.03899611544059449
0.05º,SWA,Surface T,0.23306281771967483,-0.8174639877690416
0.05º,SWA,Surface T,0.759635076252443,0.2497113438852398
0.05º,SWA,Surface T,0.2059834180585464,-0.8723443329563969
0.05º,SWA,Surface T,0.1634271362866634,-0.9585908326114032
0.05º,SWA,Surface T,0.14846102638592937,-0.9889218328456215
0.05º,SWA,Surface T,0.545716533526887,-0.1838257216947913
0.05º,SWA,Surface T,0.8833381747760112,0.5004136797078477
0.05º,SWA,Surface T,0.17365347373517656,-0.9378656711898079
0.05º,SWA,Surface T,0.7282915758895696,0.186189177928079
0.05º,SWA,Surface T,0.26417150810937706,-0.75441769840229
0.05º,SWA,Surface T,0.1990450254176292,-0.886405995620416
0.05º,SWA,Surface T,0.19954914064390372,-0.8853843327335588
0.05º,SWA,Surface T,0.3805313483417889,-0.5185975444176001
0.05º,SWA,Surface T,0.28895485354635436,-0.704190641322026
0.05º,SWA,Surface T,0.3704157588961468,-0.5390982588905027
0.05º,SWA,Surface T,0.5425865407891529,-0.19016910759072525
0.05º,SWA,Surface T,0.25103243766645594,-0.78104593722486515
0.05º,SWA,Surface T,0.1412896393124912,-1.0034556926426457
0.05º,SWA,Surface T,0.2151458484628266,-0.8537753340260469
0.05º,SWA,Surface T,0.17411764705878519,-0.9369249563827892
0.05º,SWA,Surface T,0.5473238925199553,-0.18056817472242567
0.05º,SWA,Surface T,0.17180101670297493,-0.9416199450158227
0.05º,SWA,Surface T,0.6293681917209774,-0.0142934597304939
0.05º,SWA,Surface T,0.15744371822808667,-0.9707171002748002
0.05º,SWA,Surface T,0.3089227789881761,-0.6637227338116686
0.05º,SWA,Surface T,0.8377759622369562,0.40807522379915473
0.05º,SWA,Surface T,0.21836056644879262,-0.8472602400816611
0.05º,SWA,Surface T,0.34521604938272,-0.5901691383791328
0.05º,SWA,Surface T,0.5457879448074247,-0.18368099633990081
0.05º,SWA,Surface T,0.4432310578552574,-0.39152745629502395
0.05º,SWA,Surface T,0.6903963931251711,0.10938907389794998
0.05º,SWA,Surface T,0.24489515250537863,-0.7934840389689243
0.05º,SWA,Surface T,0.44324497700311366,-0.3914992471157724
0.05º,SWA,Surface T,0.18815480513193153,-0.9084766122487213
0.05º,SWA,Surface T,0.3182988380536863,-0.6447207853027854
0.05º,SWA,Surface T,0.34159586056643676,-0.5975059779829377
0.05º,SWA,Surface T,0.5803842895182735,-0.11356646781593296
0.05º,SWA,Surface T,0.35539155168239883,-0.569547001786396
0.05º,SWA,Surface T,0.14775357056402705,-0.9903555950485013
0.05º,SWA,Surface T,0.13014887436454123,-1.0260340744991807
0.05º,SWA,Surface T,0.23403352699105856,-0.8154967041306759
0.05º,SWA,Surface T,0.11490922294843939,-1.0569194464319713
0.05º,SWA,Surface T,0.46188453159041704,-0.3537234765044998
0.05º,SWA,Surface T,0.47187363834417007,-0.33347909761798267
0.05º,SWA,Surface T,0.20914730089563388,-0.8659322638409594
0.05º,SWA,Surface T,0.7735142822560559,0.2778395751583311
0.05º,SWA,Surface T,0.14220346163159547,-1.001603698693742
0.05º,SWA,Surface T,0.5547319051077264,-0.16555475887655124
0.05º,SWA,Surface T,0.26982933914308027,-0.7429512802384088
0.05º,SWA,Surface T,0.15637375938029485,-0.9728855276268796
0.05º,SWA,Surface T,0.5092792302106344,-0.2576712208091161
0.05º,SWA,Surface T,0.2560209392398305,-0.7709360126423255
0.05º,SWA,Surface T,0.16290244492860337,-0.9596541960244589
0.05º,SWA,Surface T,0.21308823529411333,-0.857945386625962
0.05º,SWA,Surface T,0.25234325829096504,-0.7783893684215683
0.05º,SWA,Surface T,0.3839161220043555,-0.5117378078906722
0.05º,SWA,Surface T,0.611552287581762,-0.05039998281521662
0.05º,SWA,Surface T,0.22579218106990437,-0.8321989912796257
0.05º,SWA,Surface T,0.2758297022512579,-0.7307906709654136
0.05º,SWA,Surface T,0.2864802711207833,-0.7092057428164971
0.05º,SWA,Surface T,0.32436153473737606,-0.6324338479655173
0.05º,SWA,Surface T,0.3227602275478034,-0.6356791300771768
0.05º,SWA,Surface T,0.39984386347132767,-0.4794579213089488
0.05º,SWA,Surface T,0.24551440329218444,-0.7922290371091073
0.05º,SWA,Surface T,0.6996798595981899,0.12820337004004106
0.05º,SWA,Surface T,0.5072046719922823,-0.2618756150187063
0.05º,SWA,Surface T,0.454655652384449,-0.3683738524768558
0.05º,SWA,Surface T,0.2746356814330334,-0.7332105279594782
0.05º,SWA,Surface T,0.7485493827159707,0.22724457226045564
0.05º,SWA,Surface T,0.7676851851850617,0.26602606143978386
0.05º,SWA,Surface T,0.1948940934398959,-0.8948184634977685
0.05º,SWA,Surface T,0.22993100944085476,-0.8238110531232631
0.05º,SWA,Surface T,0.32877874606629753,-0.6234817262224089
0.05º,SWA,Surface T,0.38033950617278833,-0.5189863404983107
0.05º,SWA,Surface T,0.6373166303558454,0.0018152081661669784
0.05º,SWA,Surface T,0.2111147421931921,-0.8619449576636793
0.05º,SWA,Surface T,0.6972070927136795,0.1231919480038062
0.05º,SWA,Surface T,0.1528165093197913,-0.980094812680507
0.05º,SWA,Surface T,0.3782952069716809,-0.5231294104048441
0.05º,SWA,Surface T,0.1286728395061737,-1.0290254739965654
0.05º,SWA,Surface T,0.21333091261196716,-0.8574535657163547
0.05º,SWA,Surface T,0.35193718228028575,-0.5765477842101192
0.05º,SWA,Surface T,0.5694135802469936,-0.13580020708978463
0.05º,SWA,Surface T,0.5486909949164809,-0.17779754271556164
0.05º,SWA,Surface T,0.6140081094165389,-0.045422902388848586
0.05º,SWA,Surface T,1.1517695473251277,1.0444289300074248
0.05º,SWA,Surface T,0.1679072863713221,-0.9495111563182035
0.05º,SWA,Surface T,0.3385160977971711,-0.6037475655361169
0.05º,SWA,Surface T,0.46895122246430926,-0.33940179879580806
0.05º,SWA,Surface T,0.14243766642457936,-1.0011290485890747
0.05º,SWA,Surface T,0.27220467199225595,-0.7381373224576256
0.05º,SWA,Surface T,0.403571774388758,-0.4719027671867558
0.05º,SWA,Surface T,0.3514052287581914,-0.5776258654556969
0.05º,SWA,Surface T,0.1819529169692752,-0.9210456413793239
0.05º,SWA,Surface T,0.6618645606391232,0.051565162169588896
0.05º,SWA,Surface T,0.20928044057130693,-0.8656624369079216
0.05º,SWA,Surface T,2.101722343258536,2.9696465494864444
0.05º,SWA,Surface T,0.4833169934640359,-0.3102874727319546
0.05º,SWA,Surface T,0.526917816509303,-0.22192405813927896
0.05º,SWA,Surface T,1.3392792302103185,1.424444596953047
0.05º,SWA,Surface T,0.6070055676591752,-0.0596145725751209
0.05º,SWA,Surface T,0.32725127087870004,-0.6265773770348161
0.05º,SWA,Surface T,0.3209513435004207,-0.6393450969068168
0.05º,SWA,Surface T,0.2734374243523992,-0.7356389703559614
0.05º,SWA,Surface T,0.22586480271120812,-0.8320518129524584
0.05º,SWA,Surface T,0.26625030259016413,-0.7502047187902299
0.05º,SWA,Surface T,0.13776446381022348,-1.010599973935121
0.05º,SWA,Surface T,0.24591382231900777,-0.7914195563103905
0.05º,SWA,Surface T,0.5802983539095281,-0.11374062883614942
0.05º,SWA,Surface T,0.1975677801984956,-0.8893998480900774
0.05º,SWA,Surface T,0.5082334785762251,-0.25979058871958727
0.05º,SWA,Surface T,0.19142338416844495,-0.9018523610451946
0.05º,SWA,Surface T,0.23795751633986761,-0.8075441685254175
0.05º,SWA,Surface T,0.45330428467692246,-0.3711125958460657
0.05º,SWA,Surface T,0.25510348583877374,-0.77279536550735906
0.05º,SWA,Surface T,0.5846453643186149,-0.10493077947578258
0.05º,SWA,Surface T,1.0088622609537703,0.7548065120811367
0.05º,SWA,Surface T,0.7243923989350125,0.17828692825155287
0.05º,SWA,Surface T,0.3773487049140335,-0.5250476346008848
0.05º,SWA,Surface T,0.1750689905591811,-0.9349969202982809
0.05º,SWA,Surface T,0.35661885741954946,-0.567059688059056
0.05º,SWA,Surface T,0.22234144274994427,-0.8391924147868127
0.05º,SWA,Surface T,0.7975938029531764,0.3266402289520337
0.05º,SWA,Surface T,0.10390999455335503,-1.0792109838615582
0.05º,SWA,Surface T,0.6812944807552349,0.09094272357341916
0.05º,SWA,Surface T,0.9810269910432541,0.6983942858062255
0.05º,SWA,Surface T,0.45118857419509417,-0.3754003911078608
0.05º,SWA,Surface T,0.29542483660133356,-0.6910782788672817
0.05º,SWA,Surface T,0.29315238441053754,-0.6956837340181826
0.05º,SWA,Surface T,0.7448717017670864,0.21979121648117464
0.05º,SWA,Surface T,0.7417843137254068,0.21353417520348664
0.05º,SWA,Surface T,0.914587872185867,0.5637457403264258
0.05º,SWA,Surface T,1.5393046477850842,1.8298252220821114
0.05º,SWA,Surface T,0.3284961268457841,-0.624054495211842
0.05º,SWA,Surface T,0.3424763979665941,-0.5957214407673516
0.05º,SWA,Surface T,0.44355482933917756,-0.3908712862535268
0.05º,SWA,Surface T,0.2732879448075778,-0.7359419124123181
0.05º,SWA,Surface T,0.29237896393124807,-0.6972511832013085
0.05º,SWA,Surface T,0.6763634713144597,0.08094931516635212
0.05º,SWA,Surface T,0.24449830549503482,-0.7942883072018535
0.05º,SWA,Surface T,0.6048444686515937,-0.0639943542912708
0.05º,SWA,Surface T,0.08402989590899779,-1.1195008975824716
0.05º,SWA,Surface T,0.25491345921084174,-0.7731804821298175
0.05º,SWA,Surface T,0.7599763979665871,0.25040308202296
0.05º,SWA,Surface T,0.12866134107965385,-1.0290487772316599
0.05º,SWA,Surface T,1.145628177196809,1.0319825494826287
0.05º,SWA,Surface T,0.26246429435977664,-0.7578776155739828
0.05º,SWA,Surface T,0.6095627139745261,-0.05443214333971661
0.05º,SWA,Surface T,0.3449885015734569,-0.5906302971372759
0.05º,SWA,Surface T,0.21341563786003487,-0.8572818576682358
0.05º,SWA,Surface T,0.19553195352216335,-0.8935257471918631
0.05º,SWA,Surface T,1.6114076494795375,1.9759524505862296
0.05º,SWA,Surface T,0.8645666908738323,0.46237053513587795
0.05º,SWA,Surface T,0.15587327523602174,-0.9738998315975077
0.05º,SWA,Surface T,0.25655228758164283,-0.7698591578826813
0.05º,SWA,Surface T,0.44433611716275817,-0.38928789275199616
0.05º,SWA,Surface T,0.4623788126362551,-0.3527217440157956
0.05º,SWA,Surface T,0.2648753328492085,-0.7529912951157801
0.05º,SWA,Surface T,0.18803618978457357,-0.9087170035162155
0.05º,SWA,Surface T,0.46676410070198115,-0.34383431941241693
0.05º,SWA,Surface T,0.7609816025174799,0.25244027536650693
0.05º,SWA,Surface T,0.2531778019850069,-0.7766980441464333
0.05º,SWA,Surface T,0.11134313725490301,-1.064146638182086
0.05º,SWA,Surface T,0.28077039457759334,-0.7207776387812833
0.05º,SWA,Surface T,0.6252396514161787,-0.022660547623232646
0.05º,SWA,Surface T,0.36712599854757855,-0.5457654371061358
0.05º,SWA,Surface T,0.6792138707335008,0.08672606450335321
0.05º,SWA,Surface T,0.5509931009440202,-0.1731319897479821
0.05º,SWA,Surface T,0.14434095860567847,-0.9972717499340732
0.05º,SWA,Surface T,0.4630628177196867,-0.35133550814799974
0.05º,SWA,Surface T,0.18812545388525828,-0.908536096822577
0.05º,SWA,Surface T,0.3577263374485066,-0.5648152185716281
0.05º,SWA,Surface T,0.2662599854755727,-0.750185095013474
0.05º,SWA,Surface T,0.362041878479791,-0.5560691464861728
0.05º,SWA,Surface T,0.12307794722825191,-1.0403643376102656
0.05º,SWA,Surface T,0.4810185185184916,-0.314945666783318
0.05º,SWA,Surface T,0.5808109416606158,-0.1127017951444675
0.05º,SWA,Surface T,0.22851065117405747,-0.8266896159033473
0.05º,SWA,Surface T,2.1011401597677692,2.9684666698976985
0.05º,SWA,Surface T,0.30392762043087235,-0.6738461497411552
0.05º,SWA,Surface T,0.6010748002904935,-0.07163413595142328
0.05º,SWA,Surface T,0.44723614137012013,-0.3834105715579015
0.05º,SWA,Surface T,0.9277335996126226,0.5903874704957558
0.05º,SWA,Surface T,0.46077705156134624,-0.3559679459921581
0.05º,SWA,Surface T,0.24042483660126537,-0.8025437848637503
0.05º,SWA,Surface T,0.862141733236639,0.4574560054986158
0.05º,SWA,Surface T,0.2847694262889983,-0.7126730189047902
0.05º,SWA,Surface T,0.5281814330670929,-0.21936315524838104
0.05º,SWA,Surface T,0.1911631566206577,-0.9023797500504362
0.05º,SWA,Surface T,0.5115147664002014,-0.2531405813083306
0.05º,SWA,Surface T,0.20886649721616854,-0.8665013533721818
0.05º,SWA,Surface T,0.18526870007260893,-0.9143257242631934
0.05º,SWA,Surface T,0.16623335754054047,-0.9529036167568384
0.05º,SWA,Surface T,0.902845557976232,0.5399482313274282
0.05º,SWA,Surface T,0.3737012829823938,-0.5324396660771089
0.05º,SWA,Surface T,0.22437847978697947,-0.8350640627128784
0.05º,SWA,Surface T,0.5801912369886268,-0.1139577168686772
0.05º,SWA,Surface T,1.0535312273059136,0.8453346745679496
0.05º,SWA,Surface T,0.3695727426772224,-0.5408067539706031
0.05º,SWA,Surface T,1.0670051353874652,0.8726415106053713
0.05º,SWA,Surface T,0.1655888404744701,-0.9542098244094349
0.05º,SWA,Surface T,0.6650789760348061,0.05807964287071961
0.05º,SWA,Surface T,0.46301319293146687,-0.35143608000488863
0.05º,SWA,Surface T,0.6897040668118469,0.10798597384650903
0.05º,SWA,Surface T,0.3042489711934498,-0.6731948856438279
0.05º,SWA,Surface T,0.21281699346402547,-0.858495097677564
0.05º,SWA,Surface T,0.6170715323166102,-0.0392144299590816
0.05º,SWA,Surface T,0.3289699830549466,-0.6230941566277729
0.05º,SWA,Surface T,0.7104454127330465,0.15002133054017147
0.05º,SWA,Surface T,0.19220709271361455,-0.900264061598995
0.05º,SWA,Surface T,0.21326736867585952,-0.857582346752559
0.05º,SWA,Surface T,0.3049406923263089,-0.6717930120786917
0.05º,SWA,Surface T,0.2719008714595361,-0.7387530184594724
0.05º,SWA,Surface T,0.6985663277656486,0.12594663569172773
0.05º,SWA,Surface T,0.23612018881623145,-0.8112677802000192
0.05º,SWA,Surface T,0.220541636407644,-0.84283998432572
0.05º,SWA,Surface T,0.3216660614862753,-0.6378966168715812
0.05º,SWA,Surface T,0.29601186153474957,-0.6898885873902694
0.05º,SWA,Surface T,0.6186365286855435,-0.03604273701098019
0.05º,SWA,Surface T,0.6407824981844215,0.008839293824869386
0.05º,SWA,Surface T,0.4960469619945671,-0.2844883384851724
0.05º,SWA,Surface T,0.1794734931010377,-0.9260705547620961
0.05º,SWA,Surface T,0.25453038005317313,-0.7739568478052026
0.05º,SWA,Surface T,1.4123536220043391,1.5725404888929488
0.05º,SWA,Surface T,0.20822803195348646,-0.8677952961642897
0.05º,SWA,Surface T,0.3999782135075773,-0.47918564140401815
0.05º,SWA,Surface T,0.4425076252723443,-0.39299359772972653
0.05º,SWA,Surface T,0.6707552650690585,0.06958346885952608
0.05º,SWA,Surface T,0.36382473977242097,-0.5524559185570043
0.05º,SWA,Surface T,0.37706305979176274,-0.5256265360206901
0.05º,SWA,Surface T,0.3478340595497179,-0.5848633596888062
0.05º,SWA,Surface T,0.3789566690873143,-0.5217888611427263
0.05º,SWA,Surface T,0.6211068748484903,-0.03103622091936292
0.05º,SWA,Surface T,0.11692931493586103,-1.0528254359676608
0.05º,SWA,Surface T,0.1619153957879386,-0.9616545947864125
0.05º,SWA,Surface T,0.4863816267248353,-0.3040765473299875
0.05º,SWA,Surface T,0.29662490922289764,-0.6886461570128275
0.05º,SWA,Surface T,0.7585505930766518,0.2475134808682568
0.05º,SWA,Surface T,0.29854635681438896,-0.6847520637759
0.05º,SWA,Surface T,0.32479000242068423,-0.6315654958360077
0.05º,SWA,Surface T,0.8331203098523348,0.39863986654833933
0.05º,SWA,Surface T,0.1862273057371024,-0.9123829703460349
0.05º,SWA,Surface T,0.3995145697166649,-0.48012528303594737
0.05º,SWA,Surface T,0.5962267005567823,-0.08145951576849235
0.05º,SWA,Surface T,0.1548602033406231,-0.9759529692598944
0.05º,SWA,Surface T,0.41471496005807595,-0.44931947938599975
0.05º,SWA,Surface T,0.5942556281772037,-0.08545418086204
0.05º,SWA,Surface T,0.2995739530379827,-0.6826694904482129
0.05º,SWA,Surface T,0.11451222464296507,-1.0577240212865056
0.05º,SWA,Surface T,0.35980331638822033,-0.5606059184178297
0.05º,SWA,Surface T,0.8864176781823809,0.5066547416243645
0.05º,SWA,Surface T,0.45465323166304317,-0.36837875842115353
0.05º,SWA,Surface T,0.14345376422171638,-0.9990697784963538
0.05º,SWA,Surface T,0.13531106269665039,-1.0155721484176006
0.05º,SWA,Surface T,0.21058702493345058,-0.8630144535069536
0.05º,SWA,Surface T,0.10963023480992559,-1.067618084323027
0.05º,SWA,Surface T,0.11991527475186103,-1.046773953753567
0.05º,SWA,Surface T,0.3741370128297679,-0.5315565961150134
0.05º,SWA,Surface T,0.5321114742194355,-0.21139835478233973
0.05º,SWA,Surface T,0.4887726942629279,-0.2992307009117168
0.05º,SWA,Surface T,0.4436952311788976,-0.39058674148794115
0.05º,SWA,Surface T,0.9588622609537651,0.6534742339026441
0.05º,SWA,Surface T,0.22323226821590778,-0.8373870273083028
0.05º,SWA,Surface T,0.5617810457516385,-0.15126864926358843
0.05º,SWA,Surface T,0.14894517066082674,-0.9879406439987731
0.05º,SWA,Surface T,0.4382812878237069,-0.40155888577015575
0.05º,SWA,Surface T,0.27233660130713766,-0.7378699484969159
0.05º,SWA,Surface T,0.176762890341302,-0.931563985819714
0.05º,SWA,Surface T,0.9883048898572421,0.713144007149703
0.05º,SWA,Surface T,0.268481753812587,-0.7456823580699845
0.05º,SWA,Surface T,0.7472367465504262,0.22458432399897368
0.05º,SWA,Surface T,1.4353152989588251,1.6190756696248774
0.05º,SWA,Surface T,0.11889615105302356,-1.0488393562765448
0.05º,SWA,Surface T,0.17036431856694711,-0.9445316229193923
0.05º,SWA,Surface T,0.46650992495764537,-0.34434944355704206
0.05º,SWA,Surface T,0.13412975066568025,-1.0179662492043577
0.05º,SWA,Surface T,0.23741890583393874,-0.8086357411177502
0.05º,SWA,Surface T,0.22682401355605306,-0.8301078325492255
0.05º,SWA,Surface T,0.46069837811664155,-0.3561273891798396
0.05º,SWA,Surface T,1.4268082788670868,1.601834955096758
0.05º,SWA,Surface T,0.3087944807552453,-0.6639827488562516
0.05º,SWA,Surface T,0.23293330912604107,-0.8177264557857737
0.05º,SWA,Surface T,0.8639615105300827,0.46114404907705836
0.05º,SWA,Surface T,0.2889754296779567,-0.7041489407961987
0.05º,SWA,Surface T,0.21455337690627138,-0.8549760638776805
0.05º,SWA,Surface T,0.3445721374969442,-0.5914741195457701
0.05º,SWA,Surface T,0.16936036220042894,-0.9465662866356138
0.05º,SWA,Surface T,0.6974655047203302,0.1237156575506579
0.05º,SWA,Surface T,2.087298474945922,2.9404144807611723
0.05º,SWA,Surface T,0.18181977729362744,-0.9213154683123105
0.05º,SWA,Surface T,0.10951646090534142,-1.0678486637020026
0.05º,SWA,Surface T,0.5517283950616856,-0.17164180918649674
0.05º,SWA,Surface T,0.3306529895908991,-0.619683298898226
0.05º,SWA,Surface T,0.6816243040427329,0.09161115847578889
0.05º,SWA,Surface T,1.3789342774147775,1.5048113224431088
0.05º,SWA,Surface T,0.3650950133140264,-0.5498815243193897
0.05º,SWA,Surface T,1.4505731057856919,1.6499978361403493
0.05º,SWA,Surface T,1.7553056160734728,2.267582626190521
0.05º,SWA,Surface T,0.1584477124182955,-0.9686823599033638
0.05º,SWA,Surface T,0.47772452190752623,-0.32162143040134433
0.05º,SWA,Surface T,0.1979865649964015,-0.8885511197373112
0.05º,SWA,Surface T,0.276371943839245,-0.7296917394567366
0.05º,SWA,Surface T,0.27501512950858065,-0.7324415212005653
0.05º,SWA,Surface T,0.2859701040910257,-0.7102396705640348
0.05º,SWA,Surface T,0.2629175744371853,-0.7569589775160481
0.05º,SWA,Surface T,0.13924231420962643,-1.0076048949795513
0.05º,SWA,Surface T,0.33365407891548354,-0.6136011545326808
0.05º,SWA,Surface T,0.2984307673686683,-0.6849863226132653
0.05º,SWA,Surface T,0.14031529895914396,-1.0054303351971638
0.05º,SWA,Surface T,0.21633986928110163,-0.85135547703188
0.05º,SWA,Surface T,0.8232510288064153,0.3786383319010047
0.05º,SWA,Surface T,0.5803322440087678,-0.11367194561687632
0.05º,SWA,Surface T,0.21142943597189717,-0.8613071849131837
0.05º,SWA,Surface T,0.30568705259880097,-0.670280404343621
0.05º,SWA,Surface T,0.7067586540788271,0.1425495774696457
0.05º,SWA,Surface T,0.4792229484385378,-0.3185846509199347
0.05º,SWA,Surface T,0.4612962962963125,-0.35491562095363177
0.05º,SWA,Surface T,0.21687363834425039,-0.8502737163280788
0.05º,SWA,Surface T,0.1763919147906121,-0.9323158217737125
0.05º,SWA,Surface T,0.39287944807551234,-0.4935723228737341
0.05º,SWA,Surface T,0.3024203431372712,-0.6769008665813013
0.05º,SWA,Surface T,0.4106862745097273,-0.45748419707957777
0.05º,SWA,Surface T,0.8080022996853258,0.3477345626776734
0.05º,SWA,Surface T,0.3002741466957054,-0.6812504460781496
0.05º,SWA,Surface T,0.7888807189542462,0.3089818959205921
0.05º,SWA,Surface T,0.21262829823282597,-0.8588775160307413
0.05º,SWA,Surface T,0.25006778019851733,-0.7830009560026273
0.05º,SWA,Surface T,0.3192277898814066,-0.6428381292023662
0.05º,SWA,Surface T,0.4104272573226619,-0.4580091331126321
0.05º,SWA,Surface T,0.11228637133866136,-1.0622350370108293
0.05º,SWA,Surface T,0.3634840232389378,-0.5531464302080228
0.05º,SWA,Surface T,1.1602650689904914,1.0616463413007438
0.05º,SWA,Surface T,0.22672536916002173,-0.8303077497768134
0.05º,SWA,Surface T,0.3913913096102546,-0.49658825209232604
0.05º,SWA,Surface T,0.18610869038974442,-0.9126233616135292
0.05º,SWA,Surface T,0.44496308399914775,-0.3880172531945219
0.05º,SWA,Surface T,0.08449981844587266,-1.1185485311578929
0.05º,SWA,Surface T,0.43873759380302446,-0.40063411528154147
0.05º,SWA,Surface T,0.670921084483123,0.06991952603939378
0.05º,SWA,Surface T,0.11517187121763249,-1.056387151482432
0.05º,SWA,Surface T,0.10515371580729986,-1.0766904016999337
0.05º,SWA,Surface T,0.15707334785761556,-0.9714677097429931
0.05º,SWA,Surface T,0.43789941902682333,-0.4023327984732255
0.05º,SWA,Surface T,0.2230035100459481,-0.837850639038582
0.05º,SWA,Surface T,0.1553219559428448,-0.975017160397135
0.05º,SWA,Surface T,0.5960245703219142,-0.08186916211225094
0.05º,SWA,Surface T,0.261169208424096,-0.7605022957399714
0.05º,SWA,Surface T,0.3143790849672996,-0.6526647355055994
0.05º,SWA,Surface T,0.49896582244023335,-0.27857284291228396
0.05º,SWA,Surface T,0.31096042120548695,-0.6595931552518134
0.05º,SWA,Surface T,0.24120067780196072,-0.8009714297363264
0.05º,SWA,Surface T,0.38208000484134647,-0.5154589665932785
0.05º,SWA,Surface T,0.49587085451457824,-0.28484524592820326
0.05º,SWA,Surface T,0.26590474461386293,-0.7509050423298568
0.05º,SWA,Surface T,0.5150284434761514,-0.24601960325054026
0.05º,SWA,Surface T,0.08994311304768922,-1.1075169023019187
0.05º,SWA,Surface T,0.24487835875095876,-0.7935180739568151
0.05º,SWA,Surface T,0.4426561365286893,-0.39269261805091477
0.05º,SWA,Surface T,0.2846586782860704,-0.7128974658535983
0.05º,SWA,Surface T,1.1845194868070748,1.110801449565687
0.05º,SWA,Surface T,0.27555434519486727,-0.7313487221221453
0.05º,SWA,Surface T,0.18258896151054513,-0.9197566045315264
0.05º,SWA,Surface T,1.0312866134107646,0.8002527265040261
0.05º,SWA,Surface T,0.38774267731780454,-0.5039827365409169
0.05º,SWA,Surface T,0.6749797696857301,0.07814504239918321
0.05º,SWA,Surface T,0.643903413217092,0.015164282430108932
0.05º,SWA,Surface T,0.5382056402808328,-0.19904764017035212
0.05º,SWA,Surface T,0.7799433551198603,0.29086902715562635
0.05º,SWA,Surface T,0.3555725006051552,-0.5691802824548591
0.05º,SWA,Surface T,0.1475552443199279,-0.9907575320512444
0.05º,SWA,Surface T,0.32650145243282697,-0.6280969932616275
0.05º,SWA,Surface T,0.5376857903655465,-0.20010119169488916
0.05º,SWA,Surface T,0.4404193899781919,-0.39722571052431
0.05º,SWA,Surface T,0.8152747518760938,0.3624732456463657
0.05º,SWA,Surface T,0.13502783829581708,-1.0161461438930441
0.05º,SWA,Surface T,0.5065008472524634,-0.26330201830519084
0.05º,SWA,Surface T,0.8740698378116399,0.4816300457173362
0.05º,SWA,Surface T,0.4232486080852469,-0.43202479947066896
0.05º,SWA,Surface T,0.2954618736383168,-0.6910032179205919
0.05º,SWA,Surface T,0.13154563059792204,-1.0232033446754112
0.05º,SWA,Surface T,0.6242677317839972,-0.024630284233939443
0.05º,SWA,Surface T,0.2742931493585401,-0.7339047190686303
0.05º,SWA,Surface T,0.4739572742677372,-0.329256306117391
0.05º,SWA,Surface T,0.9430174291935537,0.6213623759103043
0.05º,SWA,Surface T,0.30240075042365155,-0.6769405740674368
0.05º,SWA,Surface T,0.9051694504962156,0.5446579377932655
0.05º,SWA,Surface T,0.44560396998318513,-0.3867184044582186
0.05º,SWA,Surface T,0.15929980634228968,-0.9669554675325563
0.05º,SWA,Surface T,0.3360808520939208,-0.6086829454368111
0.05º,SWA,Surface T,0.14114076494795175,-1.003757408213069
0.05º,SWA,Surface T,0.21398027112076712,-0.856137546175329
0.05º,SWA,Surface T,0.559742193173602,-0.15540068079563862
0.05º,SWA,Surface T,0.4188459210845331,-0.44094748554845126
0.05º,SWA,Surface T,0.49701646090533,-0.2825235078187891
0.05º,SWA,Surface T,0.32154260469623197,-0.6381468200274151
0.05º,SWA,Surface T,0.33502239167272463,-0.6108280695536424
0.05º,SWA,Surface T,0.7240075042362074,0.17750688311777804
0.05º,SWA,Surface T,0.42081033648025823,-0.43696631180169704
0.05º,SWA,Surface T,0.44315419995149974,-0.3916832200246997
0.05º,SWA,Surface T,0.40873910675382774,-0.4614304159735974
0.05º,SWA,Surface T,0.6418076736867483,0.010916961208540348
0.05º,SWA,Surface T,0.8418778746066411,0.4163883463053281
0.05º,SWA,Surface T,0.13780985233598309,-1.0105079874807532
0.05º,SWA,Surface T,0.5695091987412044,-0.1356064222926971
0.05º,SWA,Surface T,0.3067060033890685,-0.6682153522450295
0.05º,SWA,Surface T,0.4890153715807312,-0.2987388800022117
0.05º,SWA,Surface T,0.2615026627935006,-0.7598265019215648
0.05º,SWA,Surface T,0.3098142096344658,-0.6619161198471356
0.05º,SWA,Surface T,0.6058079157588294,-0.06204178848565751
0.05º,SWA,Surface T,0.6463392641006686,0.020100888816826566
0.05º,SWA,Surface T,0.7237024933430184,0.17688873414425613
0.05º,SWA,Surface T,0.31632958121525057,-0.6487117709379304
0.05º,SWA,Surface T,0.5510100459937285,-0.17309764813816636
0.05º,SWA,Surface T,0.2564282256111912,-0.7701105875247048
0.05º,SWA,Surface T,0.22600883563299273,-0.8317599092705157
0.05º,SWA,Surface T,1.3219801500849764,1.3893854929631868
0.05º,SWA,Surface T,0.20570503510046162,-0.8729085165433728
0.05º,SWA,Surface T,0.3940495642701099,-0.49120091207909194
0.05º,SWA,Surface T,0.6938410796416545,0.11637023254446931
0.05º,SWA,Surface T,0.22490135560397878,-0.8340043787580588
0.05º,SWA,Surface T,0.1118694020818225,-1.0630800859053469
0.05º,SWA,Surface T,0.2580858145727297,-0.7667512422095808
0.05º,SWA,Surface T,0.5637448559669767,-0.14728870200298053
0.05º,SWA,Surface T,0.1784894698619913,-0.9280648210939588
0.05º,SWA,Surface T,0.31777354151539483,-0.6457853752016723
0.05º,SWA,Surface T,0.349739772452305,-0.5810011550893408
0.05º,SWA,Surface T,0.48110626966833553,-0.3147678263047886
0.05º,SWA,Surface T,0.23662309368188517,-0.8102485702851444
0.05º,SWA,Surface T,0.56648390220282685,-0.1417376261006826
0.05º,SWA,Surface T,0.650351851851849,0.028232981981190227
0.05º,SWA,Surface T,0.2685106511740211,-0.7456237933606352
0.05º,SWA,Surface T,0.833863471314506,0.4001459914286646
0.05º,SWA,Surface T,0.2890528927621163,-0.7039919505803462
0.05º,SWA,Surface T,0.3348063422899499,-0.6112659250767548
0.05º,SWA,Surface T,0.9055337690631617,0.5453962824006932
0.05º,SWA,Surface T,0.20864301276066044,-0.8669542771524641
0.05º,SWA,Surface T,0.6204175744372011,-0.03243318853986874
0.05º,SWA,Surface T,0.6027699104333237,-0.06819874850069456
0.05º,SWA,Surface T,0.533226821592829,-0.2091379409762128
0.05º,SWA,Surface T,0.3078376906318504,-0.6659218233150972
0.05º,SWA,Surface T,0.6842314209634297,0.09689486041682643
0.05º,SWA,Surface T,0.24540607601061815,-0.7924485781137072
0.05º,SWA,Surface T,0.45391476034853895,-0.369875378034517
0.05º,SWA,Surface T,0.2013453159041142,-0.8817441221110597
0.05º,SWA,Surface T,0.6510716230936282,0.029691703175127145
0.05º,SWA,Surface T,0.18372670055678478,-0.9174508107409649
0.05º,SWA,Surface T,0.3326428225611077,-0.6156506127369081
0.05º,SWA,Surface T,0.5742084241103511,-0.12608275804610206
0.05º,SWA,Surface T,0.37309005083517377,-0.5336784169965836
0.05º,SWA,Surface T,1.8455803679500997,2.450537551583637
0.05º,SWA,Surface T,1.094257703081098,0.9278728060175537
0.05º,SWA,Surface T,0.4302699104333543,-0.41779510821639604
0.05º,SWA,Surface T,0.36732691842173737,-0.5453582437345389
0.05º,SWA,Surface T,0.2987926652141684,-0.684252883950217
0.05º,SWA,Surface T,0.5868113047687744,-0.10054118587151081
0.05º,SWA,Surface T,0.25157588961505123,-0.7799445527442312
0.05º,SWA,Surface T,0.691647300895675,0.11192422058147662
0.05º,SWA,Surface T,0.5452402565963502,-0.18479096622309418
0.05º,SWA,Surface T,0.2530670539820537,-0.7769224910952925
0.05º,SWA,Surface T,0.5984489227789267,-0.07695585896071751
0.05º,SWA,Surface T,0.2335838779956513,-0.8164079832723816
0.05º,SWA,Surface T,0.9823432582909264,0.7010618929841926
0.05º,SWA,Surface T,0.4408526991043497,-0.396347546506128
0.05º,SWA,Surface T,0.5914469862019145,-0.0911463026609153
0.05º,SWA,Surface T,0.1690492616799967,-0.9471967771251721
0.05º,SWA,Surface T,0.23737775357055726,-0.8087191421697633
0.05º,SWA,Surface T,0.2432177438876503,-0.7968835517023369
0.05º,SWA,Surface T,0.5416527475185767,-0.19206157557982967
0.05º,SWA,Surface T,0.3906433067054359,-0.49810418886091407
0.05º,SWA,Surface T,0.31335209392394997,-0.6547460823474298
0.05º,SWA,Surface T,0.3274818445896762,-0.6261100858463905
0.05º,SWA,Surface T,0.16984282601930545,-0.9455885034775049
0.05º,SWA,Surface T,0.31000302590171536,-0.6615334561967845
0.05º,SWA,Surface T,0.4709471072377798,-0.3353568477742577
0.05º,SWA,Surface T,0.2994492858872238,-0.6829221465762212
0.05º,SWA,Surface T,1.4386135318324653,1.6257600186458598
0.05º,SWA,Surface T,0.6547887920600538,0.03722508716997234
0.05º,SWA,Surface T,0.21091926894212698,-0.862341112660747
0.05º,SWA,Surface T,0.3320321955943339,-0.6168881371701164
0.05º,SWA,Surface T,1.0866684822076802,0.9124921452034913
0.05º,SWA,Surface T,0.29059065601550554,-0.7008754495050445
0.05º,SWA,Surface T,0.2162533284918974,-0.8515308645383886
0.05º,SWA,Surface T,0.13207274267733737,-1.0221350753181602
0.05º,SWA,Surface T,0.28486262406196755,-0.7124841400516675
0.05º,SWA,Surface T,0.363343016218841,-0.553432201459734
0.05º,SWA,Surface T,0.19394274993944313,-0.8967464995823919
0.05º,SWA,Surface T,0.17545509561848702,-0.9342144221927667
0.05º,SWA,Surface T,0.1842647058823622,-0.9163604646347066
0.05º,SWA,Surface T,0.4001761074800798,-0.4787845804625887
0.05º,SWA,Surface T,0.26956487533285806,-0.7434872546461204
0.05º,SWA,Surface T,0.32937787460658935,-0.6222675050242186
0.05º,SWA,Surface T,0.21730452674896444,-0.8494004582542715
0.05º,SWA,Surface T,0.3898638344226381,-0.4996839029047717
0.05º,SWA,Surface T,0.6196786492374523,-0.03393072801774952
0.05º,SWA,Surface T,0.34425320745576,-0.5921204776988251
0.05º,SWA,Surface T,0.9347930283223731,0.6046944303717078
0.05º,SWA,Surface T,0.18344892277897568,-0.9180137678420199
0.05º,SWA,Surface T,0.19414306463320624,-0.8963405326969591
0.05º,SWA,Surface T,0.2509885620914787,-0.7811348574642419
0.05º,SWA,Surface T,0.2335778261922504,-0.8164202481328956
0.05º,SWA,Surface T,0.2712024933430194,-0.7401683833710052
0.05º,SWA,Surface T,0.16706790123460755,-0.9512122924816523
0.05º,SWA,Surface T,0.1003930646332473,-1.08633855428153
0.05º,SWA,Surface T,0.8166255144032815,0.3652107625295267
0.05º,SWA,Surface T,0.31245400629376896,-0.6565661876588329
0.05º,SWA,Surface T,0.19798414427499564,-0.888556025681609
0.05º,SWA,Surface T,0.31419147906079714,-0.6530449461837121
0.05º,SWA,Surface T,0.3883109416605698,-0.5028310661317169
0.05º,SWA,Surface T,0.6350671750181252,-0.0027436405144718227
0.05º,SWA,Surface T,0.3716938997821444,-0.5365079203342786
0.05º,SWA,Surface T,0.4874307500777653,-0.30195034614113464
0.05º,SWA,Surface T,0.047292423142102455,-1.1939547337822607
0.05º,SWA,Surface T,0.682814088598535,0.09402243006740889
0.05º,SWA,Surface T,1.7587993221980456,2.2746631302083027
0.05º,SWA,Surface T,0.24499273783583753,-0.7932862680918803
0.05º,SWA,Surface T,0.2881784071652823,-0.7057642229355754
0.05º,SWA,Surface T,0.14952735415153662,-0.9867607644101425
0.05º,SWA,Surface T,0.40789820866621085,-0.46313461835228037
0.05º,SWA,Surface T,0.6007358992979638,-0.07232096814442306
0.05º,SWA,Surface T,0.21850762527230294,-0.8469622039694102
0.05º,SWA,Surface T,0.5099897119341803,-0.2562313261760944
0.05º,SWA,Surface T,0.1816364076494147,-0.9216870935882475
0.05º,SWA,Surface T,1.1069063180826346,0.9535070654957182
0.05º,SWA,Surface T,0.3156003389009672,-0.6501896866389401
0.05º,SWA,Surface T,0.6088108206245629,-0.05595596466169699
0.05º,SWA,Surface T,0.7731529895909325,0.2771073629814085
0.05º,SWA,Surface T,0.3654357298474338,-0.5491910126685249
0.05º,SWA,Surface T,0.9530924715565006,0.6417809158179467
0.05º,SWA,Surface T,0.12236322924233416,-1.0418128176456294
0.05º,SWA,Surface T,0.18775175502302469,-0.9092934519638337
0.05º,SWA,Surface T,0.2633581457274469,-0.7560660956652032
0.05º,SWA,Surface T,0.9553976034858983,0.6464526012161034
0.05º,SWA,Surface T,0.13256112321473287,-1.0211453010687137
0.05º,SWA,Surface T,0.3629561546840492,-0.5542162326729357
0.05º,SWA,Surface T,0.17950314693777297,-0.9260104569454337
0.05º,SWA,Surface T,0.43589385136766623,-0.40639737327209496
0.05º,SWA,Surface T,0.4945291696925867,-0.28756436552040116
0.05º,SWA,Surface T,0.17646211571045317,-0.9321735493909581
0.05º,SWA,Surface T,0.4067205277171979,-0.4655213602228979
0.05º,SWA,Surface T,1.0115734688937121,0.7603011696245346
0.05º,SWA,Surface T,0.550147058823566,-0.17484661725799377
0.05º,SWA,Surface T,0.15151416122003208,-0.9827342106791074
0.05º,SWA,Surface T,0.2401661220043536,-0.8030681076538122
0.05º,SWA,Surface T,0.20755265068992734,-0.8691640546057999
0.05º,SWA,Surface T,0.6063976034857887,-0.060846700469923916
0.05º,SWA,Surface T,0.19661522633747885,-0.8913303371465683
0.05º,SWA,Surface T,0.7161837327524014,0.16165087134974
0.05º,SWA,Surface T,0.6963907044299257,0.12153741831038621
0.05º,SWA,Surface T,0.31227729363350437,-0.6569243215877847
0.05º,SWA,Surface T,0.6377475187606163,0.0026884662400895264
0.05º,SWA,Surface T,0.3516503267973248,-0.5771291386020476
0.05º,SWA,Surface T,0.32681069958842573,-0.6274702588856867
0.05º,SWA,Surface T,0.14763979665939864,-0.9905861744275666
0.05º,SWA,Surface T,0.499198568316217,-0.2781011495152826
0.05º,SWA,Surface T,0.12565419995154847,-1.0351431864579623
0.05º,SWA,Surface T,0.7797179859597413,0.29041228374710565
0.05º,SWA,Surface T,0.3086014282256365,-0.6643739979089192
0.05º,SWA,Surface T,0.5521919632050059,-0.1707023208654245
0.05º,SWA,Surface T,0.8217743887679174,0.3756457059179937
0.05º,SWA,Surface T,0.6199158799321872,-0.03344994548272246
0.05º,SWA,Surface T,0.4420449043814314,-0.3939313689704661
0.05º,SWA,Surface T,0.25511922052773645,-0.7727634768697785
0.05º,SWA,Surface T,0.8928376906318135,0.519665831373069
0.05º,SWA,Surface T,0.5160856935365941,-0.2438769321059604
0.05º,SWA,Surface T,0.9919480755263774,0.7205274532233167
0.05º,SWA,Surface T,0.2635511982570367,-0.7556748466125741
0.05º,SWA,Surface T,0.2812720890825757,-0.7197608818384935
0.05º,SWA,Surface T,0.15812696683612001,-0.9693323975145143
0.05º,SWA,Surface T,0.17234567901234263,-0.940516107562899
0.05º,SWA,Surface T,0.4052075768578713,-0.46858757536985113
0.05º,SWA,Surface T,0.16247700314695143,-0.9605164157238009
0.05º,SWA,Surface T,0.2689302832244721,-0.7447733479272571
0.05º,SWA,Surface T,0.3486425804889437,-0.5832247743142711
0.05º,SWA,Surface T,0.284324013556045,-0.7135757126439874
0.05º,SWA,Surface T,0.17944807552652897,-0.9261220671767109
0.05º,SWA,Surface T,1.0051355603968912,0.7472538109307852
0.05º,SWA,Surface T,0.4181384652626434,-0.44238124775130555
0.05º,SWA,Surface T,0.1882649479544764,-0.9082533917860517
0.05º,SWA,Surface T,0.5417150810941267,-0.19193524751547988
0.05º,SWA,Surface T,0.33130234809976855,-0.6183672793570596
0.05º,SWA,Surface T,0.7006154684095741,0.13009951748686954
0.05º,SWA,Surface T,1.0169789397237612,0.7712561431012587
0.05º,SWA,Surface T,0.6947004357299167,0.11811184274827237
0.05º,SWA,Surface T,0.16164596949888618,-0.9622006263798294
0.05º,SWA,Surface T,0.4507177438876574,-0.3763545972616217
0.05º,SWA,Surface T,0.1016987412249048,-1.0836924106095907
0.05º,SWA,Surface T,0.11878903413210334,-1.049056444309111
0.05º,SWA,Surface T,0.36092774146696155,-0.5583271073204323
0.05º,SWA,Surface T,0.3929187847978015,-0.49349260128002137
0.05º,SWA,Surface T,0.1744753086419261,-0.9362001031220574
0.05º,SWA,Surface T,0.1932292423141967,-0.8981925266456707
0.05º,SWA,Surface T,0.43261074800292615,-0.413051060140986
0.05º,SWA,Surface T,0.25696986201889005,-0.7690128825019742
0.05º,SWA,Surface T,0.7363537884287692,0.2025284252032034
0.05º,SWA,Surface T,0.6462503025901216,0.019920595366148163
0.05º,SWA,Surface T,0.6541696925683785,0.03597039193176044
0.05º,SWA,Surface T,0.9158315177922355,0.5662661691772254
0.05º,SWA,Surface T,0.6671036068747817,0.06218285198042224
0.05º,SWA,Surface T,0.3530640280803823,-0.5742640671685264
0.05º,SWA,Surface T,0.9527099975794044,0.6410057766290841
0.05º,SWA,Surface T,1.0190068990557708,0.7753660978845757
0.05º,SWA,Surface T,0.31283042846755255,-0.6558033133303052
0.05º,SWA,Surface T,0.2623438634713011,-0.7581216862998285
0.05º,SWA,Surface T,0.4529163640763222,-0.37189877341028954
0.05º,SWA,Surface T,0.2478286129266457,-0.7875389544202562
0.05º,SWA,Surface T,0.1930349794239103,-0.8985862286704359
0.05º,SWA,Surface T,0.5512866134107021,-0.17253714400952896
0.05º,SWA,Surface T,0.34874546114743527,-0.5830162716841621
0.05º,SWA,Surface T,0.1081348341805387,-1.0706487313743331
0.05º,SWA,Surface T,0.15542120551924654,-0.9748160166834343
0.05º,SWA,Surface T,0.3323190510772444,-0.6163067827782901
0.05º,SWA,Surface T,0.3921980150085271,-0.49495334617580944
0.05º,SWA,Surface T,0.27281408859840894,-0.7369022509964
0.05º,SWA,Surface T,1.3055424836604175,1.3560721692284168
0.05º,SWA,Surface T,0.27624485596704873,-0.7299493015291068
0.05º,SWA,Surface T,0.30423989348827896,-0.6732132829347398
0.05º,SWA,Surface T,0.21981663035580823,-0.8443093146242342
0.05º,SWA,Surface T,0.2944160009683085,-0.6931228311273229
0.05º,SWA,Surface T,0.07760953764219873,-1.1325126881804077
0.05º,SWA,Surface T,0.10195049624787897,-1.0831821924091736
0.05º,SWA,Surface T,0.32808823529410347,-0.6248811468154731
0.05º,SWA,Surface T,0.8314645364319264,0.3952842006915922
0.05º,SWA,Surface T,0.27191358024690415,-0.7387272622519346
0.05º,SWA,Surface T,0.2675538610506073,-0.7475628678195191
0.05º,SWA,Surface T,0.5108648027111384,-0.2544578273352515
0.05º,SWA,Surface T,0.36057855240858316,-0.559034789776442
0.05º,SWA,Surface T,0.38127511498415995,-0.5170901930515078
0.05º,SWA,Surface T,0.6319454656862931,-0.00907023888258328
0.05º,SWA,Surface T,0.16399055918664215,-0.9574489740907477
0.05º,SWA,Surface T,0.3507389251997021,-0.5789762266064999
0.05º,SWA,Surface T,0.2664604730781142,-0.7497787777032325
0.05º,SWA,Surface T,0.5885584604210408,-0.09700032061997958
0.05º,SWA,Surface T,0.2588338174776368,-0.7652353054408138
0.05º,SWA,Surface T,0.09143185669331741,-1.1044997465972137
0.05º,SWA,Surface T,0.35684035342529796,-0.5666107941616575
0.05º,SWA,Surface T,0.13371278140882875,-1.0188112980989008
0.05º,SWA,Surface T,0.42954187847971703,-0.41927057094537185
0.05º,SWA,Surface T,0.6960312273057335,0.1208088855914374
0.05º,SWA,Surface T,0.8089748244977071,0.3497055257741474
0.05º,SWA,Surface T,1.3018675865407596,1.3486244552842874
0.05º,SWA,Surface T,0.19197591382232482,-0.9007325792734183
0.05º,SWA,Surface T,0.4875847252480854,-0.3016382930453056
0.05º,SWA,Surface T,0.09071955942871075,-1.1059433206884717
0.05º,SWA,Surface T,0.4272046719922413,-0.4240072601043607
0.05º,SWA,Surface T,0.10402505446621843,-1.078977798199609
0.05º,SWA,Surface T,0.6136825223916844,-0.04608275188832585
0.05º,SWA,Surface T,0.1883321229726107,-0.9081172518335671
0.05º,SWA,Surface T,0.1783932461873595,-0.9282598323772617
0.05º,SWA,Surface T,0.5596368917936161,-0.15561408937022475
0.05º,SWA,Surface T,0.1612975066569725,-0.9629068370524627
0.05º,SWA,Surface T,0.38403110626971837,-0.5115047755393942
0.05º,SWA,Surface T,0.4826936577099698,-0.311550753372547
0.05º,SWA,Surface T,0.28889917695474626,-0.7043034780394033
0.05º,SWA,Surface T,0.23414548535462623,-0.8152698042098471
0.05º,SWA,Surface T,0.5424624788185497,-0.19042053723305596
0.05º,SWA,Surface T,0.908929435971787,0.5522780956764187
0.05º,SWA,Surface T,0.18437000726217118,-0.916147056060479
0.05º,SWA,Surface T,0.16747942386828324,-0.950378281961805
0.05º,SWA,Surface T,0.3083472524812881,-0.66488912205357
0.05º,SWA,Surface T,0.1838758775114368,-0.9171484819276325
0.05º,SWA,Surface T,0.24799140643911718,-0.7872090296704279
0.05º,SWA,Surface T,0.27513919147901966,-0.7321900915585673
0.05º,SWA,Surface T,0.5699697409828306,-0.134673066401869
0.05º,SWA,Surface T,1.0586746550472033,0.8557585795813754
0.05º,SWA,Surface T,0.26109356088112334,-0.7606556064973319
QDS,Cape,Surface T,2.0313208743721844,1.749645436233768
QDS,Cape,Surface T,1.630320629477822,1.1052976976385653
QDS,Cape,Surface T,0.8162608285151804,-0.2027752986004286
QDS,Cape,Surface T,1.261661595789377,0.5129174741990016
QDS,Cape,Surface T,1.1728241775845478,0.3701689590752823
QDS,Cape,Surface T,0.6896286414565955,-0.4062543847193384
QDS,Cape,Surface T,1.2665172160076443,0.5207197335416158
QDS,Cape,Surface T,0.9554715147910176,0.020915564515507964
QDS,Cape,Surface T,0.7891320172406253,-0.24636726249097582
QDS,Cape,Surface T,0.9384194501830052,-0.006484566552857162
QDS,Cape,Surface T,1.5181088637420619,0.9249900833261128
QDS,Cape,Surface T,3.8193701334741568,4.622774595799977
QDS,Cape,Surface T,1.201584490740757,0.41638250377866537
QDS,Cape,Surface T,2.601831256264427,2.666370747746215
QDS,Cape,Surface T,1.1358320988216164,0.31072819164355747
QDS,Cape,Surface T,1.613673518900776,1.0785482674548266
QDS,Cape,Surface T,1.020469997759796,0.12535845712292834
QDS,Cape,Surface T,1.2467316612143249,0.4889272903941426
QDS,Cape,Surface T,1.608581013512138,1.0703653688837365
QDS,Cape,Surface T,1.4907762869393082,0.8810706985450047
QDS,Cape,Surface T,0.9916851246671285,0.07910544825532478
QDS,Cape,Surface T,0.931889751270873,-0.016976821311575074
QDS,Cape,Surface T,0.7665366285402939,-0.2826746907210348
QDS,Cape,Surface T,0.19390522875815464,-1.2028081624485336
QDS,Cape,Surface T,1.6226508392440775,1.0929734857321243
QDS,Cape,Surface T,1.9344552202643968,1.5939967403374837
QDS,Cape,Surface T,1.0371536805051278,0.15216665334043022
QDS,Cape,Surface T,0.8608563124189774,-0.13111699023071638
QDS,Cape,Surface T,0.9854033055593795,0.06901149946631958
QDS,Cape,Surface T,0.827523798094733,-0.1846773820259311
QDS,Cape,Surface T,1.8206261347131232,1.4110903336826828
QDS,Cape,Surface T,1.9253203891627966,1.5793184257037463
QDS,Cape,Surface T,1.622411970042511,1.0925896584606722
QDS,Cape,Surface T,0.956721931735659,0.02292479852680662
QDS,Cape,Surface T,0.4993528126920397,-0.7119993350897995
QDS,Cape,Surface T,0.5235150761517325,-0.6731741722181509
QDS,Cape,Surface T,0.9939326508355961,0.08271688845398881
QDS,Cape,Surface T,0.5809744954074082,-0.5808454334460794
QDS,Cape,Surface T,2.831781777521428,3.035867026731704
QDS,Cape,Surface T,1.2755101817143029,0.53517009159034
QDS,Cape,Surface T,1.4259332535919118,0.7768775903536247
QDS,Cape,Surface T,1.0249532558702614,0.1325623859528921
QDS,Cape,Surface T,0.8361397065464315,-0.17083289889286526
QDS,Cape,Surface T,1.0516185805378389,0.175409595816783
QDS,Cape,Surface T,1.0575569116883514,0.1849516105576224
QDS,Cape,Surface T,0.6610564667603447,-0.4521656189060563
QDS,Cape,Surface T,0.5196720075147369,-0.679349411802273
QDS,Cape,Surface T,1.6817870446653436,1.187996570424584
QDS,Cape,Surface T,1.6502477295057676,1.1373175829210533
QDS,Cape,Surface T,1.3402763737593786,0.6392397272402156
QDS,Cape,Surface T,2.1567840495510557,1.9512460941704635
QDS,Cape,Surface T,1.3385055103464398,0.6363942131787749
QDS,Cape,Surface T,1.1522271399703514,0.3370725837552024
QDS,Cape,Surface T,0.9756425077317709,0.053327349426058566
QDS,Cape,Surface T,0.516177496664902,-0.684964570875756
QDS,Cape,Surface T,0.2805003842894962,-1.0636626298700715
QDS,Cape,Surface T,2.204464581754178,2.027861616208838
QDS,Cape,Surface T,1.2379269021987653,0.4747793524993763
QDS,Cape,Surface T,1.486535249161395,0.8742559817554549
QDS,Cape,Surface T,1.6024647785040176,1.0605374891096546
QDS,Cape,Surface T,1.3081696331507071,0.5876489714532456
QDS,Cape,Surface T,1.5562707645747826,0.9863105807949752
QDS,Cape,Surface T,0.907739567344701,-0.05578257416987205
QDS,Cape,Surface T,0.847509015432959,-0.15256411087166552
QDS,Cape,Surface T,0.39385841276323674,-0.8815131418618855
QDS,Cape,Surface T,0.46945702009193724,-0.7600374263394989
QDS,Cape,Surface T,1.4807632986527648,0.8649813159544426
QDS,Cape,Surface T,1.6427991198948777,1.1253487753715223
QDS,Cape,Surface T,1.3577874364561038,0.6673773999541215
QDS,Cape,Surface T,1.0187254659888747,0.12255525409297328
QDS,Cape,Surface T,0.919880150084743,-0.036274463804914975
QDS,Cape,Surface T,0.7566325344953131,-0.298589096465098
QDS,Cape,Surface T,0.5549502662793644,-0.6226624981507554
QDS,Cape,Surface T,0.7250934015170034,-0.3492677912304361
QDS,Cape,Surface T,0.632537582937232,-0.49799122258747774
QDS,Cape,Surface T,0.6914982103166759,-0.40325026568829353
QDS,Cape,Surface T,2.28157611577966,2.1517683798618514
QDS,Cape,Surface T,1.3261238464830285,0.616498721313086
QDS,Cape,Surface T,0.75547538126363,-0.3004484695640834
QDS,Cape,Surface T,0.6644301137738656,-0.44674467003717633
QDS,Cape,Surface T,0.6882186153474221,-0.4085200869137234
QDS,Cape,Surface T,1.3090098039215705,0.5889990008937069
QDS,Cape,Surface T,0.8456544420237024,-0.15554413444404028
QDS,Cape,Surface T,0.5228331860727925,-0.6742698681333773
QDS,Cape,Surface T,0.6766979233144829,-0.42703212513063704
QDS,Cape,Surface T,0.7510720348914077,-0.3075239921187897
QDS,Cape,Surface T,0.9170644751436043,-0.04079883456039872
QDS,Cape,Surface T,1.1124267627252873,0.27311929844025473
QDS,Cape,Surface T,0.6825561695384721,-0.41761879495285686
QDS,Cape,Surface T,0.6471442639906653,-0.4745204591029304
QDS,Cape,Surface T,0.7907192689421739,-0.2438167851346748
QDS,Cape,Surface T,2.022480852093837,1.735440835521654
QDS,Cape,Surface T,1.897407455821811,1.5344664943026554
QDS,Cape,Surface T,1.450357371096623,0.8161235137208039
QDS,Cape,Surface T,0.8463880163288687,-0.1543653896660914
QDS,Cape,Surface T,1.4896033437051415,0.8791859532610338
QDS,Cape,Surface T,0.7945101498277641,-0.23772540350333113
QDS,Cape,Surface T,1.196464317309297,0.4081551467788074
QDS,Cape,Surface T,0.7043822977675589,-0.3825474538607689
QDS,Cape,Surface T,1.2985020195732835,0.5721145546404424
QDS,Cape,Surface T,2.2112974824498286,2.0388410711277443
QDS,Cape,Surface T,2.3800801016702926,2.3100496312061325
QDS,Cape,Surface T,1.141504260469623,0.31984251159067456
QDS,Cape,Surface T,0.9084399903171188,-0.05465709865187972
QDS,Cape,Surface T,1.1684127977224155,0.3630805278973956
QDS,Cape,Surface T,1.3051357995902677,0.5827740522509933
QDS,Cape,Surface T,1.5795609730804852,1.0237344810871398
QDS,Cape,Surface T,0.9344385079284133,-0.012881348529636535
QDS,Cape,Surface T,1.2039810734170449,0.4202334556109501
QDS,Cape,Surface T,1.2713703703703976,0.528518030621253
QDS,Cape,Surface T,1.8624268215928497,1.4782578190037288
QDS,Cape,Surface T,1.0523783345436881,0.17663040747909653
QDS,Cape,Surface T,1.1382236988622418,0.31457113712157625
QDS,Cape,Surface T,1.6745260269646944,1.17632919516763
QDS,Cape,Surface T,1.8636246018243885,1.4801824736475917
QDS,Cape,Surface T,1.8712269850109138,1.4923983724569858
QDS,Cape,Surface T,1.4665420099107451,0.8421298205813069
QDS,Cape,Surface T,0.9920010327363306,0.07961306552635142
QDS,Cape,Surface T,0.7813192692565344,-0.2589211862350608
QDS,Cape,Surface T,1.095286056644871,0.24557673371251795
QDS,Cape,Surface T,1.3244352699104525,0.6137854299626759
QDS,Cape,Surface T,1.8518605422415755,1.4612793799826946
QDS,Cape,Surface T,1.6639823771483735,1.1593871184427746
QDS,Cape,Surface T,1.6914967078189358,1.2035985546507695
QDS,Cape,Surface T,2.577291219901219,2.6269385600181434
QDS,Cape,Surface T,1.51295282726019,0.9167050997394226
QDS,Cape,Surface T,1.2489574321231853,0.49250377312704724
QDS,Cape,Surface T,0.4998964742644148,-0.711125751821008
QDS,Cape,Surface T,0.6945131436901116,-0.39840571627486293
QDS,Cape,Surface T,1.2816884855794228,0.5450977067839238
QDS,Cape,Surface T,1.1418139801374803,0.3203401850213599
QDS,Cape,Surface T,0.8399468494468338,-0.16471538662294324
QDS,Cape,Surface T,1.395242507867326,0.7275621276943768
QDS,Cape,Surface T,2.6480679738562003,2.7406662744937673
QDS,Cape,Surface T,2.7844018397482397,2.959734515224192
QDS,Cape,Surface T,2.609990292907279,2.6794811058491685
QDS,Cape,Surface T,2.5733653594770973,2.620630286348661
QDS,Cape,Surface T,2.714198765432103,2.8469286185845273
QDS,Cape,Surface T,2.206159235052035,2.0305846719527683
QDS,Cape,Surface T,0.9931055010892749,0.0813877818628891
QDS,Cape,Surface T,0.6329796763149602,-0.4972808442976536
QDS,Cape,Surface T,0.9998416403921055,0.09221175561827828
QDS,Cape,Surface T,0.6179742811939702,-0.5213922819739185
QDS,Cape,Surface T,0.8632995045844447,-0.12719114388319835
QDS,Cape,Surface T,1.5113139654009728,0.9140716925375525
QDS,Cape,Surface T,0.6139023916468805,-0.5279352027199342
QDS,Cape,Surface T,0.8540678994923306,-0.142024959923073
QDS,Cape,Surface T,1.4270648269184045,0.7786958603503733
QDS,Cape,Surface T,1.5454938029532426,0.9689936067078498
QDS,Cape,Surface T,2.0517171871217417,1.7824192765572815
QDS,Cape,Surface T,3.6092445896877177,4.285134106339561
QDS,Cape,Surface T,3.411458557250026,3.9673213759246027
QDS,Cape,Surface T,2.41174681675138,2.3609333314308354
QDS,Cape,Surface T,2.1187852820140227,1.8901877276391859
QDS,Cape,Surface T,1.2685274509804318,0.5239498820895346
QDS,Cape,Surface T,0.5501287916876234,-0.6304098905512286
QDS,Cape,Surface T,0.7027555640564671,-0.38516137293285
QDS,Cape,Surface T,1.6126266180882662,1.0768660535917107
QDS,Cape,Surface T,1.0273928786426865,0.1364824968167933
QDS,Cape,Surface T,0.8289439434953546,-0.18239541963558895
QDS,Cape,Surface T,0.5048530809013059,-0.7031612223269472
QDS,Cape,Surface T,0.8269125586841584,-0.18565955282746707
QDS,Cape,Surface T,1.5937729363350286,1.0465709917892108
QDS,Cape,Surface T,1.4106817477608362,0.7523706893790032
QDS,Cape,Surface T,1.2280135560396843,0.45885007998434824
QDS,Cape,Surface T,3.5654738077947234,4.214800971414109
QDS,Cape,Surface T,3.155503534253234,3.556039731212609
QDS,Cape,Surface T,1.8455743645606175,1.4511784276149475
QDS,Cape,Surface T,1.5475841926893976,0.9723525520362472
QDS,Cape,Surface T,0.8691134592108496,-0.11784898371368029
QDS,Cape,Surface T,0.6646565602583792,-0.44638080422395826
QDS,Cape,Surface T,0.9092216792890001,-0.053401040762315964
QDS,Cape,Surface T,0.990439575245307,0.0771040356290789
QDS,Cape,Surface T,1.055398751926461,0.18148376887970116
QDS,Cape,Surface T,0.8304528453107436,-0.17997083889059662
QDS,Cape,Surface T,0.7281634783749319,-0.34433463444086654
QDS,Cape,Surface T,1.6581406923263495,1.1500003999741895
QDS,Cape,Surface T,1.5867432340838201,1.0352753060477793
QDS,Cape,Surface T,0.670977390462383,-0.4362241704067718
QDS,Cape,Surface T,2.213034180585819,2.041631686671739
QDS,Cape,Surface T,3.3253491648511613,3.828956392435299
QDS,Cape,Surface T,2.234683708545131,2.0764192574023035
QDS,Cape,Surface T,1.5323703703703713,0.9479062028594872
QDS,Cape,Surface T,0.9500755991285499,0.012245130771315617
QDS,Cape,Surface T,1.5868489857539378,1.035445233249472
QDS,Cape,Surface T,1.2654712151004657,0.5190389656924923
QDS,Cape,Surface T,4.20936731989741,5.249442056306179
QDS,Cape,Surface T,3.296895355673155,3.78323535402771
QDS,Cape,Surface T,1.6325290559186556,1.1088463103916069
QDS,Cape,Surface T,1.2795367404986469,0.5416401725442711
QDS,Cape,Surface T,1.889044222905189,1.5210280231650877
QDS,Cape,Surface T,2.182845707470259,1.993123301374425
QDS,Cape,Surface T,2.0003035723291873,1.6998052461511046
QDS,Cape,Surface T,2.1710522873656033,1.9741730297187552
QDS,Cape,Surface T,1.959424535690611,1.6341187156579473
QDS,Cape,Surface T,1.0528767507375179,0.17743128815551112
QDS,Cape,Surface T,0.9885410356286002,0.07405336490198068
QDS,Cape,Surface T,1.5700911643670186,1.0085179072642017
QDS,Cape,Surface T,1.6355667634955655,1.1137274545620077
QDS,Cape,Surface T,0.6656204308884021,-0.44483200751208296
QDS,Cape,Surface T,1.6116601549261607,1.0753130910664574
QDS,Cape,Surface T,1.8960236504478114,1.532242924928957
QDS,Cape,Surface T,1.4502717017671278,0.8159858558529346
QDS,Cape,Surface T,1.2600077947227912,0.5102600619133266
QDS,Cape,Surface T,1.5578954974582442,0.9889212848347084
QDS,Cape,Surface T,0.8815415338631915,-0.09787891661449827
QDS,Cape,Surface T,1.121249179170114,0.2872956091970394
QDS,Cape,Surface T,1.35608754710788,0.6646459306561946
QDS,Cape,Surface T,1.9460193983878469,1.612578654232624
QDS,Cape,Surface T,1.7026326829567975,1.221492410049845
QDS,Cape,Surface T,1.9241293838552735,1.5774046573549028
QDS,Cape,Surface T,2.5790009577765503,2.6296858544340123
QDS,Cape,Surface T,2.4689223563990126,2.452805917904237
QDS,Cape,Surface T,2.2820641948936853,2.1525526503888197
QDS,Cape,Surface T,1.9428345670241671,1.6074611040238087
QDS,Cape,Surface T,1.6958904599082605,1.2106586606201564
QDS,Cape,Surface T,1.782376566078546,1.34962896709817
QDS,Cape,Surface T,2.5832256251432124,2.636474266408032
QDS,Cape,Surface T,1.9219643484572373,1.5739257675525518
QDS,Cape,Surface T,1.9192235102094222,1.5695216482301306
QDS,Cape,Surface T,1.0908054549817525,0.23837707339825343
QDS,Cape,Surface T,2.3129570645780766,2.2021928961824297
QDS,Cape,Surface T,1.350866292569653,0.6562561513551304
QDS,Cape,Surface T,0.538179419545554,-0.6496107539307592
QDS,Cape,Surface T,0.2887392850659012,-1.050423941985516
QDS,Cape,Surface T,0.10884365886274357,-1.3394894510544908
QDS,Cape,Surface T,0.23447057526715298,-1.1376256853273796
QDS,Cape,Surface T,0.29661835310254975,-1.037763451783098
QDS,Cape,Surface T,0.24075148269181076,-1.1275332014774753
QDS,Cape,Surface T,0.17615710481720726,-1.2313267573154008
QDS,Cape,Surface T,0.1460593681917146,-1.2796893425716245
QDS,Cape,Surface T,1.3196172579733059,0.6060436015330126
QDS,Cape,Surface T,0.7488102517071837,-0.3111583412208241
QDS,Cape,Surface T,1.6784888709966088,1.1826968959929556
QDS,Cape,Surface T,1.6833375938029778,1.1904880722207452
QDS,Cape,Surface T,1.5185482207697936,0.9256960647085665
QDS,Cape,Surface T,1.7227301863954887,1.2537861082632749
QDS,Cape,Surface T,0.9756587024933386,0.053353371998678276
QDS,Cape,Surface T,0.5371781408859861,-0.651219659781094
QDS,Cape,Surface T,0.7011095618494273,-0.38780625361143467
QDS,Cape,Surface T,0.6207619220527678,-0.5169129578182562
QDS,Cape,Surface T,0.7379563029532759,-0.32859902217664533
QDS,Cape,Surface T,1.1917160547140435,0.4005253951652796
QDS,Cape,Surface T,1.890903624158183,1.5240158043641325
QDS,Cape,Surface T,2.0920497004033347,1.8472276253195166
QDS,Cape,Surface T,1.37119312617274,0.6889183490263571
QDS,Cape,Surface T,0.4916066157010669,-0.7244463212884268
QDS,Cape,Surface T,0.8956313235801253,-0.07523872061217429
QDS,Cape,Surface T,1.581263261085793,1.0264698046701637
QDS,Cape,Surface T,1.8529000129169049,1.4629496547207088
QDS,Cape,Surface T,1.948142220538254,1.6159897136259043
QDS,Cape,Surface T,1.6909629502830006,1.2027408856951594
QDS,Cape,Surface T,1.644591446442007,1.1282287774966362
QDS,Cape,Surface T,1.732670093897146,1.269758060904415
QDS,Cape,Surface T,1.802976545375341,1.3827300692645654
QDS,Cape,Surface T,1.4150109510259579,0.7593270749905257
QDS,Cape,Surface T,1.4098860034772542,0.7510920466944803
QDS,Cape,Surface T,1.1841639291477515,0.3883902528750069
QDS,Cape,Surface T,1.0330169251693064,0.14551950292170585
QDS,Cape,Surface T,0.6919838135380374,-0.4024699735525088
QDS,Cape,Surface T,1.307940076137939,0.5872801074838612
QDS,Cape,Surface T,1.8808341359944178,1.5078356348761004
QDS,Cape,Surface T,1.8375884713144677,1.4383462851927529
QDS,Cape,Surface T,1.2339872912127703,0.46844898372257054
QDS,Cape,Surface T,2.606644105543435,2.6741042805522746
QDS,Cape,Surface T,0.8638149600580947,-0.12636288361896744
QDS,Cape,Surface T,0.7723417090292943,-0.2733467899701614
QDS,Cape,Surface T,0.6868181069958786,-0.4107704954875098
QDS,Cape,Surface T,1.0712020818203882,0.20687736903101414
QDS,Cape,Surface T,1.8265588961510337,1.4206233987239512
QDS,Cape,Surface T,2.801828346647369,2.9877363193503355
QDS,Cape,Surface T,2.2467144335512206,2.0957508427318254
QDS,Cape,Surface T,1.393498136201774,0.7247591819299318
QDS,Cape,Surface T,0.8850978394441048,-0.09216446260108818
QDS,Cape,Surface T,1.0883590302372947,0.2344460327771935
QDS,Cape,Surface T,1.5858655978456493,1.033865075174919
QDS,Cape,Surface T,1.5866291875211245,1.0350920501877066
QDS,Cape,Surface T,1.4138983522191084,0.7575392942240924
QDS,Cape,Surface T,1.3153671609098043,0.5992143278192303
QDS,Cape,Surface T,1.256902438012244,0.5052702156490191
QDS,Cape,Surface T,1.0112195661946985,0.11049438974169669
QDS,Cape,Surface T,1.2764018142379427,0.5366028124117865
QDS,Cape,Surface T,1.3820335963924133,0.7063373719828027
QDS,Cape,Surface T,1.2328845468832823,0.4666770376352522
QDS,Cape,Surface T,0.6988044793499739,-0.391510178271604
QDS,Cape,Surface T,0.6031804740580292,-0.5451637292351748
QDS,Cape,Surface T,0.8883139249033181,-0.08699669171027766
QDS,Cape,Surface T,0.6980282251298462,-0.3927575033236025
QDS,Cape,Surface T,1.8667089990316867,1.4851386411082264
QDS,Cape,Surface T,0,-1.5143850186796728
QDS,Cape,Surface T,2.2578261586959343,2.1136057319994714
QDS,Cape,Surface T,3.029160612765047,3.3530254518326283
QDS,Cape,Surface T,2.3382082709178778,2.2427678282654213
QDS,Cape,Surface T,2.155209172608415,1.9487155012107915
QDS,Cape,Surface T,1.2686598270284624,0.5241625907057479
QDS,Cape,Surface T,0.8106160009682716,-0.21184569671344922
QDS,Cape,Surface T,1.0820307189542038,0.22427737797883954
QDS,Cape,Surface T,0.7780440571290418,-0.2641839648857955
QDS,Cape,Surface T,0.9897682885499977,0.07602537777393076
QDS,Cape,Surface T,1.477995430888427,0.8605337642200257
QDS,Cape,Surface T,2.008317940139067,1.712683142961184
QDS,Cape,Surface T,1.8164525322474674,1.4043839754078915
QDS,Cape,Surface T,1.6305464683404882,1.1056605870938676
QDS,Cape,Surface T,0.7750620597186261,-0.2689755911063837
QDS,Cape,Surface T,0.9285829594279372,-0.022290343867058946
QDS,Cape,Surface T,1.0417001843065066,0.15947220858692301
QDS,Cape,Surface T,1.8168450594166887,1.4050147081743805
QDS,Cape,Surface T,1.9449364681675358,1.6108385464710997
QDS,Cape,Surface T,1.3092961450012222,0.5894591084110703
QDS,Cape,Surface T,1.340515194349308,0.6396234763999987
QDS,Cape,Surface T,0.7800217034962126,-0.2610061813790467
QDS,Cape,Surface T,1.2122104315800375,0.43345680993536245
QDS,Cape,Surface T,1.4087804803403117,0.7493156354769727
QDS,Cape,Surface T,1.576786002872571,1.0192755167824932
QDS,Cape,Surface T,0.9562401839406789,0.022150701487662825
QDS,Cape,Surface T,0.7423085772188236,-0.3216055648996041
QDS,Cape,Surface T,0.9240797707120042,-0.029526298215025164
QDS,Cape,Surface T,1.2589498077326684,0.5085600342120259
QDS,Cape,Surface T,0.9828301625551225,0.06487684145305113
QDS,Cape,Surface T,0.7203477517550141,-0.35689334440960746
QDS,Cape,Surface T,1.564020197448997,0.9987627665765841
QDS,Cape,Surface T,1.8738357915818256,1.4965903365163646
QDS,Cape,Surface T,2.016478277901115,1.7257955917691234
QDS,Cape,Surface T,1.038560780423276,0.15442765358115348
QDS,Cape,Surface T,1.1696965129233448,0.36514326725292134
QDS,Cape,Surface T,1.0302258412006735,0.14103464620075368
QDS,Cape,Surface T,1.2350119099491697,0.4700953936041783
QDS,Cape,Surface T,1.402899467441355,0.7398657226394127
QDS,Cape,Surface T,1.4042716372145303,0.7420705953335606
QDS,Cape,Surface T,1.530335969902391,0.9446372239557825
QDS,Cape,Surface T,1.5804492313128904,1.0251617799245498
QDS,Cape,Surface T,1.5362919957334853,0.954207671415961
QDS,Cape,Surface T,0.7850945567115885,-0.2528548609268262
QDS,Cape,Surface T,0.6319586737309432,-0.49892144356034124
QDS,Cape,Surface T,0.5247444764469265,-0.6711987088359648
QDS,Cape,Surface T,0.4713396498771999,-0.7570123203446996
QDS,Cape,Surface T,2.155190915605999,1.9486861649239193
QDS,Cape,Surface T,0.8944051940978474,-0.07720892828458815
QDS,Cape,Surface T,0.9352835722419854,-0.011523455894031918
QDS,Cape,Surface T,1.1861803129332378,0.39163028165020225
QDS,Cape,Surface T,1.4138914724587848,0.7575282394727224
QDS,Cape,Surface T,1.503163271604933,0.9009747401482996
QDS,Cape,Surface T,1.9178347001763345,1.5672900371137979
QDS,Cape,Surface T,2.1109407018363298,1.8775826542955105
QDS,Cape,Surface T,1.471849774354169,0.8506586084303447
QDS,Cape,Surface T,0.5085618637354059,-0.6972017600510012
QDS,Cape,Surface T,0.5888659866639898,-0.5681649809773741
QDS,Cape,Surface T,0.7258773519508471,-0.3480080995079261
QDS,Cape,Surface T,0.7802967901234524,-0.2605641580924363
QDS,SWA,Surface T,0.9530947591382073,0.017096471760377367
QDS,SWA,Surface T,0.909888707334782,-0.05232922592341889
QDS,SWA,Surface T,0.674306100217882,-0.4308754290264254
QDS,SWA,Surface T,0.657740159767593,-0.45749443089176944
QDS,SWA,Surface T,1.0015030864197456,0.09488145221906186
QDS,SWA,Surface T,0.9336064538536846,-0.014218335646892859
QDS,SWA,Surface T,0.688510372264839,-0.4080512769507604
QDS,SWA,Surface T,1.3043778027414323,0.5815560640785971
QDS,SWA,Surface T,0.9724240277235197,0.048155730851170045
QDS,SWA,Surface T,0.8837724756939593,-0.09429412497934249
QDS,SWA,Surface T,0.37165407478648643,-0.9171922097539553
QDS,SWA,Surface T,1.3707042775161622,0.6881328419589883
QDS,SWA,Surface T,1.195474901405185,0.4065653026117231
QDS,SWA,Surface T,0.7833833639516001,-0.25560449312590233
QDS,SWA,Surface T,0.4687835801030171,-0.7611195442171441
QDS,SWA,Surface T,2.6850806541867542,2.800140145579862
QDS,SWA,Surface T,1.3212286907645634,0.6086329343031671
QDS,SWA,Surface T,0.8597281500615281,-0.13292977930764618
QDS,SWA,Surface T,0.609073578323418,-0.5356943873705349
QDS,SWA,Surface T,0.580029187572876,-0.5823644025071023
QDS,SWA,Surface T,1.4412303711822818,0.801457782639982
QDS,SWA,Surface T,0.8402386631303153,-0.16424648544535939
QDS,SWA,Surface T,0.37182798133842554,-0.9169127677962619
QDS,SWA,Surface T,0.27413462837220237,-1.0738914526251244
QDS,SWA,Surface T,0.723364306910152,-0.35204618903424645
QDS,SWA,Surface T,0.8622750980498495,-0.12883721278807514
QDS,SWA,Surface T,0.505940098867336,-0.7014145461661673
QDS,SWA,Surface T,1.2533386347131927,0.4995437139179622
QDS,SWA,Surface T,0.9318450012103577,-0.01704872800156382
QDS,SWA,Surface T,0.3528281529895783,-0.947442665436354
QDS,SWA,Surface T,0.27878999382080694,-1.066410972906383
QDS,SWA,Surface T,0.598370501492866,-0.5528926395900409
QDS,SWA,Surface T,0.7837972057301764,-0.25493951095305584
QDS,SWA,Surface T,0.5389691652651578,-0.6483417500461706
QDS,SWA,Surface T,0.5030323897753257,-0.7060868021106073
QDS,SWA,Surface T,0.23911596835225737,-1.1301612297132408
QDS,SWA,Surface T,1.4892882765738136,0.8786796872520684
QDS,SWA,Surface T,1.0593605134158892,0.18784973022029625
QDS,SWA,Surface T,0.6506288562728426,-0.4689212376921336
QDS,SWA,Surface T,0.8695056619398921,-0.11721877227429331
QDS,SWA,Surface T,0.5677758297341219,-0.6020537256786604
QDS,SWA,Surface T,0.5588419663901745,-0.6164091150228928
QDS,SWA,Surface T,0.6087578921887042,-0.5362016480258551
QDS,SWA,Surface T,0.442156131273167,-0.8039058932444202
QDS,SWA,Surface T,0.34147744685960646,-0.9656815615952149
QDS,SWA,Surface T,0.25653512104181736,-1.102171242707823
QDS,SWA,Surface T,0.07022421281963034,-1.4015451556095713
QDS,SWA,Surface T,1.221019683740922,0.4476119676462415
QDS,SWA,Surface T,1.0532216586613066,0.1779855038786845
QDS,SWA,Surface T,0.5126497861696053,-0.6906330768405385
QDS,SWA,Surface T,0.3315137344086452,-0.9816917652485344
QDS,SWA,Surface T,0.8064362776949755,-0.2185618902155543
QDS,SWA,Surface T,0.5645582756819434,-0.6072238563798903
QDS,SWA,Surface T,0.5576485354635818,-0.618326780980733
QDS,SWA,Surface T,0.5602248773713288,-0.6141869828054425
QDS,SWA,Surface T,0.37249726430787355,-0.9158373296304879
QDS,SWA,Surface T,0.21278881516627024,-1.1724650483144219
QDS,SWA,Surface T,0.21455888307011556,-1.16962081251775
QDS,SWA,Surface T,0.5774759575525934,-0.5864670633174863
QDS,SWA,Surface T,0.3512142727808225,-0.9500359308423372
QDS,SWA,Surface T,1.3100070150321812,0.5906013707979779
QDS,SWA,Surface T,1.104485920615808,0.26035954649264065
QDS,SWA,Surface T,0.5935395776417509,-0.5606552155446057
QDS,SWA,Surface T,0.30219002662795447,-1.0288106012998495
QDS,SWA,Surface T,0.4853573226821734,-0.7344880054913967
QDS,SWA,Surface T,0.8192160977971525,-0.19802662050602934
QDS,SWA,Surface T,0.534007601065121,-0.6563142456066927
QDS,SWA,Surface T,0.6947038731541713,-0.3980992424000585
QDS,SWA,Surface T,0.533535495142726,-0.657072849590969
QDS,SWA,Surface T,0.4562167271846786,-0.7813126073443826
QDS,SWA,Surface T,0.6246333722753548,-0.5106921132482861
QDS,SWA,Surface T,0.457554930343248,-0.7791623139468503
QDS,SWA,Surface T,0.4498058322325373,-0.7916139618133102
QDS,SWA,Surface T,1.378737155737708,0.7010404822469067
QDS,SWA,Surface T,0.9718904391985083,0.04729833347097139
QDS,SWA,Surface T,0.42923580466979655,-0.8246669359988611
QDS,SWA,Surface T,0.45016034858386117,-0.7910443067764892
QDS,SWA,Surface T,0.5137128782376976,-0.6889248460383998
QDS,SWA,Surface T,0.6087423626240833,-0.5362266017259395
QDS,SWA,Surface T,0.5080891551682183,-0.6979613323958065
QDS,SWA,Surface T,0.5911586298716934,-0.5644810444085108
QDS,SWA,Surface T,0.8910072863712912,-0.08266886051016169
QDS,SWA,Surface T,0.6995532074558102,-0.3903070835903392
QDS,SWA,Surface T,0.5432695058270016,-0.6414317425050449
QDS,SWA,Surface T,0.45361632801270196,-0.7854910619644024
QDS,SWA,Surface T,1.8143869879465797,1.4010649529978283
QDS,SWA,Surface T,1.150824172838334,0.3348182242869756
QDS,SWA,Surface T,0.7122340435950415,-0.3699308663838821
QDS,SWA,Surface T,0.42272684580004555,-0.8351258645948728
QDS,SWA,Surface T,0.4638124425078445,-0.7691074227994599
QDS,SWA,Surface T,0.48089900750422504,-0.7416518547394501
QDS,SWA,Surface T,0.7592528685548309,-0.29437860944642036
QDS,SWA,Surface T,0.5362757201645789,-0.6526697156314423
QDS,SWA,Surface T,0.5719006778019775,-0.5954257084681679
QDS,SWA,Surface T,0.9708827886709881,0.04567918897675064
QDS,SWA,Surface T,0.5530475671750233,-0.6257198525556941
QDS,SWA,Surface T,0.43220140625490444,-0.8199016554304117
QDS,SWA,Surface T,0.7057228626609154,-0.3803933655067781
QDS,SWA,Surface T,1.4109414908893048,0.7527880579456694
QDS,SWA,Surface T,0.8927680376064728,-0.07983959521403487
QDS,SWA,Surface T,0.7046953280077636,-0.3820444608328197
QDS,SWA,Surface T,0.49796122004354654,-0.7142354174551319
QDS,SWA,Surface T,0.7987146211570904,-0.23096944355683932
QDS,SWA,Surface T,0.6211496247881629,-0.5162899771992173
QDS,SWA,Surface T,0.4851319777293068,-0.734850101307128
QDS,SWA,Surface T,0.5054762285160892,-0.7021599168127762
QDS,SWA,Surface T,0.33057831033643953,-0.9831948525738603
QDS,SWA,Surface T,0.4671553376906243,-0.7637358875477734
QDS,SWA,Surface T,0.4398473258045404,-0.8076158001622021
QDS,SWA,Surface T,0.43210636426068305,-0.820054373776168
QDS,SWA,Surface T,0.5075157115342298,-0.6988827710070713
QDS,SWA,Surface T,0.4716242490261834,-0.7565550118507809
QDS,SWA,Surface T,0.35392921983603287,-0.9456734148147189
QDS,SWA,Surface T,0.6163503021578549,-0.5240017746931127
QDS,SWA,Surface T,1.433592249368855,0.7891844571738275
QDS,SWA,Surface T,0.8644546773716115,-0.12533495306392906
QDS,SWA,Surface T,0.5641383442265983,-0.6078986237573714
QDS,SWA,Surface T,0.638044396030005,-0.48914259317048203
QDS,SWA,Surface T,0.7650792060033622,-0.2850165519238802
QDS,SWA,Surface T,0.5861701282982558,-0.5724968243207399
QDS,SWA,Surface T,0.6858827160493459,-0.4122735295848071
QDS,SWA,Surface T,0.5232590898087829,-0.6735855041893678
QDS,SWA,Surface T,0.6085833454369676,-0.5364821186893837
QDS,SWA,Surface T,0.7870787776410251,-0.24966651307658347
QDS,SWA,Surface T,0.4018040917208118,-0.868745617818937
QDS,SWA,Surface T,0.4062013442897552,-0.861679887099553
QDS,SWA,Surface T,0.3105576144262159,-1.015365132515343
QDS,SWA,Surface T,0.4710200739892067,-0.7575258312548792
QDS,SWA,Surface T,0.4811241902274048,-0.7412900196026915
QDS,SWA,Surface T,0.41631539261790823,-0.8454281160563588
QDS,SWA,Surface T,0.4293733271086028,-0.824445957898276
QDS,SWA,Surface T,1.5001791394334607,0.8961796836842719
QDS,SWA,Surface T,1.15461973022398,0.34091712035820776
QDS,SWA,Surface T,0.521569862018882,-0.6762998419491404
QDS,SWA,Surface T,1.1940721859113586,0.4043113474886341
QDS,SWA,Surface T,0.6119525054466332,-0.5310683797681885
QDS,SWA,Surface T,0.5261594045025314,-0.6689251299429042
QDS,SWA,Surface T,0.7728389978213196,-0.2725477208607282
QDS,SWA,Surface T,0.7737965625756387,-0.27100905675301296
QDS,SWA,Surface T,0.7613127814088708,-0.29106863593367727
QDS,SWA,Surface T,0.5417377007181648,-0.6438931254353909
QDS,SWA,Surface T,0.4019231911831993,-0.868554242700756
QDS,SWA,Surface T,0.22098646883993447,-1.1592926383878301
QDS,SWA,Surface T,0.2986517970799569,-1.0344960098174516
QDS,SWA,Surface T,0.36758293659635655,-0.9237339231811126
QDS,SWA,Surface T,0.5403098303294038,-0.6461875007324623
QDS,SWA,Surface T,0.4128585585469106,-0.8509827341512501
QDS,SWA,Surface T,0.28552295362594576,-1.0555921081307855
QDS,SWA,Surface T,0.7279526057336057,-0.3446734754049312
QDS,SWA,Surface T,1.4601977633541974,0.8319355601691248
QDS,SWA,Surface T,1.1093397042012232,0.2681588546394891
QDS,SWA,Surface T,0.46789956427014406,-0.762540026149628
QDS,SWA,Surface T,0.4537946017913441,-0.7852046025230893
QDS,SWA,Surface T,0.5344228758169973,-0.6556469608589299
QDS,SWA,Surface T,0.41423175986441646,-0.8487762039188211
QDS,SWA,Surface T,0.48171658194143496,-0.7403381342456179
QDS,SWA,Surface T,0.4672648027112005,-0.7635599935443118
QDS,SWA,Surface T,0.2662147906075789,-1.0866174537152744
QDS,SWA,Surface T,0.37323845114178766,-0.914646352651322
QDS,SWA,Surface T,0.2663771895914111,-1.086356502707601
QDS,SWA,Surface T,0.4175717503649455,-0.8434093360593957
QDS,SWA,Surface T,0.7067468419214649,-0.37874798316772934
QDS,SWA,Surface T,0.49955569172113695,-0.7116733386714141
QDS,SWA,Surface T,1.3342333530016315,0.6295294918747385
QDS,SWA,Surface T,0.9565262154037808,0.022610311497290987
QDS,SWA,Surface T,0.34428097312996897,-0.9611767119463669
QDS,SWA,Surface T,0.5397262648269879,-0.6471252036805064
QDS,SWA,Surface T,0.29974567901235916,-1.0327383042838323
QDS,SWA,Surface T,0.28484500121036643,-1.0566814768067792
QDS,SWA,Surface T,0.27393122730575215,-1.074218287879875
QDS,SWA,Surface T,0.3090781893004267,-1.0177423486052593
QDS,SWA,Surface T,0.40295294117647196,-0.8668995876527061
QDS,SWA,Surface T,0.23366817760026176,-1.1389150190090875
QDS,SWA,Surface T,0.32647140070519576,-0.9897940453853357
QDS,SWA,Surface T,0.6531753167722312,-0.46482945449475604
QDS,SWA,Surface T,1.0505001377964263,0.17361242471688187
QDS,SWA,Surface T,1.420969448983224,0.7689014947896957
QDS,SWA,Surface T,1.343007791696866,0.643628709525356
QDS,SWA,Surface T,0.520602808036737,-0.6778537538343034
QDS,SWA,Surface T,0.18020002420721287,-1.224830387302063
QDS,SWA,Surface T,0.17490467199226917,-1.233339230546443
QDS,SWA,Surface T,0.13454708303076282,-1.2981878721959057
QDS,SWA,Surface T,0.21758036794964633,-1.164765735808662
QDS,SWA,Surface T,0.3198247881868876,-1.0004741629164824
QDS,SWA,Surface T,0.3905989348825945,-0.8867506379186427
QDS,SWA,Surface T,0.46014229000241536,-0.7750048118840869
QDS,SWA,Surface T,0.5783084384146883,-0.5851293904164239
QDS,SWA,Surface T,0.5513959959067987,-0.6283736818871194
QDS,SWA,Surface T,0.2321296654099143,-1.1413871792216397
QDS,SWA,Surface T,0.36855054466231457,-0.9221791209656907
QDS,SWA,Surface T,1.1711013113393733,0.36740056932212234
QDS,SWA,Surface T,1.5302111474218463,0.9444366527988096
QDS,SWA,Surface T,1.3648303762708167,0.6786943564908136
QDS,SWA,Surface T,0.8702582829015897,-0.11600942235278157
QDS,SWA,Surface T,0.29674204793027076,-1.0375646925964572
QDS,SWA,Surface T,0.1983492616799746,-1.1956672626613734
QDS,SWA,Surface T,0.32442401355604034,-0.9930838919537204
QDS,SWA,Surface T,0.3873564754296631,-0.8919607878938213
QDS,SWA,Surface T,0.3842839264100475,-0.89689791707945
QDS,SWA,Surface T,0.38410164609052166,-0.8971908144359287
QDS,SWA,Surface T,0.4289527959331786,-0.8251216889367067
QDS,SWA,Surface T,0.39058765432098297,-0.8867687641029954
QDS,SWA,Surface T,0.31728310336480564,-1.0045582723108837
QDS,SWA,Surface T,0.19426478080942566,-1.202230415791035
QDS,SWA,Surface T,0.37814497469769826,-0.9067622992177687
QDS,SWA,Surface T,0.9982004269469229,0.08957456976759616
QDS,SWA,Surface T,1.7153340587244372,1.241901631383569
QDS,SWA,Surface T,1.3011996446726275,0.5764492368618905
QDS,SWA,Surface T,1.0806026305172116,0.2219826523106987
QDS,SWA,Surface T,0.6987033648026935,-0.3916726543067406
QDS,SWA,Surface T,0.559105785524063,-0.6159851969218851
QDS,SWA,Surface T,0.49824083756958415,-0.7137861136881943
QDS,SWA,Surface T,0.36002401355604735,-0.9358799880009022
QDS,SWA,Surface T,0.23608695231179885,-1.1350284078775636
QDS,SWA,Surface T,0.2074073589930031,-1.1811122478105403
QDS,SWA,Surface T,0.2513982328734035,-1.110425457803392
QDS,SWA,Surface T,0.23302841926892548,-1.1399430154736598
QDS,SWA,Surface T,0.18893618978454974,-1.2107926688581923
QDS,SWA,Surface T,0.2705839506172841,-1.0795968635593862
QDS,SWA,Surface T,0.47282527233114835,-0.7546251460703792
QDS,SWA,Surface T,0.7040100162848452,-0.38314565482089713
QDS,SWA,Surface T,0.7676215568677165,-0.2809313722986314
QDS,SWA,Surface T,0.7246155321369372,-0.35003565623378713
QDS,SWA,Surface T,0.9850376148978626,0.06842388897536866
QDS,SWA,Surface T,1.0473835712988873,0.16860456599250667
QDS,SWA,Surface T,0.808680272849876,-0.21495612383040005
QDS,SWA,Surface T,0.8048196562575514,-0.22115956036820766
QDS,SWA,Surface T,0.6727872670055162,-0.4333159680489115
QDS,SWA,Surface T,0.5759455579762718,-0.5889261877661751
QDS,SWA,Surface T,0.20234534011135313,-1.189246159100237
QDS,SWA,Surface T,0.25693994190266445,-1.101520755807767
QDS,SWA,Surface T,0.18916656983783595,-1.2104224823851353
QDS,SWA,Surface T,0.17549038973615755,-1.2323980692665315
QDS,SWA,Surface T,0.23900534979422774,-1.1303389772797836
QDS,SWA,Surface T,0.3224240861776732,-0.9962974777308187
QDS,SWA,Surface T,0.37616635197286996,-0.9099416515860249
QDS,SWA,Surface T,0.8464941121453964,-0.15419490947231493
QDS,SWA,Surface T,0.45280907825533884,-0.7867881922336757
QDS,SWA,Surface T,0.4405342939593737,-0.806511944534457
QDS,SWA,Surface T,0.4257017974387433,-0.8303455598812683
QDS,SWA,Surface T,0.8626999580508498,-0.12815452597092317
QDS,SWA,Surface T,0.84504710054715,-0.15652004184548013
QDS,SWA,Surface T,1.0116497858188103,0.1111856886758624
QDS,SWA,Surface T,1.5402699830550104,0.9605997052548937
QDS,SWA,Surface T,0.9210470830307271,-0.034399376159930634
QDS,SWA,Surface T,0.4518136770757464,-0.7883876538480554
QDS,SWA,Surface T,0.1668381747761032,-1.246300891557374
QDS,SWA,Surface T,0.10461374969741478,-1.3462862858191698
QDS,SWA,Surface T,0.1683189784555768,-1.243921460336768
QDS,SWA,Surface T,0.23139973372065015,-1.142560070857729
QDS,SWA,Surface T,0.28585398208665286,-1.0550601946400011
QDS,SWA,Surface T,0.39406978939724824,-0.8811734910565523
QDS,SWA,Surface T,0.4716496005809934,-0.7565142756736346
QDS,SWA,Surface T,0.6093588477366249,-0.5352360018617215
QDS,SWA,Surface T,0.6474242859225936,-0.47407050551588803
QDS,SWA,Surface T,0.8408644155948579,-0.1632409943251366
QDS,SWA,Surface T,1.3510931553571766,0.656620686105354
QDS,SWA,Surface T,0.47364839258087843,-0.753302514280852
QDS,SWA,Surface T,0.7670193686935391,-0.2818989991097875
QDS,SWA,Surface T,1.135330984882766,0.30992297609222563
QDS,SWA,Surface T,1.228746816751368,0.46002832086422235
QDS,SWA,Surface T,1.4198955942870966,0.7671759700454106
QDS,SWA,Surface T,0.6892587267005423,-0.4068487827018101
QDS,SWA,Surface T,0.2622021060275933,-1.0930652408868027
QDS,SWA,Surface T,0.23472544178166446,-1.1372161527538713
QDS,SWA,Surface T,0.22780365528928492,-1.1483384339249925
QDS,SWA,Surface T,0.28145180343743603,-1.0621338408375542
QDS,SWA,Surface T,0.24077627693054637,-1.1274933608243514
QDS,SWA,Surface T,0.32443435003631926,-0.9930672827676225
QDS,SWA,Surface T,0.31966804647786756,-1.0007260235251392
QDS,SWA,Surface T,0.6416866618252597,-0.4832900138805285
QDS,SWA,Surface T,0.5613445043254551,-0.6123879088518801
QDS,SWA,Surface T,0.9393618548459004,-0.004970262456763509
QDS,SWA,Surface T,0.9697097988723726,0.04379436887063767
QDS,SWA,Surface T,0.8574155336039931,-0.1366458099176606
QDS,SWA,Surface T,0.5057780479663653,-0.701674937856465
QDS,SWA,Surface T,0.9352701924999943,-0.011544955148969365
QDS,SWA,Surface T,1.6430496732026603,1.1257513772634733
QDS,SWA,Surface T,1.7968033890098998,1.3728107253371957
QDS,SWA,Surface T,0.8802596949890926,-0.09993864099193994
QDS,SWA,Surface T,0.3676232873396164,-0.9236690855394873
QDS,SWA,Surface T,0.290336068748483,-1.047858148153723
QDS,SWA,Surface T,0.27950919874125346,-1.065255317592012
QDS,SWA,Surface T,0.1789192205277143,-1.2268884482757831
QDS,SWA,Surface T,0.29482703945774347,-1.0406418263248634
QDS,SWA,Surface T,0.29636727184698153,-1.0381669020086002
QDS,SWA,Surface T,0.3082955216654505,-1.018999979060825
QDS,SWA,Surface T,0.3108473493101087,-1.0148995716594447
QDS,SWA,Surface T,0.8278902444928664,-0.1840885571786649
QDS,SWA,Surface T,0.7241391491164362,-0.3508011328784357
QDS,SWA,Surface T,0.7700974136792461,-0.27695303872425936
QDS,SWA,Surface T,0.5974589244157045,-0.5543574083419377
QDS,SWA,Surface T,0.625453657489904,-0.5093740369385393
QDS,SWA,Surface T,1.018330763644504,0.12192102614361015
QDS,SWA,Surface T,0.5161493562393863,-0.6850097883532389
QDS,SWA,Surface T,0.994684336419722,0.08392473536289458
QDS,SWA,Surface T,2.077952481239398,1.8245754913011032
QDS,SWA,Surface T,1.9087884289517976,1.5527540250278582
QDS,SWA,Surface T,1.1027810699588056,0.2576201051095777
QDS,SWA,Surface T,0.3072066085693387,-1.0207497004137165
QDS,SWA,Surface T,0.3148147664003634,-1.0085245226096793
QDS,SWA,Surface T,0.2666861776809431,-1.0858600048144509
QDS,SWA,Surface T,0.2362689663519354,-1.1347359383924505
QDS,SWA,Surface T,0.33924640522872096,-0.9692665135943128
QDS,SWA,Surface T,0.5454681675139013,-0.6378988202589179
QDS,SWA,Surface T,0.48100048414426055,-0.741488796875123
QDS,SWA,Surface T,0.55228939724041,-0.6269381188511863
QDS,SWA,Surface T,0.7324486807068334,-0.3374489517832137
QDS,SWA,Surface T,0.6680295570079566,-0.44096090023249873
QDS,SWA,Surface T,0.44006739068243583,-0.8072621886414572
QDS,SWA,Surface T,0.3398034726347924,-0.9683713891450951
QDS,SWA,Surface T,0.3136570929886773,-1.0103847315605445
QDS,SWA,Surface T,0.4154305746540509,-0.846849886894005
QDS,SWA,Surface T,0.4238637248299938,-0.833299069121976
QDS,SWA,Surface T,0.12449138136737758,-1.3143458888287811
QDS,SWA,Surface T,1.8973509765016956,1.5343757404373968
QDS,SWA,Surface T,1.164757906581417,0.35720766155504624
QDS,SWA,Surface T,1.4410458605664302,0.8011613015290987
QDS,SWA,Surface T,0.7302396234847303,-0.3409985781079172
QDS,SWA,Surface T,1.609852629940755,1.0724086673120348
QDS,SWA,Surface T,1.3756611691075211,0.6960978293324874
QDS,SWA,Surface T,1.8075842411039136,1.390133950834819
QDS,SWA,Surface T,1.9765246429435654,1.6615960441096524
QDS,SWA,Surface T,1.19641190994912,0.4080709359474031
QDS,SWA,Surface T,0.35239949164850437,-0.9481314604414965
QDS,SWA,Surface T,0.32894960058098377,-0.9858119468552672
QDS,SWA,Surface T,0.2838845557976255,-1.0582247697040361
QDS,SWA,Surface T,0.27464272573226683,-1.073075015754793
QDS,SWA,Surface T,0.39023054950372527,-0.8873425784194982
QDS,SWA,Surface T,0.4534444686516584,-0.7857672143908779
QDS,SWA,Surface T,0.4905676591624355,-0.726115769885253
QDS,SWA,Surface T,0.4389894456547899,-0.8089942859399926
QDS,SWA,Surface T,0.4749396272089257,-0.7512276923245781
QDS,SWA,Surface T,0.5349642217380759,-0.6547770984972832
QDS,SWA,Surface T,0.3434819172113003,-0.9624606759358176
QDS,SWA,Surface T,0.24342490922294424,-1.1232374027552323
QDS,SWA,Surface T,0.2216872185911648,-1.1581666377848994
QDS,SWA,Surface T,0.2341766598446308,-1.1380979636869362
QDS,SWA,Surface T,0.46744492803851756,-0.7632705589397244
QDS,SWA,Surface T,0.7114439547985588,-0.3712004215419772
QDS,SWA,Surface T,0.3932969432972982,-0.8824153397664356
QDS,SWA,Surface T,0.5155311588564473,-0.6860031395812591
QDS,SWA,Surface T,0.3074912350125893,-1.020292348061971
QDS,SWA,Surface T,0.27925673528669187,-1.0656609888056732
QDS,SWA,Surface T,0.2964952268561281,-1.0379612973441759
QDS,SWA,Surface T,0.9134038361556804,-0.0466809368376768
QDS,SWA,Surface T,0.8538992619354152,-0.14229593538960744
QDS,SWA,Surface T,1.1496507515042917,0.3329327107676294
QDS,SWA,Surface T,2.5538129174746134,2.5892124207769496
QDS,SWA,Surface T,2.46539703249789,2.44714124684125
QDS,SWA,Surface T,2.0266836164441173,1.7421940526067583
QDS,SWA,Surface T,1.5906621293269976,1.0415723877076621
QDS,SWA,Surface T,1.8448798595981846,1.450062461458606
QDS,SWA,Surface T,2.0562914790607274,1.7897694832069961
QDS,SWA,Surface T,1.0653351488743397,0.19745008058316801
QDS,SWA,Surface T,0.49528830791573203,-0.7185303896077666
QDS,SWA,Surface T,0.47360019365769784,-0.7533799627800726
QDS,SWA,Surface T,0.29387385620913165,-1.0421734500047235
QDS,SWA,Surface T,0.19343543936090807,-1.2035630441215148
QDS,SWA,Surface T,0.20757424352452997,-1.1808440891950156
QDS,SWA,Surface T,0.2732137739045963,-1.0753711287633112
QDS,SWA,Surface T,0.31894030501091997,-1.001895395799795
QDS,SWA,Surface T,0.3796578794480183,-0.9043312863518402
QDS,SWA,Surface T,0.3428249818445895,-0.9635162733408886
QDS,SWA,Surface T,0.3151483660130528,-1.0079884776601573
QDS,SWA,Surface T,0.4798501573468204,-0.743337200909817
QDS,SWA,Surface T,0.7170119341564285,-0.3622535070363932
QDS,SWA,Surface T,0.24829593318809706,-1.1154103918829172
QDS,SWA,Surface T,0.2327904821636998,-1.1403253450049557
QDS,SWA,Surface T,0.40407999237108544,-0.865088584049151
QDS,SWA,Surface T,0.2769656994784526,-1.0693423425227226
QDS,SWA,Surface T,0.506544554504582,-0.7004432758791799
QDS,SWA,Surface T,0.27861357349344945,-1.0666944541272114
QDS,SWA,Surface T,0.3310136548539238,-0.9824953186984515
QDS,SWA,Surface T,0.46811477341244007,-0.7621942170736262
QDS,SWA,Surface T,0.6934788515176109,-0.4000676699292132
QDS,SWA,Surface T,0.6015624124367744,-0.5477637135489944
QDS,SWA,Surface T,0.6988912058650385,-0.39137082166379733
QDS,SWA,Surface T,0.5315161358370423,-0.6603176595844673
QDS,SWA,Surface T,0.36228465154578515,-0.9322474790560418
QDS,SWA,Surface T,0.28320348168896314,-1.0593191544764144
QDS,SWA,Surface T,0.40703632097752235,-0.8603382037779276
QDS,SWA,Surface T,0.8504587863457781,-0.1478242678385282
QDS,SWA,Surface T,0.6684629616140304,-0.440264483506135
QDS,SWA,Surface T,0.6344874242837003,-0.4948581176125736
QDS,SWA,Surface T,0.7412306273519562,-0.32333766997404856
QDS,SWA,Surface T,2.040747263979449,1.764792242012299
QDS,SWA,Surface T,1.9697471461962621,1.6507056150935513
QDS,SWA,Surface T,1.4460136377390174,0.8091437804122341
QDS,SWA,Surface T,1.490515734688933,0.880652029839804
QDS,SWA,Surface T,2.1731744613894586,1.9775830476690857
QDS,SWA,Surface T,0.9480743403533943,0.009029405637643966
QDS,SWA,Surface T,0.6627061486323353,-0.44951482555330236
QDS,SWA,Surface T,0.32543512466715657,-0.9914591868164758
QDS,SWA,Surface T,0.283079230210597,-1.0595188081178315
QDS,SWA,Surface T,0.3154065359477285,-1.0075736369818793
QDS,SWA,Surface T,0.3892979181796174,-0.8888411782140948
QDS,SWA,Surface T,0.5064228031953412,-0.7006389121207512
QDS,SWA,Surface T,0.4537069474703167,-0.7853454499770528
QDS,SWA,Surface T,0.36876477850395556,-0.9218348790527502
QDS,SWA,Surface T,0.348955579762762,-0.9536653145070567
QDS,SWA,Surface T,0.4176661341079403,-0.8432576754254355
QDS,SWA,Surface T,0.4828496489953851,-0.7385174640510602
QDS,SWA,Surface T,0.5191025659646774,-0.6802644196600353
QDS,SWA,Surface T,0.38426899055920355,-0.8969219167698188
QDS,SWA,Surface T,0.35399193899782705,-0.9455726344521551
QDS,SWA,Surface T,0.33291140159769206,-0.9794459220002134
QDS,SWA,Surface T,0.5024247155652751,-0.7070632441652794
QDS,SWA,Surface T,0.4483299653731731,-0.7939854602984282
QDS,SWA,Surface T,0.496321927233339,-0.716869517131133
QDS,SWA,Surface T,0.5932813913556679,-0.5610700824971626
QDS,SWA,Surface T,0.49632181260789643,-0.7168697013171669
QDS,SWA,Surface T,0.49042481124592996,-0.7263453052362541
QDS,SWA,Surface T,0.6153084493701234,-0.5256758771313812
QDS,SWA,Surface T,0.5609505688695562,-0.6130209045255556
QDS,SWA,Surface T,0.5267295189680744,-0.6680090408100663
QDS,SWA,Surface T,0.3969243955400985,-0.8765865636515325
QDS,SWA,Surface T,0.32302029163516216,-0.99533946425536
QDS,SWA,Surface T,0.8944972403777115,-0.07706102360614542
QDS,SWA,Surface T,0.6837993505526375,-0.41562118800537734
QDS,SWA,Surface T,0.6435686871226286,-0.48026587920784747
QDS,SWA,Surface T,0.8243353592327386,-0.18980072894786718
QDS,SWA,Surface T,0.9136143786088837,-0.046342626436805194
QDS,SWA,Surface T,1.8802156737925557,1.5068418581234666
QDS,SWA,Surface T,1.4826821219639896,0.8680645795611199
QDS,SWA,Surface T,1.4482058823529718,0.8126663913767764
QDS,SWA,Surface T,1.9781554829338954,1.6642165613615973
QDS,SWA,Surface T,0.9326620430888397,-0.015735863250381132
QDS,SWA,Surface T,0.19390029048660531,-1.2028160975162696
QDS,SWA,Surface T,0.24635821834909974,-1.1185240113643198
QDS,SWA,Surface T,0.2998050351005001,-1.03264292788032
QDS,SWA,Surface T,0.2805819656257616,-1.0635315407991708
QDS,SWA,Surface T,0.4118721617041767,-0.8525677271358317
QDS,SWA,Surface T,0.6956735657226305,-0.3965410906992188
QDS,SWA,Surface T,0.394565746792523,-0.8803765613036314
QDS,SWA,Surface T,0.45853911885741483,-0.7775808694177533
QDS,SWA,Surface T,0.47679160009682975,-0.7482518474031492
QDS,SWA,Surface T,0.5990058823529315,-0.5518716770705847
QDS,SWA,Surface T,0.8423601549261295,-0.16083756373399913
QDS,SWA,Surface T,0.30191527475190266,-1.0292520866911
QDS,SWA,Surface T,0.2136305979181922,-1.1711124286602064
QDS,SWA,Surface T,0.17453059791818581,-1.2339403119342265
QDS,SWA,Surface T,0.35760532558708114,-0.9397664597500187
QDS,SWA,Surface T,0.7123856935367283,-0.3696871874878512
QDS,SWA,Surface T,0.5492886710239431,-0.6317598394769012
QDS,SWA,Surface T,0.665107673686767,-0.4456559320545953
QDS,SWA,Surface T,0.3449257806826533,-0.9601406021342376
QDS,SWA,Surface T,0.574617138707342,-0.5910607599085604
QDS,SWA,Surface T,0.5829839990317206,-0.5776164600663608
QDS,SWA,Surface T,0.3340180585814778,-0.9776676888595061
QDS,SWA,Surface T,0.31832130234810546,-1.0028900409927772
QDS,SWA,Surface T,0.35324099318736696,-0.9467792926548325
QDS,SWA,Surface T,0.30551446163632867,-1.023468728802198
QDS,SWA,Surface T,0.31862773966974345,-1.0023976418041667
QDS,SWA,Surface T,0.3333530137314824,-0.9787363169978051
QDS,SWA,Surface T,0.8953231266917133,-0.07573394716282805
QDS,SWA,Surface T,0.8484904780767611,-0.15098704641072938
QDS,SWA,Surface T,1.2734314669233602,0.5318299061620714
QDS,SWA,Surface T,0.7881802652063735,-0.24789658642227436
QDS,SWA,Surface T,1.4914930758771163,0.8822224717346905
QDS,SWA,Surface T,2.024798607076548,1.7391651229771912
QDS,SWA,Surface T,1.1373990317114249,0.3132460196921277
QDS,SWA,Surface T,1.7379971919631885,1.2783179150088273
QDS,SWA,Surface T,1.0225843379326862,0.12875588724016362
QDS,SWA,Surface T,0.2165874364560586,-1.1663612290050358
QDS,SWA,Surface T,0.24749314935851568,-1.1167003460706204
QDS,SWA,Surface T,0.2386105785523998,-1.1309733159371111
QDS,SWA,Surface T,0.29173205035099653,-1.0456150133922042
QDS,SWA,Surface T,0.517094892277934,-0.6834904526023119
QDS,SWA,Surface T,0.47194601791330926,-0.7560379771172374
QDS,SWA,Surface T,0.6474610263858014,-0.47401146905722175
QDS,SWA,Surface T,0.6703308641975241,-0.4372630419336807
QDS,SWA,Surface T,0.6375244008714529,-0.4899781480330027
QDS,SWA,Surface T,0.48656351972886747,-0.73254982627771
QDS,SWA,Surface T,0.3085417332364955,-1.0186043536939116
QDS,SWA,Surface T,0.39022290002419724,-0.887354869995122
QDS,SWA,Surface T,0.23192529653836877,-1.1417155695952026
QDS,SWA,Surface T,0.24383229242315313,-1.1225827985570096
QDS,SWA,Surface T,0.2793747518760799,-1.0654713537033085
QDS,SWA,Surface T,0.3660119583636035,-0.9262582514939878
QDS,SWA,Surface T,0.3522961510530283,-0.9482975134049246
QDS,SWA,Surface T,0.4291240619704253,-0.8248464898933068
QDS,SWA,Surface T,0.32827748729118233,-0.9868919329247955
QDS,SWA,Surface T,0.42048162975066816,-0.8387335927758245
QDS,SWA,Surface T,0.5762670644563362,-0.5884095746817422
QDS,SWA,Surface T,0.8561285598569397,-0.13871378527204906
QDS,SWA,Surface T,0.5120997825229918,-0.6915168508791502
QDS,SWA,Surface T,0.269090070654152,-1.081997306422533
QDS,SWA,Surface T,0.3205995025213547,-0.9992293122316588
QDS,SWA,Surface T,0.5509279330727092,-0.6291257892299602
QDS,SWA,Surface T,0.3464598531335368,-0.9576755759225246
QDS,SWA,Surface T,0.6672197818107483,-0.44226208850790527
QDS,SWA,Surface T,1.0498397587848802,0.17255129388685578
QDS,SWA,Surface T,0.8263863925199786,-0.18650502357799958
QDS,SWA,Surface T,2.242986869629874,2.0897612020426495
QDS,SWA,Surface T,1.5081746689731759,0.9090273101966792
QDS,SWA,Surface T,1.4766703523066615,0.8584045600649347
QDS,SWA,Surface T,1.1473318254256304,0.3292065415351181
QDS,SWA,Surface T,1.2357881868796692,0.4713427551483658
QDS,SWA,Surface T,1.3470052287581338,0.6500519962026077
QDS,SWA,Surface T,0.9355964657467679,-0.011020682579564676
QDS,SWA,Surface T,0.40072101186154896,-0.8704859660279958
QDS,SWA,Surface T,0.21950104091020092,-1.1616795000906754
QDS,SWA,Surface T,0.15079990317115566,-1.2720720080871055
QDS,SWA,Surface T,0.28945734688937186,-1.0492701234579318
QDS,SWA,Surface T,0.24474623577826074,-1.1211142275484736
QDS,SWA,Surface T,0.4323728152989411,-0.8196262265963747
QDS,SWA,Surface T,0.6231195352214627,-0.5131246241873603
QDS,SWA,Surface T,0.452591309610183,-0.7871381140500079
QDS,SWA,Surface T,1.6360725006050783,1.114540098860826
QDS,SWA,Surface T,0.4061238441055555,-0.86180441836621835
QDS,SWA,Surface T,0.382178977135191,-0.9002802574205855
QDS,SWA,Surface T,0.5662982158183164,-0.604428031423578
QDS,SWA,Surface T,0.6146543220879784,-0.5267269623623005
QDS,SWA,Surface T,0.44021240081764923,-0.8070291789266557
QDS,SWA,Surface T,0.8036697295516496,-0.2230073215153192
QDS,SWA,Surface T,0.451212735684117,-0.7893532772651349
QDS,SWA,Surface T,0.4587442770112236,-0.7772512107850114
QDS,SWA,Surface T,0.7896724542080543,-0.24549886068262314
QDS,SWA,Surface T,0.9656302110682873,0.03723907817086404
QDS,SWA,Surface T,1.1780767235484102,0.3786090190422623
QDS,SWA,Surface T,1.259735597121581,0.5098226808617586
QDS,SWA,Surface T,1.2102077878212247,0.4302388593389913
QDS,SWA,Surface T,1.0750017357592077,0.21298284765377062
QDS,SWA,Surface T,1.0058445550404511,0.10185754643234735
QDS,SWA,Surface T,0.6651234571967595,-0.4456305703020772
QDS,SWA,Surface T,0.6133556778693534,-0.5288136904283426
QDS,SWA,Surface T,0.6819719180914048,-0.418557600111911
QDS,SWA,Surface T,0.8083518469248148,-0.215483855433569
QDS,SWA,Surface T,0.9115792867790674,-0.04961271625612977
QDS,SWA,Surface T,0.9930954280952354,0.08137159605998041
QDS,SWA,Surface T,1.2838958880464209,0.5486446741633435
QDS,SWA,Surface T,1.5282966484012377,0.941360337683848
QDS,SWA,Surface T,1.108489930899427,0.26679339536034263
QDS,SWA,Surface T,1.063813338174839,0.195004757181803
QDS,SWA,Surface T,1.808893028322479,1.3922369771928378
QDS,SWA,Surface T,1.9685084967319868,1.6487152896726076
QDS,SWA,Surface T,1.1659068748487078,0.3590538826338924
QDS,SWA,Surface T,0.6694729121278316,-0.43864164327611904
QDS,SWA,Surface T,0.3466611232147443,-0.9573521648440424
QDS,SWA,Surface T,0.2502387315420012,-1.1122886039493103
QDS,SWA,Surface T,0.2793532316630187,-1.0655059334842352
QDS,SWA,Surface T,0.18919869281045168,-1.2103708655469279
QDS,SWA,Surface T,0.321238198983287,-0.9982030220332495
QDS,SWA,Surface T,0.3231544662309034,-0.9951238656405372
QDS,SWA,Surface T,0.49596846405228234,-0.7174374798800099
QDS,SWA,Surface T,0.5513510725140299,-0.6284458670962535
QDS,SWA,Surface T,0.5971886273164652,-0.5547917355695672
QDS,SWA,Surface T,0.8024510500795891,-0.22496555812961724
QDS,SWA,Surface T,0.8185146019701364,-0.19915381994175768
QDS,SWA,Surface T,1.1697184003904226,0.36517843715641835
QDS,SWA,Surface T,0.5152691277333853,-0.6864241846148627
QDS,SWA,Surface T,0.4162097887920311,-0.8455978056943511
QDS,SWA,Surface T,0.9351359073670551,-0.011760731380625137
QDS,SWA,Surface T,0.5344765099249761,-0.6555607788263059
QDS,SWA,Surface T,0.9865645939239869,0.07087751710874972
QDS,SWA,Surface T,2.2921285032958942,2.1687244967706003
QDS,SWA,Surface T,1.543160219672662,0.9652438855323382
QDS,SWA,Surface T,1.523700941947529,0.9339757210947116
QDS,SWA,Surface T,1.5470967296541385,0.9715692714562049
QDS,SWA,Surface T,1.3173158787850336,0.602345627542987
QDS,SWA,Surface T,0.9610736246097721,0.029917321594303232
QDS,SWA,Surface T,0.9225438901542683,-0.031994229785466406
QDS,SWA,Surface T,0.7170932978340071,-0.3621227677106221
QDS,SWA,Surface T,0.973544406103116,0.04995601223367651
QDS,SWA,Surface T,0.7444615008312894,-0.31814613693485067
QDS,SWA,Surface T,0.8372237928979587,-0.16909093340046902
QDS,SWA,Surface T,0.8027722405328114,-0.22444945285330578
QDS,SWA,Surface T,0.6824630839990706,-0.41776836956677027
QDS,SWA,Surface T,0.6995767126603911,-0.39026931422333816
QDS,SWA,Surface T,1.0718736141370566,0.20795642156314628
QDS,SWA,Surface T,1.5227346647300994,0.9324230573548908
QDS,SWA,Surface T,1.7824781893004153,1.349792260497698
QDS,SWA,Surface T,1.8032304768820875,1.3831380994196925
QDS,SWA,Surface T,1.2835739288307826,0.5481273336001948
QDS,SWA,Surface T,0.8038099975792837,-0.2227819316619363
QDS,SWA,Surface T,0.7065413459210832,-0.37907818466965404
QDS,SWA,Surface T,0.8107313967562391,-0.21166027284908262
QDS,SWA,Surface T,0.9871287581699195,0.07178404512386036
QDS,SWA,Surface T,0.889079956426959,-0.08576579301075012
QDS,SWA,Surface T,0.5834311304768929,-0.5768979863516441
QDS,SWA,Surface T,0.3822765129508778,-0.9001235318747285
QDS,SWA,Surface T,0.6577808458740214,-0.4574290543714227
QDS,SWA,Surface T,0.8249846941485797,-0.18875734433665997
QDS,SWA,Surface T,0.8363792749286247,-0.17044794814215997
QDS,SWA,Surface T,1.23341150383654,0.467523779066191
QDS,SWA,Surface T,1.0589529453661584,0.18719482899639073
QDS,SWA,Surface T,0.426594374615964,-0.8289113211420494
QDS,SWA,Surface T,0.7847575474634709,-0.2533963846532454
QDS,SWA,Surface T,0.49905907089686963,-0.7124713344560307
QDS,SWA,Surface T,0.6023927842330876,-0.5464294296028872
QDS,SWA,Surface T,0.8393004135399388,-0.16575411295804635
QDS,SWA,Surface T,1.3746185669329394,0.6944225227410334
QDS,SWA,Surface T,1.8348913822318815,1.434012464270494
QDS,SWA,Surface T,1.8092440087145798,1.3928009504692158
QDS,SWA,Surface T,1.5718800774630557,1.0113924244812136
QDS,SWA,Surface T,1.3327744129750587,0.6271851922917897
QDS,SWA,Surface T,0.9894536431856662,0.07551978948178434
QDS,SWA,Surface T,1.2569961268457632,0.5054207596668304
QDS,SWA,Surface T,1.2735293908584646,0.5319872553580938
QDS,SWA,Surface T,1.2265584706385841,0.4565119742110992
QDS,SWA,Surface T,0.8750476081721104,-0.10831368912880358
QDS,SWA,Surface T,0.7128437805060587,-0.3689511098756151
QDS,SWA,Surface T,0.9664844178669986,0.03861166142000211
QDS,SWA,Surface T,0.9361901249697098,-0.010066760524231418
QDS,SWA,Surface T,0.49617376240625316,-0.7171075959664646
QDS,SWA,Surface T,0.3015408688012613,-1.0298537013551408
QDS,SWA,Surface T,0.5868206156125224,-0.5714515879766997
QDS,SWA,Surface T,1.0704990611059202,0.20574771932800112
QDS,SWA,Surface T,1.307360142822568,0.5863482409200548
QDS,SWA,Surface T,1.3874795650770517,0.715088233487467
QDS,SWA,Surface T,1.5834853263939408,1.030040333053988
QDS,SWA,Surface T,1.338833910271919,0.6369219030044831
QDS,SWA,Surface T,1.0113660130718611,0.11072970808707301
QDS,SWA,Surface T,1.1100997678954565,0.2693801639249649
QDS,SWA,Surface T,1.1866411413248303,0.3923707643201851
QDS,SWA,Surface T,1.1425067220545273,0.3214533182260465
QDS,SWA,Surface T,1.3929927276971057,0.7239470656502134
QDS,SWA,Surface T,0.5731166173877227,-0.5934718744435784
QDS,SWA,Surface T,0.4151203522149639,-0.8473483682032619
QDS,SWA,Surface T,0.3042893917288936,-1.0254372338954676
QDS,SWA,Surface T,0.5404872851609765,-0.6459023572172587
QDS,SWA,Surface T,0.847189613088037,-0.15307734292394698
QDS,SWA,Surface T,1.0150680495037503,0.11667832989829717
QDS,SWA,Surface T,1.4404233468490335,0.800161014593726
QDS,SWA,Surface T,1.8174974128540131,1.4060629431005598
QDS,SWA,Surface T,1.7558176038062001,1.3069526657803752
QDS,SWA,Surface T,1.7429284939524905,1.2862417836986677
QDS,SWA,Surface T,0.9317835725353802,-0.017147434743793055
QDS,SWA,Surface T,0.5998029863056331,-0.5505908496000581
QDS,SWA,Surface T,0.4700927832244493,-0.75901584956509
QDS,SWA,Surface T,0.516406605543447,-0.6845964269914014
QDS,SWA,Surface T,1.3107507277293184,0.5917964064635824
QDS,SWA,Surface T,1.0287299216291406,0.13863092599032967
QDS,SWA,Surface T,1.3681380945896535,0.6840093677552428
QDS,SWA,Surface T,2.7737929668075254,2.9426876346413784
HDS,Cape,Surface T,1.2442076055333615,0.212910444214183
HDS,Cape,Surface T,1.00973972415883,-0.11599828184763529
HDS,Cape,Surface T,3.4499085570020043,3.3070412299231315
HDS,Cape,Surface T,1.578266805203853,0.6815246746525992
HDS,Cape,Surface T,1.2336356673846278,0.19808025643699248
HDS,Cape,Surface T,0.9848835250415959,-0.15086625923737926
HDS,Cape,Surface T,1.9031292529994144,1.1372378120911684
HDS,Cape,Surface T,0.6860292636548024,-0.5700954253586927
HDS,Cape,Surface T,0.39638056765918844,-0.9764111349854889
HDS,Cape,Surface T,0.9676295565446041,-0.1750699188797474
HDS,Cape,Surface T,0.8520538655266958,-0.337198109204001
HDS,Cape,Surface T,0.7139009968903641,-0.5309972929496743
HDS,Cape,Surface T,0.9938905409748789,-0.13823132553615117
HDS,Cape,Surface T,0.9494834683536553,-0.20052503330694121
HDS,Cape,Surface T,1.2223382043093012,0.18223231101243106
HDS,Cape,Surface T,0.7644507753660434,-0.46008667123179164
HDS,Cape,Surface T,2.404684036529135,1.8408128345372508
HDS,Cape,Surface T,0.8717940224093658,-0.30950685437422687
HDS,Cape,Surface T,0.9825593619059774,-0.154126567351287
HDS,Cape,Surface T,0.9844556469544065,-0.15146648147567573
HDS,Cape,Surface T,0.8725707131078967,-0.3084173219969124
HDS,Cape,Surface T,1.015007985014582,-0.10860802883528844
HDS,Cape,Surface T,1.0931545596048662,0.0010150468026406802
HDS,Cape,Surface T,0.8773780759188159,-0.3016736112225968
HDS,Cape,Surface T,1.056916197996543,-0.04981969133414446
HDS,Cape,Surface T,1.0010810333154496,-0.1281445892990605
HDS,Cape,Surface T,1.0579437834216947,-0.04837820684968116
HDS,Cape,Surface T,1.0098130512048584,-0.11589541954874082
HDS,Cape,Surface T,1.8265555702728749,1.0298211702560462
HDS,Cape,Surface T,1.1251360487545918,0.04587829541532988
HDS,Cape,Surface T,0.9956335653390119,-0.13578623190652125
HDS,Cape,Surface T,1.4175733471296081,0.45610582294539403
HDS,Cape,Surface T,1.0897747297650784,-0.003726137876443787
HDS,Cape,Surface T,1.3891806756284002,0.4162769245981751
HDS,Cape,Surface T,1.829844220527794,1.0344344493093103
HDS,Cape,Surface T,1.6413605400655342,0.7700318076303949
HDS,Cape,Surface T,2.09716420443182,1.409427709969572
HDS,Cape,Surface T,1.341321050035536,0.3491400170129537
HDS,Cape,Surface T,0.4748581237896114,-0.8663237624209241
HDS,Cape,Surface T,0.40366545025415235,-0.966191989233956
HDS,Cape,Surface T,1.0761099931177276,-0.02289486621698395
HDS,Cape,Surface T,1.26742917600314,0.24548538418290833
HDS,Cape,Surface T,3.4596809852336605,3.320749874797481
HDS,Cape,Surface T,4.534762790355021,4.828861710251273
HDS,Cape,Surface T,1.8769020710981863,1.1004466365290664
HDS,Cape,Surface T,1.3580830753922757,0.3726535847305491
HDS,Cape,Surface T,0.5269247312276875,-0.7932853512644588
HDS,Cape,Surface T,1.7887127606860627,0.9767357317779453
HDS,Cape,Surface T,1.6157315020119825,0.7340797010690772
HDS,Cape,Surface T,0.7329661475898693,-0.5042529286811449
HDS,Cape,Surface T,1.643356060834233,0.7728311001817453
HDS,Cape,Surface T,2.9356114681675587,2.585591454737789
HDS,Cape,Surface T,2.9613914548535516,2.621755310226533
HDS,Cape,Surface T,2.4157717380779027,1.8563665290133549
HDS,Cape,Surface T,1.33216143169258,0.3362910144854744
HDS,Cape,Surface T,1.0121785126810465,-0.11257717861902239
HDS,Cape,Surface T,4.189220574443122,4.34413924263697
HDS,Cape,Surface T,2.8149422124829093,2.4163180731155633
HDS,Cape,Surface T,2.8533176888771457,2.4701507301893124
HDS,Cape,Surface T,2.129087495335957,1.4542093187827991
HDS,Cape,Surface T,0.822507688335952,-0.37864513146920026
HDS,Cape,Surface T,1.6540398752696237,0.7878182266692835
HDS,Cape,Surface T,2.641394579585071,2.172867539452523
HDS,Cape,Surface T,2.087017374727648,1.395193859209286
HDS,Cape,Surface T,1.6899885741950698,0.8382466294758124
HDS,Cape,Surface T,1.4160538247397956,0.45397425519920315
HDS,Cape,Surface T,1.0557029281752521,-0.05152165165788092
HDS,Cape,Surface T,0.8655797287931506,-0.318224190773145
HDS,Cape,Surface T,1.4924822370492947,0.5611871134392201
HDS,Cape,Surface T,2.187229937303485,1.535770837595329
HDS,Cape,Surface T,2.6049809407345177,2.1217869245068908
HDS,Cape,Surface T,2.464893776151181,1.9252743336539144
HDS,Cape,Surface T,1.7273687308359311,0.8906830639616848
HDS,Cape,Surface T,2.4743973143138334,1.9386057827710956
HDS,Cape,Surface T,1.534858326293415,0.6206317821377939
HDS,Cape,Surface T,0.575704214768867,-0.7248580780045677
HDS,Cape,Surface T,0.37176984659206863,-1.0109347587167878
HDS,Cape,Surface T,0.4322367024587379,-0.9261125800222946
HDS,Cape,Surface T,0.3540603440450383,-1.0357774360497567
HDS,Cape,Surface T,3.0322689452690668,2.7211814019469065
HDS,Cape,Surface T,2.9399706427670873,2.591706452475674
HDS,Cape,Surface T,2.241390933053563,1.61174723150466
HDS,Cape,Surface T,0.9503170288192817,-0.19935572470382917
HDS,Cape,Surface T,0.5579839442360266,-0.7497158605386167
HDS,Cape,Surface T,0.3092203984853086,-1.0986783727762397
HDS,Cape,Surface T,0.6412591219228589,-0.6328984421144882
HDS,Cape,Surface T,0.6872260802590833,-0.5684165454100364
HDS,Cape,Surface T,0.937419391793135,-0.21744837491505947
HDS,Cape,Surface T,1.691268472512393,0.8400420554530148
HDS,Cape,Surface T,1.9990174697659124,1.2717486501476176
HDS,Cape,Surface T,1.9565978038459946,1.2122428526119573
HDS,Cape,Surface T,1.6170207359784936,0.7358882229827607
HDS,Cape,Surface T,1.3327478904103356,0.3371136917264424
HDS,Cape,Surface T,0.9774369100607844,-0.16131228123601377
HDS,Cape,Surface T,0.4704936595740416,-0.8724461803686191
HDS,Cape,Surface T,0.8691503708890878,-0.3132153369543935
HDS,Cape,Surface T,1.5136284268336766,0.5908507343252404
HDS,Cape,Surface T,2.0092701141773546,1.2861309365075375
HDS,Cape,Surface T,1.344289717769787,0.35330442843190474
HDS,Cape,Surface T,1.1113139449105773,0.026488814262612854
HDS,Cape,Surface T,1.0088651926296848,-0.1172250641662445
HDS,Cape,Surface T,0.613844180682861,-0.6713557922020418
HDS,Cape,Surface T,0.4045651118418145,-0.9649299547712824
HDS,Cape,Surface T,0.6398471174650714,-0.6348791849978287
HDS,Cape,Surface T,0.6850973515232,-0.5714027004968056
HDS,Cape,Surface T,1.5157627237448423,0.5938447003813752
HDS,SWA,Surface T,1.285459951017856,0.27077873867236324
HDS,SWA,Surface T,0.9109934991717864,-0.25451829948716037
HDS,SWA,Surface T,1.3692762749371354,0.3883552705276531
HDS,SWA,Surface T,1.6332990918981949,0.7587233050270146
HDS,SWA,Surface T,0.6920985324240974,-0.5615815280720667
HDS,SWA,Surface T,2.9837692492147765,2.653146611211024
HDS,SWA,Surface T,1.095458524082332,0.004247020481647465
HDS,SWA,Surface T,0.6105712842110051,-0.67594697203776
HDS,SWA,Surface T,0.7187981295472484,-0.5241276541143294
HDS,SWA,Surface T,0.9198830872575059,-0.24204809215919876
HDS,SWA,Surface T,1.2059328322903216,0.1592190523106407
HDS,SWA,Surface T,0.5688968456206945,-0.7344073736318926
HDS,SWA,Surface T,0.7709586199781597,-0.4509575450238387
HDS,SWA,Surface T,0.7350640899428313,-0.5013099603623343
HDS,SWA,Surface T,0.3893139409178161,-0.9863241140486914
HDS,SWA,Surface T,0.31700621822800484,-1.087756518414334
HDS,SWA,Surface T,1.4211077492949244,0.4610638398250168
HDS,SWA,Surface T,0.6650567689502509,-0.5995153888742651
HDS,SWA,Surface T,0.5760837999094974,-0.7243256005313
HDS,SWA,Surface T,0.6110404355678409,-0.6752888521528426
HDS,SWA,Surface T,0.636759982235118,-0.6392097811959603
HDS,SWA,Surface T,0.65119076274474,-0.6189664557320529
HDS,SWA,Surface T,0.404046504163252,-0.965657451389932
HDS,SWA,Surface T,1.0177527525240018,-0.10475770196080668
HDS,SWA,Surface T,0.9396769665024307,-0.21428147624531071
HDS,SWA,Surface T,0.7576101937851136,-0.469682556860628
HDS,SWA,Surface T,0.5663925391349444,-0.7379203846723288
HDS,SWA,Surface T,0.48696336097817217,-0.8493426811784758
HDS,SWA,Surface T,0.553998846507703,-0.7553061077373835
HDS,SWA,Surface T,0.9082721307366816,-0.25833580242141263
HDS,SWA,Surface T,1.6414305710183839,0.7701300462093918
HDS,SWA,Surface T,1.0313210230544314,-0.08572429512971448
HDS,SWA,Surface T,0.8999055054670495,-0.2700724037961466
HDS,SWA,Surface T,0.9251100157346426,-0.23471581971082406
HDS,SWA,Surface T,0.6508180965144119,-0.6194892274411027
HDS,SWA,Surface T,0.6142033861830719,-0.6708519030434237
HDS,SWA,Surface T,0.7175224171001702,-0.5259172082030596
HDS,SWA,Surface T,0.8383166978346546,-0.3564684429435272
HDS,SWA,Surface T,0.4354718409614217,-0.9215743666119401
HDS,SWA,Surface T,0.0772931810722639,-1.4240230859676173
HDS,SWA,Surface T,0.7950683966813747,-0.4171366400256724
HDS,SWA,Surface T,0.8733986748920555,-0.30725586715687603
HDS,SWA,Surface T,0.7063545993706524,-0.5415832886946509
HDS,SWA,Surface T,0.5958452493343316,-0.6966044767792803
HDS,SWA,Surface T,0.5627976004064723,-0.7429633215151934
HDS,SWA,Surface T,0.5734031475113599,-0.7280859874982364
HDS,SWA,Surface T,0.7355388325194541,-0.5006439971814974
HDS,SWA,Surface T,0.4769916749455163,-0.8633308425013064
HDS,SWA,Surface T,0.24190139307862638,-1.1931126644935428
HDS,SWA,Surface T,0.8407524418077325,-0.3530516105718554
HDS,SWA,Surface T,0.6918078266666738,-0.5619893266147603
HDS,SWA,Surface T,0.47997400145242053,-0.8591472707202343
HDS,SWA,Surface T,0.4562555555555592,-0.8924192215664205
HDS,SWA,Surface T,0.4789136345004168,-0.8606347407365837
HDS,SWA,Surface T,0.4671981624427417,-0.8770690641377816
HDS,SWA,Surface T,0.5659217210755654,-0.7385808425875428
HDS,SWA,Surface T,0.8904390137959197,-0.28335188454025984
HDS,SWA,Surface T,1.4003491173616378,0.431943880434685
HDS,SWA,Surface T,1.2032903867354448,0.1555122614442451
HDS,SWA,Surface T,0.7228110477371703,-0.5184983807063901
HDS,SWA,Surface T,0.6072178044056815,-0.6806511932051835
HDS,SWA,Surface T,0.48815416619873986,-0.8476722339266449
HDS,SWA,Surface T,0.4585939944224846,-0.889138887628207
HDS,SWA,Surface T,0.617632726201868,-0.6660412660802598
HDS,SWA,Surface T,0.3886161875302392,-0.9873029141149003
HDS,SWA,Surface T,0.6015703404947695,-0.6885733877058924
HDS,SWA,Surface T,1.2922677066911092,0.28032857651242604
HDS,SWA,Surface T,1.2325085451430056,0.19649914290265838
HDS,SWA,Surface T,1.2262433209186332,0.1877103616587221
HDS,SWA,Surface T,0.8038839506172811,-0.40477028691329614
HDS,SWA,Surface T,0.3506513313967743,-1.0405595580218405
HDS,SWA,Surface T,0.3365744311304866,-1.0603064645334754
HDS,SWA,Surface T,0.384172183063476,-0.9935369101710223
HDS,SWA,Surface T,0.5305526489281962,-0.7881961519159758
HDS,SWA,Surface T,0.873642422447169,-0.30691394101601993
HDS,SWA,Surface T,1.8443635582777251,1.0548020018056063
HDS,SWA,Surface T,0.98422859113208,-0.151784992654386
HDS,SWA,Surface T,1.4264722991514038,0.4685891658903438
HDS,SWA,Surface T,1.2946194686516352,0.28362759992622005
HDS,SWA,Surface T,0.6222749334301562,-0.659529233572352
HDS,SWA,Surface T,0.38221808278867303,-0.996278098551344
HDS,SWA,Surface T,0.4767169147906366,-0.8637162727443923
HDS,SWA,Surface T,0.661360028924523,-0.604701131353431
HDS,SWA,Surface T,1.0424026393165364,-0.07017913702060555
HDS,SWA,Surface T,1.0460370634787637,-0.06508081048582114
HDS,SWA,Surface T,1.2096762614356464,0.16447028972564826
HDS,SWA,Surface T,1.1137103267095274,0.029850429849488765
HDS,SWA,Surface T,2.1871665088958516,1.5356818609874092
HDS,SWA,Surface T,1.667019281045719,0.8060255811002115
HDS,SWA,Surface T,0.7668250484143818,-0.4567560695345619
HDS,SWA,Surface T,0.48363837448560315,-0.8540069322692113
HDS,SWA,Surface T,0.47863392035830227,-0.8610271203734237
HDS,SWA,Surface T,0.5887244371822804,-0.7065934664853607
HDS,SWA,Surface T,0.6202026624375461,-0.6624361904153897
HDS,SWA,Surface T,0.5992801170522929,-0.6917860856261616
HDS,SWA,Surface T,0.4983264564138139,-0.8334026674676608
HDS,SWA,Surface T,0.5646837993233476,-0.7403173843437068
HDS,SWA,Surface T,0.5022890739560466,-0.8278439552037663
HDS,SWA,Surface T,0.5196876677226688,-0.8034374169713259
HDS,SWA,Surface T,0.42503703373385804,-0.9362121887810086
HDS,SWA,Surface T,0.7992246468202098,-0.4113063022824195
HDS,SWA,Surface T,0.7145504000663777,-0.5300863179791541
HDS,SWA,Surface T,1.4008365703939376,0.4326276736899864
HDS,SWA,Surface T,1.5658382557801644,0.6640900548924115
HDS,SWA,Surface T,2.5274342930512024,2.013005419123892
HDS,SWA,Surface T,1.844285160977961,1.0546920270157079
HDS,SWA,Surface T,0.785666860324366,-0.4303250022357961
HDS,SWA,Surface T,0.5728154139433551,-0.7289104530838124
HDS,SWA,Surface T,0.6341555495037343,-0.6428632481304134
HDS,SWA,Surface T,0.6739607903655269,-0.5870249346450672
HDS,SWA,Surface T,0.6249125816993468,-0.6558291722806612
HDS,SWA,Surface T,0.40837389434200433,-0.9595870404555136
HDS,SWA,Surface T,0.3232929077418716,-1.0789376259202739
HDS,SWA,Surface T,0.28218134568943753,-1.1366084310719524
HDS,SWA,Surface T,0.35510797213383477,-1.0343078359576132
HDS,SWA,Surface T,0.6539220659169993,-0.61513501646792
HDS,SWA,Surface T,0.6192873325067794,-0.6637202042414618
HDS,SWA,Surface T,0.6118102947491669,-0.6742089029457593
HDS,SWA,Surface T,0.5920284167526445,-0.7019586836526244
HDS,SWA,Surface T,0.9890013735326022,-0.14508979086417387
HDS,SWA,Surface T,0.7141014775279245,-0.5307160611207625
HDS,SWA,Surface T,0.6856421127965063,-0.570638515929774
HDS,SWA,Surface T,1.0213059402704971,-0.09977333289367865
HDS,SWA,Surface T,1.7710388633112675,0.9519430009526706
HDS,SWA,Surface T,2.375974522675171,1.800539473545526
HDS,SWA,Surface T,1.7498147542967597,0.9221700759070947
HDS,SWA,Surface T,0.6646939481965811,-0.6000243494669857
HDS,SWA,Surface T,0.42634745824256015,-0.9343739410294161
HDS,SWA,Surface T,0.5413183672234317,-0.7730941316782011
HDS,SWA,Surface T,0.6313186032437683,-0.6468428822483195
HDS,SWA,Surface T,0.5524068240011198,-0.7575393777760443
HDS,SWA,Surface T,0.5238742155393525,-0.7975645780097166
HDS,SWA,Surface T,0.3678499063305922,-1.0164336038041504
HDS,SWA,Surface T,0.3749552062315552,-1.006466374497464
HDS,SWA,Surface T,0.405077522621923,-0.9642111510873075
HDS,SWA,Surface T,0.6627895742435107,-0.602695782360812
HDS,SWA,Surface T,0.6459006692939511,-0.6263873352463246
HDS,SWA,Surface T,0.46266114490360777,-0.8834335378139564
HDS,SWA,Surface T,0.5060944251868094,-0.8225058542315112
HDS,SWA,Surface T,0.8427463197342533,-0.3502546225797679
HDS,SWA,Surface T,1.1972433611124889,0.1470295665759763
HDS,SWA,Surface T,1.3736686376544411,0.3945168241582877
HDS,SWA,Surface T,1.1688402813005823,0.10718606757560063
HDS,SWA,Surface T,1.6691358074360652,0.8089946188833141
HDS,SWA,Surface T,2.26253763011376,1.6414115639910969
HDS,SWA,Surface T,1.2102333575405295,0.16525177744617062
HDS,SWA,Surface T,0.6876192992011548,-0.5678649426039636
HDS,SWA,Surface T,0.6394150084725223,-0.6354853422993149
HDS,SWA,Surface T,0.5911562635288559,-0.7031821297130628
HDS,SWA,Surface T,0.6383031101233629,-0.637045099940269
HDS,SWA,Surface T,0.5755157430206879,-0.7251224639077832
HDS,SWA,Surface T,0.6711559550302663,-0.5909595239437189
HDS,SWA,Surface T,0.19734117917667504,-1.2556211970124234
HDS,SWA,Surface T,0.32311698074067863,-1.079184414203185
HDS,SWA,Surface T,0.55781057800318,-0.749959056606468
HDS,SWA,Surface T,0.4822802165113084,-0.855912139952657
HDS,SWA,Surface T,0.34542096211730683,-1.047896657186372
HDS,SWA,Surface T,0.3627633845693481,-1.023568915398936
HDS,SWA,Surface T,0.814478809817056,-0.38990794576117954
HDS,SWA,Surface T,1.3734753473499097,0.3942456788421325
HDS,SWA,Surface T,1.1770924499072635,0.11876211051913392
HDS,SWA,Surface T,1.292002970106978,0.27995720721391865
HDS,SWA,Surface T,1.7107489978556412,0.8673691022796456
HDS,SWA,Surface T,2.3621479855999734,1.7811437735093858
HDS,SWA,Surface T,2.2746622852221017,1.6584198844580418
HDS,SWA,Surface T,1.6083202349130563,0.7236832646543263
HDS,SWA,Surface T,1.2475884463178457,0.21765304703433766
HDS,SWA,Surface T,0.9603578830002348,-0.18527053513385808
HDS,SWA,Surface T,0.7647300475132559,-0.4596949116200883
HDS,SWA,Surface T,1.4169929953388418,0.4552917124282109
HDS,SWA,Surface T,0.7786355363476674,-0.44018845900499715
HDS,SWA,Surface T,0.731435561876627,-0.5064000159244796
HDS,SWA,Surface T,1.5468603937033052,0.6374681380546595
HDS,SWA,Surface T,2.0390729883560916,1.327938050222405
HDS,SWA,Surface T,2.3370567490392395,1.745946088418676
HDS,SWA,Surface T,1.903052540376045,1.1371302005450694
HDS,SWA,Surface T,1.926844391293855,1.170505123072431
3QDS,Cape,Surface T,0.7735180338193715,-0.712319918007325
3QDS,Cape,Surface T,0.715950077431395,-0.8087462123175423
3QDS,Cape,Surface T,0.9727045915094663,-0.37868254681039104
3QDS,Cape,Surface T,0.7061738178810515,-0.8251214415214644
3QDS,Cape,Surface T,0.7296650935566547,-0.7857735680838159
3QDS,Cape,Surface T,1.4475866542562952,0.41674463904386905
3QDS,Cape,Surface T,1.19339234714419,-0.009030681246864526
3QDS,Cape,Surface T,0.6283933482863355,-0.9554036839929629
3QDS,Cape,Surface T,0.7274735315186578,-0.7894444332548979
3QDS,Cape,Surface T,1.164087133215034,-0.058116897962851334
3QDS,Cape,Surface T,0.9047840250927189,-0.4924494570491196
3QDS,Cape,Surface T,1.067190901058518,-0.22041803188718836
3QDS,Cape,Surface T,1.2069522984163186,0.013682229445785328
3QDS,Cape,Surface T,1.2689680371023857,0.1175585565835194
3QDS,Cape,Surface T,1.6928589523357758,0.8275755992635205
3QDS,Cape,Surface T,1.912125756249149,1.19484737149943
3QDS,Cape,Surface T,1.6953282880311917,0.8317117351532884
3QDS,Cape,Surface T,2.126232035222611,1.553475267386882
3QDS,Cape,Surface T,3.4103150063357237,3.7043135159572653
3QDS,Cape,Surface T,1.690583014555628,0.8237634047721748
3QDS,Cape,Surface T,0.9658920301600428,-0.3900935832081175
3QDS,Cape,Surface T,0.8826927602639444,-0.5294523131121025
3QDS,Cape,Surface T,1.7203303157212417,0.8735901173585755
3QDS,Cape,Surface T,1.7543222197655106,0.9305265373601359
3QDS,Cape,Surface T,2.076185420549608,1.469647216184826
3QDS,Cape,Surface T,2.0021076298153466,1.3455669587052588
3QDS,Cape,Surface T,1.4176402793629752,0.3665844780764305
3QDS,Cape,Surface T,0.7227257208117648,-0.7973970134970494
3QDS,Cape,Surface T,1.0482355750762267,-0.2521681921603138
3QDS,Cape,Surface T,3.0604202989673417,3.1182400794970873
3QDS,Cape,Surface T,1.8968723766401563,1.169297969302666
3QDS,Cape,Surface T,2.310910179768333,1.8628110547929115
3QDS,Cape,Surface T,1.3849832016368093,0.31188389140087824
3QDS,Cape,Surface T,0.5620019709866616,-1.066609203327607
3QDS,Cape,Surface T,0.43868351488739565,-1.2731675473752864
3QDS,Cape,Surface T,1.9799324305796435,1.3084235125582593
3QDS,Cape,Surface T,2.05425788508509,1.4329186067141417
3QDS,Cape,Surface T,1.3492327608421104,0.2520019233393954
3QDS,Cape,Surface T,0.9768057288531193,-0.3718131440850182
3QDS,Cape,Surface T,0.7521043230600526,-0.7481878713881264
3QDS,Cape,Surface T,1.2485921646701073,0.0834289818120813
3QDS,Cape,Surface T,1.882366893727489,1.1450012936482075
3QDS,Cape,Surface T,2.6038237673603724,2.3534411479346367
3QDS,Cape,Surface T,1.5779811650958209,0.6351553707695313
3QDS,Cape,Surface T,1.2122829546971405,0.022611075693808554
3QDS,Cape,Surface T,0.847833518445043,-0.5878415233944129
3QDS,Cape,Surface T,0.8631542665213828,-0.5621792790530383
3QDS,Cape,Surface T,2.5162201342113235,2.2067051120791277
3QDS,Cape,Surface T,1.7184027174751482,0.8703613913892705
3QDS,Cape,Surface T,0.8440278590877028,-0.5942160006602405
3QDS,Cape,Surface T,0.4230447723050001,-1.299362432334009
3QDS,Cape,Surface T,0.40813551052502817,-1.32433543736227
3QDS,Cape,Surface T,0.7935673223461095,-0.6787373710925019
3QDS,Cape,Surface T,1.9309184723985737,1.2263251603946999
3QDS,SWA,Surface T,1.365375406719709,0.2790408460318822
3QDS,SWA,Surface T,0.9631914936773285,-0.39461698028552483
3QDS,SWA,Surface T,0.95962354041829,-0.4005932999714708
3QDS,SWA,Surface T,0.9279034289819492,-0.45372446864280336
3QDS,SWA,Surface T,0.7977504904603491,-0.671730566872906
3QDS,SWA,Surface T,0.45362083487967764,-1.2481475448573143
3QDS,SWA,Surface T,1.2999716017362517,0.1694895097669714
3QDS,SWA,Surface T,0.7794005481754027,-0.7024667097962164
3QDS,SWA,Surface T,0.6811402041829524,-0.8670527302723251
3QDS,SWA,Surface T,0.48907626054447917,-1.1887597269711432
3QDS,SWA,Surface T,0.5695176704862396,-1.0540204109270341
3QDS,SWA,Surface T,1.2021622054872492,0.005658826505461264
3QDS,SWA,Surface T,1.0696901303590682,-0.21623182422576964
3QDS,SWA,Surface T,0.7575640632140398,-0.7390428097257389
3QDS,SWA,Surface T,0.6508737740517532,-0.9177489835817477
3QDS,SWA,Surface T,1.1598661517515194,-0.06518703952104354
3QDS,SWA,Surface T,0.7818000507029504,-0.698447544423034
3QDS,SWA,Surface T,0.43916714100970466,-1.272357473894623
3QDS,SWA,Surface T,1.9612523104679933,1.277134321962423
3QDS,SWA,Surface T,1.414654185910706,0.3615827732369226
3QDS,SWA,Surface T,0.9429723633945994,-0.4284840120453367
3QDS,SWA,Surface T,0.7981600809797302,-0.6710445029851705
3QDS,SWA,Surface T,0.8724834157269785,-0.5465529594230681
3QDS,SWA,Surface T,0.5750354817135985,-1.0447780802496738
3QDS,SWA,Surface T,0.49247869916598574,-1.1830606442092202
3QDS,SWA,Surface T,1.625320653854078,0.7144489875992636
3QDS,SWA,Surface T,1.2266685395377337,0.046706922145522384
3QDS,SWA,Surface T,0.914545871325231,-0.47609837014439327
3QDS,SWA,Surface T,0.7313303616992357,-0.7829842448891595
3QDS,SWA,Surface T,0.5169890034376294,-1.1420058984509684
3QDS,SWA,Surface T,0.49194919409675464,-1.1839475648999658
3QDS,SWA,Surface T,1.4210936957499274,0.37236894856657166
3QDS,SWA,Surface T,1.3061344562791344,0.17981228763211
3QDS,SWA,Surface T,0.9663033782111623,-0.3894045754557167
3QDS,SWA,Surface T,0.5654562376700861,-1.0608233085913568
3QDS,SWA,Surface T,0.6707088255270648,-0.8845252836065967
3QDS,SWA,Surface T,1.0655697227623098,-0.22313350461416834
3QDS,SWA,Surface T,1.3686337042474293,0.2844984925434374
3QDS,SWA,Surface T,1.8499285320605168,1.0906670562477976
3QDS,SWA,Surface T,1.371033153124093,0.28851756805141937
3QDS,SWA,Surface T,0.6666254021269411,-0.8913650154866012
3QDS,SWA,Surface T,0.9019753928657982,-0.4971539144367851
3QDS,SWA,Surface T,1.0202200405735837,-0.2990941965681082
3QDS,SWA,Surface T,0.7872676329932672,-0.6892893471867407
3QDS,SWA,Surface T,0.23211001974271994,-1.6191780346204279
3QDS,SWA,Surface T,0.3371603705108015,-1.4432187566449068
3QDS,SWA,Surface T,1.471236674472891,0.45635840949767603
3QDS,SWA,Surface T,1.450180758680249,0.42108976248319724
3QDS,SWA,Surface T,2.332358483843128,1.8987369519575221
3QDS,SWA,Surface T,1.709110137443127,0.8547963251043038
3QDS,SWA,Surface T,0.8440363592350448,-0.5942017629182621
3QDS,SWA,Surface T,0.8713557541035407,-0.5484417920029696
3QDS,SWA,Surface T,0.7929376227422217,-0.6797921175719894
3QDS,SWA,Surface T,0.5141471357930654,-1.146766025144343
3QDS,SWA,Surface T,0.3132684891434536,-1.483237644389094
3QDS,SWA,Surface T,0.5288271423302068,-1.1221770225178407
3QDS,SWA,Surface T,0.48580465597914974,-1.1942396627631489
3QDS,SWA,Surface T,0.6744377962637762,-0.8782792597368415
3QDS,SWA,Surface T,0.9278972018695656,-0.45373489905251535
3QDS,SWA,Surface T,0.8106372481315361,-0.6501452550801485
3QDS,SWA,Surface T,0.8021305458826304,-0.6643939765239705
3QDS,SWA,Surface T,1.471236674472891,0.45635840949767603
3QDS,SWA,Surface T,1.582811242338869,0.6432457474130995
3QDS,SWA,Surface T,1.8610595124561158,1.1093114420994286
3QDS,SWA,Surface T,2.2533075477275273,1.7663266787838654
3QDS,SWA,Surface T,2.089226964146374,1.4914917943151678
3QDS,SWA,Surface T,0.919525110949697,-0.46775814659652154
3QDS,SWA,Surface T,0.8660189861108544,-0.5573808753649004
3QDS,SWA,Surface T,0.7494285802365729,-0.7526697391003733
3QDS,SWA,Surface T,0.5660559225979809,-1.05981883667714
3QDS,SWA,Surface T,0.7525697958419073,-0.7474082047424316
3QDS,SWA,Surface T,0.9992680676432302,-0.334188739347187
3QDS,SWA,Surface T,1.0806187972195163,-0.19792631343080977
3QDS,SWA,Surface T,1.0703277501887984,-0.2151638113724866
3QDS,SWA,Surface T,1.068169425453405,-0.2187790040805524
3QDS,SWA,Surface T,1.3093530755367435,0.18520347306372578
3QDS,SWA,Surface T,1.376328494816778,0.2973872623843358
3QDS,SWA,Surface T,1.4775707277051922,0.4669679450705249
3QDS,SWA,Surface T,2.2421378607691307,1.7476174594614944
3QDS,SWA,Surface T,2.6534325415283764,2.436535816539065
3QDS,SWA,Surface T,1.7655160348982752,0.9492761713608934
3QDS,SWA,Surface T,1.0548450566147878,-0.24109731433064058
3QDS,SWA,Surface T,0.8307666362082874,-0.6164285414644678
3QDS,SWA,Surface T,0.854478684257875,-0.576710874425568
3QDS,SWA,Surface T,0.8198509903723069,-0.6347122420508271
3QDS,SWA,Surface T,1.5785122015152524,0.6360448564709943
3QDS,SWA,Surface T,1.3179981294691931,0.19968393349904182
3QDS,SWA,Surface T,0.8903000401627329,-0.516710123594776
3QDS,SWA,Surface T,1.3365743255621623,0.23079905142250984
3QDS,SWA,Surface T,1.2777001651077058,0.13218486604152452
3QDS,SWA,Surface T,1.9783664725552133,1.3058005337551992
3QDS,SWA,Surface T,2.63866151855485,2.411794361433222
3QDS,SWA,Surface T,1.8724929215788677,1.1284623958975708
3QDS,SWA,Surface T,1.58439940023095,0.6459059109818881
0.05º,Cape,NDVI,281770.757685759,-1.0866494691261337
0.05º,Cape,NDVI,1276007.9278623527,-0.5607154659105461
0.05º,Cape,NDVI,1172209.2108446383,-0.6156231644027198
0.05º,Cape,NDVI,637156.5601549111,-0.8986566205532053
0.05º,Cape,NDVI,1143870.7334785121,-0.6306137212771463
0.05º,Cape,NDVI,1812075.7685786623,-0.27714499206375964
0.05º,Cape,NDVI,1414012.043088819,-0.4877137124472462
0.05º,Cape,NDVI,1107765.6741707872,-0.6497126636096636
0.05º,Cape,NDVI,10359425.381263703,4.244252852963696
0.05º,Cape,NDVI,1429510.106511669,-0.4795155090581888
0.05º,Cape,NDVI,2968311.002178519,0.33448314185329464
0.05º,Cape,NDVI,869985.4756717785,-0.7754942129554485
0.05º,Cape,NDVI,3001197.34931009,0.3518794419684597
0.05º,Cape,NDVI,972313.4531589588,-0.7213645098472572
0.05º,Cape,NDVI,3755148.420479168,0.7507063184754037
0.05º,Cape,NDVI,240622.73057370042,-1.1084160528675409
0.05º,Cape,NDVI,3540076.555313069,0.6369370786814833
0.05º,Cape,NDVI,2581328.0682641845,0.1297759656233724
0.05º,Cape,NDVI,5767138.82080607,1.8150139076669347
0.05º,Cape,NDVI,1830950.4357298685,-0.2671606245989701
0.05º,Cape,NDVI,3518864.984265283,0.6257165300937935
0.05º,Cape,NDVI,3315823.953037993,0.5183113901799208
0.05º,Cape,NDVI,726640.341321718,-0.8513212717414452
0.05º,Cape,NDVI,1760055.3740013158,-0.30466286726456193
0.05º,Cape,NDVI,2593467.3807792426,0.13619744876526257
0.05º,Cape,NDVI,909651.1135317928,-0.7545117870961219
0.05º,Cape,NDVI,4358452.553861076,1.0698436104051552
0.05º,Cape,NDVI,796800.4493463784,-0.8142078066786838
0.05º,Cape,NDVI,3588705.2166542467,0.66266078656261
0.05º,Cape,NDVI,1513793.0283224762,-0.4349313235134149
0.05º,Cape,NDVI,1911544.7228273335,-0.22452766204140706
0.05º,Cape,NDVI,3434042.9072861914,0.5808471409331057
0.05º,Cape,NDVI,3381483.2970223445,0.5530440301033163
0.05º,Cape,NDVI,2161469.0320571894,-0.09232209138184114
0.05º,Cape,NDVI,2239416.044195471,-0.05108949078886696
0.05º,Cape,NDVI,2709577.342047803,0.19761757926826362
0.05º,Cape,NDVI,565152.2028564552,-0.9367456610949264
0.05º,Cape,NDVI,2997063.3623818546,0.34969263548040463
0.05º,Cape,NDVI,7028081.621537443,2.4820305058260392
0.05º,Cape,NDVI,1713044.359719144,-0.3295308682589889
0.05º,Cape,NDVI,1671917.8165092552,-0.3512860873934272
0.05º,Cape,NDVI,634779.714354855,-0.8999139302416246
0.05º,Cape,NDVI,2505580.367949441,0.08970676236291526
0.05º,Cape,NDVI,2325062.63616556,-0.005783947677256657
0.05º,Cape,NDVI,1270013.0113772713,-0.5638866714543722
0.05º,Cape,NDVI,990542.2415880716,-0.7117218008841731
0.05º,Cape,NDVI,1147778.6855483179,-0.6285464832598003
0.05º,Cape,NDVI,1866196.7441295919,-0.24851594641625324
0.05º,Cape,NDVI,3083025.5991285597,0.395165149135804
0.05º,Cape,NDVI,0,-1.2357012517631065
0.05º,Cape,NDVI,1122595.315904038,-0.6418680435562449
0.05º,Cape,NDVI,3867936.0702614067,0.8103690045452822
0.05º,Cape,NDVI,5396374.0619704155,1.6188858612461166
0.05º,Cape,NDVI,2787107.2379566184,0.23862953270083204
0.05º,Cape,NDVI,3503249.213265422,0.6174560614635608
0.05º,Cape,NDVI,3332980.51319292,0.527386909215371
0.05º,Cape,NDVI,4065527.7172597665,0.9148915158987357
0.05º,Cape,NDVI,1226032.740256584,-0.5871514625392815
0.05º,Cape,NDVI,555787.3396273189,-0.9416995092866927
0.05º,Cape,NDVI,2681050.2904862515,0.1825272699560102
0.05º,Cape,NDVI,999820.9422657988,-0.7068135311690009
0.05º,Cape,NDVI,3630161.88574209,0.6845906364891429
0.05º,Cape,NDVI,1021592.5320745893,-0.695296742491234
0.05º,Cape,NDVI,902250.3631081214,-0.7584266541055997
0.05º,Cape,NDVI,2221159.525538622,-0.06074686855545276
0.05º,Cape,NDVI,2762960.844831622,0.22585651477273447
0.05º,Cape,NDVI,2094972.426470534,-0.1274976279896969
0.05º,Cape,NDVI,4024937.363834484,0.8934199317443206
0.05º,Cape,NDVI,2114658.224400923,-0.1170841865869944
0.05º,Cape,NDVI,1271181.0094407531,-0.5632688209900147
0.05º,Cape,NDVI,3538008.9566690093,0.635843355307894
0.05º,Cape,NDVI,1048344.8317599408,-0.6811452457550567
0.05º,Cape,NDVI,2641297.8092468698,0.16149890547405557
0.05º,Cape,NDVI,2865905.652384268,0.28031251015339875
0.05º,Cape,NDVI,2326916.190087123,-0.004803450203027012
0.05º,Cape,NDVI,1835883.5633018527,-0.26455108674408784
0.05º,Cape,NDVI,826606.4512224649,-0.7984409551096994
0.05º,Cape,NDVI,326319.898329681,-1.063083756053356
0.05º,Cape,NDVI,3879570.883909295,0.8165236166459485
0.05º,Cape,NDVI,1361969.5594286488,-0.5152432723849556
0.05º,Cape,NDVI,2925763.4350036015,0.31197622599597064
0.05º,Cape,NDVI,1234496.7925439996,-0.5826741275165366
0.05º,Cape,NDVI,1190647.5429678282,-0.6058696105052676
0.05º,Cape,NDVI,1352671.871217552,-0.5201615861718399
0.05º,Cape,NDVI,5551047.869765243,1.700705589341459
0.05º,Cape,NDVI,963898.8743645218,-0.725815674261021
0.05º,Cape,NDVI,3624865.9525539237,0.6817891808345329
0.05º,Cape,NDVI,1097662.1883321046,-0.6550572301909217
0.05º,Cape,NDVI,3671524.1466957643,0.7064705461706022
0.05º,Cape,NDVI,2051845.497458222,-0.15031101608482408
0.05º,Cape,NDVI,6552670.358266355,2.2305462962570757
0.05º,Cape,NDVI,1349892.5804889724,-0.5216317821601093
0.05º,Cape,NDVI,5143472.22222217,1.4851052292307625
0.05º,Cape,NDVI,5376994.6744130505,1.6086345055498685
0.05º,Cape,NDVI,365018.4580004149,-1.0426128975732898
0.05º,Cape,NDVI,5081063.793572925,1.452092266430285
0.05º,Cape,NDVI,1269267.1266036157,-0.5642812314011468
0.05º,Cape,NDVI,2820062.9387557167,0.25606251968819876
0.05º,Cape,NDVI,2847614.9842652506,0.2706370679210248
0.05º,Cape,NDVI,1286786.7949648558,-0.5550136345011034
0.05º,Cape,NDVI,2291377.0878721247,-0.023603011172269414
0.05º,Cape,NDVI,250441.78165090436,-1.1032219472801437
0.05º,Cape,NDVI,2193315.783103246,-0.07547571933955702
0.05º,Cape,NDVI,1617772.3311545204,-0.37992809829672974
0.05º,Cape,NDVI,1288031.6509318533,-0.5543551275554885
0.05º,Cape,NDVI,6011948.2570804525,1.9445138003553848
0.05º,Cape,NDVI,1416616.1341079748,-0.4863361940285784
0.05º,Cape,NDVI,1845019.3657710042,-0.2597184076718155
0.05º,Cape,NDVI,1735742.2536915846,-0.31752408094548673
0.05º,Cape,NDVI,3858980.57371083,0.805631704137582
0.05º,Cape,NDVI,1814440.8133622583,-0.27589392490581
0.05º,Cape,NDVI,3049276.0530135403,0.37731223191703966
0.05º,Cape,NDVI,1284428.1045750757,-0.5562613402963141
0.05º,Cape,NDVI,2884948.801743041,0.29038600174727347
0.05º,Cape,NDVI,1130971.3144516817,-0.6374372874155269
0.05º,Cape,NDVI,5147393.790849762,1.487179670168057
0.05º,Cape,NDVI,2927712.4183005225,0.3130072039339287
0.05º,Cape,NDVI,1426681.4935850294,-0.48101179562308427
0.05º,Cape,NDVI,2580511.6799804773,0.12934411055789324
0.05º,Cape,NDVI,1697192.568385325,-0.3379161875011299
0.05º,Cape,NDVI,2245945.594286994,-0.047635473455938694
0.05º,Cape,NDVI,3226629.14548525,0.47112890333533214
0.05º,Cape,NDVI,1082524.5098038954,-0.6630647962994364
0.05º,Cape,NDVI,3836810.094408033,0.7939039099223876
0.05º,Cape,NDVI,1893872.851609629,-0.2338757715796843
0.05º,Cape,NDVI,1380696.2599853624,-0.5053371766502099
0.05º,Cape,NDVI,2873042.544178117,0.28408780058132427
0.05º,Cape,NDVI,1118104.8777536121,-0.6442434064811958
0.05º,Cape,NDVI,756376.4826918537,-0.8355913751532877
0.05º,Cape,NDVI,1473299.140643883,-0.4563518789818673
0.05º,Cape,NDVI,2097836.1344536683,-0.12598277675622033
0.05º,Cape,NDVI,11502261.558944553,4.848793121600536
0.05º,Cape,NDVI,3946241.441020642,0.8517911705556019
0.05º,Cape,NDVI,1650338.5984023518,-0.3627011148191371
0.05º,Cape,NDVI,4414529.774872969,1.0995074755478673
0.05º,Cape,NDVI,5404940.99491615,1.6234176183304243
0.05º,Cape,NDVI,757257.0200919488,-0.8351255863317626
0.05º,Cape,NDVI,4195892.641007015,0.983852271221439
0.05º,Cape,NDVI,991909.6465745502,-0.710998467659337
0.05º,Cape,NDVI,5564335.511982327,1.7077345187298931
0.05º,Cape,NDVI,1617240.680222652,-0.3802093323033614
0.05º,Cape,NDVI,3012795.3280077456,0.35801456902731205
0.05º,Cape,NDVI,4264446.865165528,1.0201162519199496
0.05º,Cape,NDVI,4044981.8445896995,0.9040231100625239
0.05º,Cape,NDVI,821871.8228031968,-0.8009454903986402
0.05º,Cape,NDVI,1966659.1019124652,-0.19537312336947604
0.05º,Cape,NDVI,939897.7245218687,-0.7385118610433775
0.05º,Cape,NDVI,1219291.6364076352,-0.5907173880947906
0.05º,Cape,NDVI,3164757.322682037,0.4383997956040657
0.05º,Cape,NDVI,1130816.993463935,-0.6375189205080125
0.05º,Cape,NDVI,732803.4979423293,-0.8480610701203902
0.05º,Cape,NDVI,1951160.7358989539,-0.20357148682367948
0.05º,Cape,NDVI,4413161.310820206,1.0987835820955651
0.05º,Cape,NDVI,1051363.1687242286,-0.6795485985059909
0.05º,Cape,NDVI,1202887.618010085,-0.5993948257559809
0.05º,Cape,NDVI,3371917.6003734577,0.5479839445593394
0.05º,Cape,NDVI,2419963.3865888626,0.04441688274374406
0.05º,Cape,NDVI,4324483.47857649,1.0518745661108437
0.05º,Cape,NDVI,1302364.4396029604,-0.5467733340467028
0.05º,Cape,NDVI,2209294.662309548,-0.06702317284466373
0.05º,Cape,NDVI,1893836.5407890966,-0.23389497936609135
0.05º,Cape,NDVI,947499.6974098264,-0.7344905508839619
0.05º,Cape,NDVI,2215162.7935123914,-0.06391903448866403
0.05º,Cape,NDVI,875088.053739979,-0.7727950387637895
0.05º,Cape,NDVI,4338474.642943632,1.0592756463620994
0.05º,Cape,NDVI,1187188.6347130472,-0.607699312230128
0.05º,Cape,NDVI,1626375.8775114615,-0.37537697336086234
0.05º,Cape,NDVI,1201878.782377121,-0.5999284820896473
0.05º,Cape,NDVI,5212985.657225739,1.5218766156215973
0.05º,Cape,NDVI,1612357.4800289576,-0.38279245945190343
0.05º,Cape,NDVI,2441210.3606873443,0.05565615892353886
0.05º,Cape,NDVI,2904306.160735847,0.30062570471971367
0.05º,Cape,NDVI,1127148.692810513,-0.6394593871346123
0.05º,Cape,NDVI,3723067.129629435,0.7337358789957301
0.05º,Cape,NDVI,1458446.1994673023,-0.46420882403164576
0.05º,Cape,NDVI,3071329.883805372,0.38897832111839886
0.05º,Cape,NDVI,2134216.8966350746,-0.10673799244514615
0.05º,Cape,NDVI,1107252.7838296294,-0.6499839735932642
0.05º,Cape,NDVI,3845619.553376856,0.7985639590139071
0.05º,Cape,NDVI,3457095.782757542,0.593041707225698
0.05º,Cape,NDVI,472801.3798111081,-0.9855976247122863
0.05º,Cape,NDVI,2021286.0082304138,-0.16647644923087127
0.05º,Cape,NDVI,1291637.0992841336,-0.552447908692443
0.05º,Cape,NDVI,3175292.3021058836,0.4439726147144128
0.05º,Cape,NDVI,1461093.2582909868,-0.4628085763989403
0.05º,Cape,NDVI,1733845.6184942233,-0.31852736765806317
0.05º,Cape,NDVI,1233855.9065600494,-0.5830131449474417
0.05º,Cape,NDVI,586405.7734204266,-0.9255028955007283
0.05º,Cape,NDVI,1414818.445896779,-0.4872871395230823
0.05º,Cape,NDVI,4925390.64391184,1.3697439040371437
0.05º,Cape,NDVI,3441456.5177921355,0.5847688107002698
0.05º,Cape,NDVI,1046893.3067053615,-0.6819130770186849
0.05º,Cape,NDVI,4624853.243766296,1.2107648971001204
0.05º,Cape,NDVI,574535.403050039,-0.9317821129709831
0.05º,Cape,NDVI,639033.8295812218,-0.8976635779934321
0.05º,Cape,NDVI,1745410.9174532325,-0.3124095276070657
0.05º,Cape,NDVI,1236151.3556038688,-0.5817988927136625
0.05º,Cape,NDVI,1112578.9760347654,-0.6471665114500562
0.05º,Cape,NDVI,1784694.6486927792,-0.2916291236433008
0.05º,Cape,NDVI,3057268.215928273,0.38153994574848876
0.05º,Cape,NDVI,582959.6344709931,-0.9273258424873015
0.05º,Cape,NDVI,1752283.950617191,-0.3087738137607285
0.05º,Cape,NDVI,1762482.4497700268,-0.30337898680481307
0.05º,Cape,NDVI,1114617.2234324913,-0.64608831437034
0.05º,Cape,NDVI,3049875.938029484,0.37762956055588764
0.05º,Cape,NDVI,3125080.186395488,0.4174112872790263
0.05º,Cape,NDVI,432135.6814330162,-1.0071090650236043
0.05º,Cape,NDVI,1827370.4914062778,-0.2690543522787153
0.05º,Cape,NDVI,2077611.3531830667,-0.13668133088080392
0.05º,Cape,NDVI,1106528.6855483167,-0.6503670088681823
0.05º,Cape,NDVI,5400544.359719235,1.6210918755206063
0.05º,Cape,NDVI,3288933.483115307,0.5040868038146025
0.05º,Cape,NDVI,1352221.011861517,-0.5204000828536373
0.05º,Cape,NDVI,965562.3638344195,-0.7249357175439985
0.05º,Cape,NDVI,878070.0798837175,-0.7712175993011396
0.05º,Cape,NDVI,2258127.1397447134,-0.04119164982903379
0.05º,Cape,NDVI,3291154.0789154964,0.505261459997
0.05º,Cape,NDVI,1524860.5059306892,-0.4290768222147434
0.05º,Cape,NDVI,2292063.8162671886,-0.023239743910924097
0.05º,Cape,NDVI,890537.0975550842,-0.7646227658863953
0.05º,Cape,NDVI,2701662.732994305,0.19343089006748343
0.05º,Cape,NDVI,749451.404018359,-0.8392546201601979
0.05º,Cape,NDVI,3188042.544178004,0.4507172688634494
0.05º,Cape,NDVI,1545087.1459694905,-0.418377284834424
0.05º,Cape,NDVI,2246814.935850831,-0.047175607035183816
0.05º,Cape,NDVI,1779331.880900479,-0.29446593362981455
0.05º,Cape,NDVI,939017.4897118774,-0.7389774898000516
0.05º,Cape,NDVI,601572.5611232312,-0.917479931150039
0.05º,Cape,NDVI,682371.4596950017,-0.8747387327157523
0.05º,Cape,NDVI,2639382.413458954,0.16048569473853072
0.05º,Cape,NDVI,1764648.9954005596,-0.30223292221298836
0.05º,Cape,NDVI,405717.7438876513,-1.021083690059465
0.05º,Cape,NDVI,1914114.3185668471,-0.2231683910198981
0.05º,Cape,NDVI,2328416.1220042678,-0.004010012559175152
0.05º,Cape,NDVI,1117083.030743226,-0.6447839456050256
0.05º,Cape,NDVI,1001391.9147906117,-0.7059825142912374
0.05º,Cape,NDVI,1639107.2984749482,-0.3686422752477752
0.05º,Cape,NDVI,3383992.0721371896,0.554371128082447
0.05º,Cape,NDVI,1145844.2265795555,-0.6295697780832243
0.05º,Cape,NDVI,3481953.219559234,0.6061908547721233
0.05º,Cape,NDVI,6097866.73928789,1.9899631686278851
0.05º,Cape,NDVI,780230.2711207825,-0.8229731399709762
0.05º,Cape,NDVI,5506703.431372444,1.6772481601647478
0.05º,Cape,NDVI,2171284.4952796306,-0.08712988370660707
0.05º,Cape,NDVI,3172837.690631682,0.44267416835001416
0.05º,Cape,NDVI,2038907.952069506,-0.1571547503991047
0.05º,Cape,NDVI,2691150.1452432405,0.18786991575881778
0.05º,Cape,NDVI,1609465.6257564495,-0.3843221995781815
0.05º,Cape,NDVI,1754478.3345437911,-0.30761302319915274
0.05º,Cape,NDVI,2443673.142096276,0.056958927039937345
0.05º,Cape,NDVI,3914667.4534009267,0.8350890855758513
0.05º,Cape,NDVI,2677302.4086177745,0.18054470626417288
0.05º,Cape,NDVI,2192522.694262785,-0.07589524940872061
0.05º,Cape,NDVI,531109.900750404,-0.9547534410918561
0.05º,Cape,NDVI,2485540.2369280597,0.07910588497752448
0.05º,Cape,NDVI,8485957.395303763,3.253221188378931
0.05º,Cape,NDVI,1878533.9506171995,-0.24198978083810216
0.05º,Cape,NDVI,2997952.5236019096,0.35016298615124564
0.05º,Cape,NDVI,1515984.3258290738,-0.43377216561381987
0.05º,Cape,NDVI,5129676.833696331,1.4778077109615348
0.05º,Cape,NDVI,1457104.212054965,-0.4649187118061192
0.05º,Cape,NDVI,1006940.8133623435,-0.7030472443910487
0.05º,Cape,NDVI,4174251.478369166,0.9724044762266677
0.05º,Cape,NDVI,2624222.9484386817,0.15246660395830733
0.05º,Cape,NDVI,602921.6594044395,-0.9167662818508068
0.05º,Cape,NDVI,563342.1084482843,-0.9377031692497648
0.05º,Cape,NDVI,2538835.633018364,0.10729821358836854
0.05º,Cape,NDVI,4001142.8830791754,0.8808330692798515
0.05º,Cape,NDVI,7989672.900024124,2.9906954056324584
0.05º,Cape,NDVI,1384868.3732752383,-0.5031302019863843
0.05º,Cape,NDVI,3122059.4287095107,0.4158133595106969
0.05º,Cape,NDVI,1712132.9581215302,-0.33001298369899495
0.05º,Cape,NDVI,1196655.4708302924,-0.6026915221712988
0.05º,Cape,NDVI,399400.87145960954,-1.0244252046432458
0.05º,Cape,NDVI,1851284.3137252852,-0.2564043602228078
0.05º,Cape,NDVI,2571361.2667288356,0.12450370263826367
0.05º,Cape,NDVI,10288122.549019549,4.206534906856213
0.05º,Cape,NDVI,2112108.7509076567,-0.11843281329360553
0.05º,Cape,NDVI,4007521.483902094,0.8842072371005093
0.05º,Cape,NDVI,1116240.6197045802,-0.6452295662508815
0.05º,Cape,NDVI,1910728.9397240132,-0.22495919697708913
0.05º,Cape,NDVI,1242760.2275477988,-0.5783029155137828
0.05º,Cape,NDVI,13830081.699346412,6.080169097002831
0.05º,Cape,NDVI,1588405.6523843715,-0.3954625556576302
0.05º,Cape,NDVI,1228232.2682158665,-0.5859879508747513
0.05º,Cape,NDVI,2121086.903897429,-0.11368352802744094
0.05º,Cape,NDVI,4161543.815056835,0.9656823454938335
0.05º,Cape,NDVI,7638239.719498355,2.8047934246555504
0.05º,Cape,NDVI,2561991.9511011457,0.11954749920585117
0.05º,Cape,NDVI,4100112.260953784,0.9331861321733901
0.05º,Cape,NDVI,3823441.9632046684,0.7868324032736792
0.05º,Cape,NDVI,1404784.555797525,-0.49259489118035393
0.05º,Cape,NDVI,1030705.9428709033,-0.6904759082206723
0.05º,Cape,NDVI,887291.8179617282,-0.7663394618008967
0.05º,Cape,NDVI,5530921.689663203,1.690059193503509
0.05º,Cape,NDVI,1077956.6085693103,-0.6654811358355776
0.05º,Cape,NDVI,1611351.6702977633,-0.38332451513667154
0.05º,Cape,NDVI,3483464.3548776866,0.6069902188185239
0.05º,Cape,NDVI,1285208.4846283826,-0.5558485329523758
0.05º,Cape,NDVI,4183316.690873858,0.9771998144473719
0.05º,Cape,NDVI,1129376.3616557522,-0.6382809894355932
0.05º,Cape,NDVI,1100285.342532049,-0.6536696276843854
0.05º,Cape,NDVI,985949.8305494491,-0.714151105676233
0.05º,Cape,NDVI,2006381.0215441985,-0.17436092544127474
0.05º,Cape,NDVI,2515868.3473387337,0.09514892279255309
0.05º,Cape,NDVI,2428113.3502782425,0.04872807041384082
0.05º,Cape,NDVI,1289660.191236904,-0.5534936583329276
0.05º,Cape,NDVI,4916220.346162924,1.3648929775676475
0.05º,Cape,NDVI,5164146.241829465,1.4960414225463785
0.05º,Cape,NDVI,12047207.395303827,5.13705989923589
0.05º,Cape,NDVI,1247135.0762527925,-0.5759886973755983
0.05º,Cape,NDVI,1224652.0213022912,-0.5878818386192846
0.05º,Cape,NDVI,2324160.312272828,-0.006261261170794021
0.05º,Cape,NDVI,3067019.789397079,0.3866983568660184
0.05º,Cape,NDVI,1189391.1885741544,-0.6065341999166702
0.05º,Cape,NDVI,494633.2607116869,-0.9740489431057358
0.05º,Cape,NDVI,1077002.844347523,-0.665985660359841
0.05º,Cape,NDVI,794131.2636165462,-0.8156197590561707
0.05º,Cape,NDVI,3374277.3011982357,0.5492321848569197
0.05º,Cape,NDVI,1660715.020576054,-0.35721216970969116
0.05º,Cape,NDVI,1792919.0873880694,-0.28727854000293374
0.05º,Cape,NDVI,1307070.9271361646,-0.5442836847923074
0.05º,Cape,NDVI,4681313.414254679,1.2406313357909167
0.05º,Cape,NDVI,1915146.4536430752,-0.22262240968990676
0.05º,Cape,NDVI,3337591.2309368774,0.5298258979330689
0.05º,Cape,NDVI,3113884.0474458626,0.4114887263901705
0.05º,Cape,NDVI,1984000.2420721154,-0.18619996475293837
0.05º,Cape,NDVI,2098364.5001210105,-0.12570328059683053
0.05º,Cape,NDVI,4325690.208181951,1.0525129048807433
0.05º,Cape,NDVI,3024563.0597918504,0.36423949248786047
0.05º,Cape,NDVI,1722338.7194384427,-0.32461431518581396
0.05º,Cape,NDVI,1242355.6644880276,-0.5785169222678662
0.05º,Cape,NDVI,1463793.2703945509,-0.4613803174110916
0.05º,Cape,NDVI,1244718.2885499862,-0.5772671356291523
0.05º,Cape,NDVI,4896740.876906242,1.3545886804099967
0.05º,Cape,NDVI,2413441.963204896,0.04096716429640007
0.05º,Cape,NDVI,1340801.5613652852,-0.5264407716290718
0.05º,Cape,NDVI,1991590.1113532807,-0.18218505718896422
0.05º,Cape,NDVI,731181.6146211893,-0.8489190179153658
0.05º,Cape,NDVI,1485903.5342531449,-0.4496843761084366
0.05º,Cape,NDVI,1283127.572016453,-0.55694929918116165
0.05º,Cape,NDVI,4259407.831033734,1.0174506913547539
0.05º,Cape,NDVI,1400832.7281529638,-0.4946853386062462
0.05º,Cape,NDVI,2301175.865407768,-0.01841962993233391
0.05º,Cape,NDVI,2335464.130096481,-2.817400485273436e-4
0.05º,Cape,NDVI,3434146.695715342,0.5809020431894969
0.05º,Cape,NDVI,809805.4345194729,-0.8073283979027777
0.05º,Cape,NDVI,780684.761558914,-0.8227327225105152
0.05º,Cape,NDVI,3798550.5930763334,0.7736653055933632
0.05º,Cape,NDVI,1343735.7782618238,-0.524888622418612
0.05º,Cape,NDVI,3633932.764463783,0.6865853651124834
0.05º,Cape,NDVI,8398026.80948931,3.2067074526328883
0.05º,Cape,NDVI,1666554.103122757,-0.35412339758266603
0.05º,Cape,NDVI,1595180.3437423995,-0.39187886289964885
0.05º,Cape,NDVI,1980721.980150063,-0.18793410774011718
0.05º,Cape,NDVI,4124772.4521905235,0.9462309402797866
0.05º,Cape,NDVI,1139612.949346295,-0.632866014312104
0.05º,Cape,NDVI,3002396.1737471586,0.3525135990431024
0.05º,Cape,NDVI,2274207.516339904,-0.03268541299781499
0.05º,Cape,NDVI,2033497.0346160596,-0.16001703071080808
0.05º,Cape,NDVI,4946119.583635846,1.3807091491300472
0.05º,Cape,NDVI,1857612.2609535637,-0.25305698726418635
0.05º,Cape,NDVI,2980552.287581715,0.34095856686226284
0.05º,Cape,NDVI,912636.4681673998,-0.7529325869197252
0.05º,Cape,NDVI,1218722.1617041172,-0.5910186302124012
0.05º,Cape,NDVI,4370879.629629033,1.0764173152544156
0.05º,Cape,NDVI,3788282.19559423,0.7682335036487506
0.05º,Cape,NDVI,1713689.4819656005,-0.32918960991961094
0.05º,Cape,NDVI,7591132.595013285,2.7798745830515825
0.05º,Cape,NDVI,3025657.8310336336,0.3648186072494762
0.05º,Cape,NDVI,2580539.518276358,0.12935883652754557
0.05º,Cape,NDVI,9318846.223674633,3.6938047522189628
0.05º,Cape,NDVI,1315981.6025175746,-0.5395700939959915
0.05º,Cape,NDVI,2803891.6122004315,0.24750817192526306
0.05º,Cape,NDVI,2267116.3156619286,-0.036436533627825576
0.05º,Cape,NDVI,863965.1416121937,-0.7786788639498287
0.05º,Cape,NDVI,1763988.7436455206,-0.30258218379671703
0.05º,Cape,NDVI,3459016.8845313136,0.5940579363275378
0.05º,Cape,NDVI,4901069.353666999,1.3568783686040182
0.05º,Cape,NDVI,3363477.6688451767,0.5435193689945917
0.05º,Cape,NDVI,9946609.174533961,4.025880329072757
0.05º,Cape,NDVI,2220845.43694006,-0.060913015908379345
0.05º,Cape,NDVI,2972241.890583393,0.33656251278910665
0.05º,Cape,NDVI,1137803.9215686694,-0.633822958238115
0.05º,Cape,NDVI,1973234.99152741,-0.19189459324242655
0.05º,Cape,NDVI,2738358.44831759,0.2128422790597166
0.05º,Cape,NDVI,4101570.4429918393,0.9339574848643736
0.05º,Cape,NDVI,1978411.4015975194,-0.18915636321832216
0.05º,Cape,NDVI,5251279.351246694,1.5421333072827796
0.05º,Cape,NDVI,1371876.6642459936,-0.5100025879153364
0.05º,Cape,NDVI,1136799.5037520824,-0.6343542776244993
0.05º,Cape,NDVI,1198079.7627692923,-0.6019380967475714
0.05º,Cape,NDVI,1627615.8920357765,-0.37472102745340585
0.05º,Cape,NDVI,1455041.1522632262,-0.4660100342065376
0.05º,Cape,NDVI,3448342.4110384346,0.5884113273043292
0.05º,Cape,NDVI,7591574.981844521,2.7801085979165467
0.05º,Cape,NDVI,1696182.8249818187,-0.3384503240294718
0.05º,Cape,NDVI,5683722.161704106,1.7708879598826917
0.05º,Cape,NDVI,1546856.6932945054,-0.4174412253745275
0.05º,Cape,NDVI,644903.776325302,-0.8945584792480009
0.05º,Cape,NDVI,1058278.867102351,-0.6758903155106052
0.05º,Cape,NDVI,1519898.4593835932,-0.43170165769961344
0.05º,Cape,NDVI,488989.04623574886,-0.9770346334454061
0.05º,Cape,NDVI,1514971.5565236872,-0.4343079027911185
0.05º,Cape,NDVI,893683.0065358914,-0.762958635280884
0.05º,Cape,NDVI,3004088.900992519,0.35340902202989993
0.05º,Cape,NDVI,1364421.750181443,-0.5139461065396711
0.05º,Cape,NDVI,941507.8068263278,-0.7376601557789884
0.05º,Cape,NDVI,1788439.5424837624,-0.28964814059198407
0.05º,Cape,NDVI,1101234.567901132,-0.6531675041334957
0.05º,Cape,NDVI,1407078.794480729,-0.49138127920608504
0.05º,Cape,NDVI,3630950.1331396545,0.6850076055200348
0.05º,Cape,NDVI,3172728.758169893,0.4426165449906918
0.05º,Cape,NDVI,1696137.4364558884,-0.33847433376262054
0.05º,Cape,NDVI,4593384.773662528,1.194118629033312
0.05º,Cape,NDVI,2418591.442749879,0.04369114854563966
0.05º,Cape,NDVI,2048039.2156861797,-0.1523244723000863
0.05º,Cape,NDVI,1832950.8593560313,-0.26610243563018715
0.05º,Cape,NDVI,2725213.931251511,0.20588906036274235
0.05º,Cape,NDVI,2215578.854998565,-0.06369894526893775
0.05º,Cape,NDVI,3202673.3841684507,0.45845672628608397
0.05º,Cape,NDVI,513603.84894697287,-0.964013835071939
0.05º,Cape,NDVI,859457.7584119928,-0.7810631905085382
0.05º,Cape,NDVI,1470985.2335995329,-0.4575758951737862
0.05º,Cape,NDVI,13466306.58436212,5.887738449434186
0.05º,Cape,NDVI,545588.5378842867,-0.9470944963075083
0.05º,Cape,NDVI,976427.0152505564,-0.7191885077391027
0.05º,Cape,NDVI,2519616.7911608466,0.09713178374799533
0.05º,Cape,NDVI,2006157.7099976162,-0.1744790533278407
0.05º,Cape,NDVI,363467.38077948825,-1.043433390184679
0.05º,Cape,NDVI,2652267.4291939614,0.16730164178847315
0.05º,Cape,NDVI,6443916.727183902,2.1730175352379457
0.05º,Cape,NDVI,1490016.3398692545,-0.44750877416253076
0.05º,Cape,NDVI,2866245.763737609,0.28049242308661765
0.05º,Cape,NDVI,824155.1682401577,-0.7997376407603376
0.05º,Cape,NDVI,1253828.0682642784,-0.5724482221372148
0.05º,Cape,NDVI,1483723.069474737,-0.4508378036850529
0.05º,Cape,NDVI,1078662.8540303584,-0.6651075443890659
0.05º,Cape,NDVI,1111945.0496247432,-0.6475018473885706
0.05º,Cape,NDVI,2863812.9387554713,0.27920550139392797
0.05º,Cape,NDVI,2823252.2391672763,0.2577496035985808
0.05º,Cape,NDVI,2362238.0174292205,0.013881176174017035
0.05º,Cape,NDVI,9264857.026143754,3.6652454148299083
0.05º,Cape,NDVI,4241373.456790092,1.0079108240816748
0.05º,Cape,NDVI,4356156.4996369025,1.0686290380415961
0.05º,Cape,NDVI,1299279.5328007776,-0.5484051955709816
0.05º,Cape,NDVI,988083.6964414306,-0.7130223280922129
0.05º,Cape,NDVI,6418073.257080676,2.1593467933907484
0.05º,Cape,NDVI,728200.4962478823,-0.8504959771833989
0.05º,Cape,NDVI,784865.9525537719,-0.8205209459001679
0.05º,Cape,NDVI,5916756.92499158,1.8941592573362045
0.05º,Cape,NDVI,480304.4057128854,-0.981628655770951
0.05º,Cape,NDVI,2804878.66134085,0.24803030358696562
0.05º,Cape,NDVI,1405919.2689420346,-0.491994647853616
0.05º,Cape,NDVI,787294.5412731676,-0.8192362651160757
0.05º,Cape,NDVI,4325660.251755036,1.0524970584569706
0.05º,Cape,NDVI,917598.0392155987,-0.7503080029654214
0.05º,Cape,NDVI,734394.5170660897,-0.8472194489438221
0.05º,Cape,NDVI,2287476.7005565856,-0.025666247567453136
0.05º,Cape,NDVI,1491320.4656862882,-0.44681891450708505
0.05º,Cape,NDVI,1107279.4117646872,-0.6499698878832321
0.05º,Cape,NDVI,4092411.686896901,0.929112663727149
0.05º,Cape,NDVI,2335890.825466072,-5.6025691214900414e-5
0.05º,Cape,NDVI,2212737.8358749803,-0.06520179449415174
0.05º,Cape,NDVI,413936.09295560356,-1.0167363277250197
0.05º,Cape,NDVI,5893646.514161241,1.8819342558490866
0.05º,Cape,NDVI,688398.995400623,-0.871550272177087
0.05º,Cape,NDVI,155104.847494456,-1.1536535112361521
0.05º,Cape,NDVI,2495473.856209136,0.0843605951328369
0.05º,Cape,NDVI,5059504.659888625,1.4406878633114297
0.05º,Cape,NDVI,829104.9382715962,-0.7971192993366624
0.05º,Cape,NDVI,1648377.8140885746,-0.3637383352877744
0.05º,Cape,NDVI,1385716.2309365454,-0.5026817001727888
0.05º,Cape,NDVI,1664762.7693052834,-0.35507098171448037
0.05º,Cape,NDVI,2604371.822803231,0.14196570710294856
0.05º,Cape,NDVI,4104267.1266035787,0.9353839831384987
0.05º,Cape,NDVI,4283372.549019585,1.0301276063246427
0.05º,Cape,NDVI,2094064.9963688792,-0.12797764257808414
0.05º,Cape,NDVI,7357520.273541124,2.656297767460874
0.05º,Cape,NDVI,0,-1.2357012517631065
0.05º,Cape,NDVI,1868171.7501814004,-0.2474712028979454
0.05º,Cape,NDVI,1458562.9992736413,-0.46414703898521487
0.05º,Cape,NDVI,2795778.2619220284,0.24321635210660456
0.05º,Cape,NDVI,3385575.526506574,0.5552087476367951
0.05º,Cape,NDVI,1635704.7325103085,-0.3704421728905783
0.05º,Cape,NDVI,899174.231420849,-0.7600538737481908
0.05º,Cape,NDVI,2148422.5974339894,-0.09922342618895892
0.05º,Cape,NDVI,3913337.5695954156,0.8343856003968373
0.05º,Cape,NDVI,466040.7588961345,-0.989173874452983
0.05º,Cape,NDVI,1543591.0266884537,-0.41916870566072834
0.05º,Cape,NDVI,1090971.0118614908,-0.6585967450400666
0.05º,Cape,NDVI,1036237.0642701606,-0.6875500421325375
0.05º,Cape,NDVI,2438826.5553133627,0.05439516774273007
0.05º,Cape,NDVI,4644373.638344299,1.2210908430340603
0.05º,Cape,NDVI,3283235.2941177026,0.5010725619008177
0.05º,Cape,NDVI,3687276.688453093,0.7148033641297027
0.05º,Cape,NDVI,2875115.740740612,0.28518448515546085
0.05º,Cape,NDVI,2012644.0329216775,-0.17104790240738715
0.05º,Cape,NDVI,1891179.1938996767,-0.23530066920490203
0.05º,Cape,NDVI,1776055.7371096578,-0.29619895616276853
0.05º,Cape,NDVI,1169551.863955516,-0.6170288542413731
0.05º,Cape,NDVI,2485935.3062211443,0.07931486969575083
0.05º,Cape,NDVI,4983410.191236899,1.4004352256903108
0.05º,Cape,NDVI,2500155.5313481633,0.08683711906644334
0.05º,Cape,NDVI,1502104.212055157,-0.44111450205141983
0.05º,Cape,NDVI,1220997.337206393,-0.5898151023260746
0.05º,Cape,NDVI,4029751.876058938,0.8959667241633645
0.05º,Cape,NDVI,1347698.1965624923,-0.5227925727216215
0.05º,Cape,NDVI,1443333.6359234701,-0.4722031047544695
0.05º,Cape,NDVI,1155645.1222462964,-0.6243852763891348
0.05º,Cape,NDVI,3759227.9411761984,0.7528643132836332
0.05º,Cape,NDVI,4163343.016218859,0.9666340913127565
0.05º,Cape,NDVI,1779297.6882110033,-0.29448402096208903
0.05º,Cape,NDVI,6266243.872548263,2.0790317152502804
0.05º,Cape,NDVI,2738350.8835633425,0.21283827743756428
0.05º,Cape,NDVI,2032573.5294115667,-0.1605055487463017
0.05º,Cape,NDVI,337354.1515371311,-1.057246829879234
0.05º,Cape,NDVI,2580146.4536431124,0.1291509122391702
0.05º,Cape,NDVI,1410725.3086419413,-0.48945233725127146
0.05º,Cape,NDVI,1075959.8160251256,-0.6665374040257596
0.05º,Cape,NDVI,2639334.604211932,0.1604604044864347
0.05º,Cape,NDVI,1011848.5233599991,-0.700451151986628
0.05º,Cape,NDVI,1739946.744129685,-0.31529997933882575
0.05º,Cape,NDVI,432778.98813848983,-1.0067687670735235
0.05º,Cape,NDVI,2563210.7843136596,0.1201922405713301
0.05º,Cape,NDVI,3565224.824497756,0.650240071451203
0.05º,Cape,NDVI,1627512.4061969689,-0.37477576964481935
0.05º,Cape,NDVI,2188598.402323872,-0.0779711309298798
0.05º,Cape,NDVI,1548042.544177788,-0.4168139310820089
0.05º,Cape,NDVI,1702685.1851853142,-0.3350106896698283
0.05º,Cape,NDVI,2786528.3829579228,0.23832332857179983
0.05º,Cape,NDVI,1834481.360445401,-0.2652928274310539
0.05º,Cape,NDVI,1666386.1655773213,-0.3542122335950488
0.05º,Cape,NDVI,997748.4265310466,-0.7079098555972174
0.05º,Cape,NDVI,1345786.1292664756,-0.5238040227433836
0.05º,Cape,NDVI,1872227.366254722,-0.24532585321586842
0.05º,Cape,NDVI,11214621.459694892,4.696636560347819
0.05º,Cape,NDVI,2618059.489227693,0.14920624227225662
0.05º,Cape,NDVI,1358023.7835875375,-0.5173305185130986
0.05º,Cape,NDVI,1304311.9099491145,-0.5457431564331314
0.05º,Cape,NDVI,2693073.1057854,0.18888712811649294
0.05º,Cape,NDVI,2383178.407165196,0.024958274609976683
0.05º,Cape,NDVI,717632.2319051152,-0.856086403431338
0.05º,Cape,NDVI,1571668.4822077034,-0.4043162247594926
0.05º,Cape,NDVI,4984780.622125318,1.4011601595641354
0.05º,Cape,NDVI,1618314.270152423,-0.37964142208383483
0.05º,Cape,NDVI,830255.6886952147,-0.7965105725709066
0.05º,Cape,NDVI,1305233.5996126065,-0.5452555987869446
0.05º,Cape,NDVI,3914596.9498908934,0.8350517904571564
0.05º,Cape,NDVI,2391541.9995156485,0.029382468090246142
0.05º,Cape,NDVI,1401154.6840958844,-0.4945150295663124
0.05º,Cape,NDVI,5390776.748971114,1.6159249809639495
0.05º,Cape,NDVI,1619227.4872911042,-0.37915834625448686
0.05º,Cape,NDVI,993772.9968529807,-0.7100127880843582
0.05º,Cape,NDVI,3185593.379327051,0.4494217036671011
0.05º,Cape,NDVI,1235621.5202129073,-0.5820791663310371
0.05º,Cape,NDVI,882684.8825948731,-0.7687764497075299
0.05º,Cape,NDVI,1463308.5209392374,-0.4616367413602629
0.05º,Cape,NDVI,992788.6710239293,-0.7105334791621718
0.05º,Cape,NDVI,1233256.059368218,-0.5833304535779986
0.05º,Cape,NDVI,2670951.3435003357,0.17718510434815904
0.05º,Cape,NDVI,4785736.201888005,1.2958691566794394
0.05º,Cape,NDVI,3085019.841269753,0.3962200682075911
0.05º,Cape,NDVI,1203924.2919389303,-0.5988464434526619
0.05º,Cape,NDVI,5713103.797074394,1.7864303290224126
0.05º,Cape,NDVI,3599508.290970686,0.6683754231631217
0.05º,Cape,NDVI,3618604.454127351,0.6784769581251057
0.05º,Cape,NDVI,1499020.5156135398,-0.44274572331621453
0.05º,Cape,NDVI,2696252.4207212795,0.1905689298855951
0.05º,Cape,NDVI,852382.5950132401,-0.7848058276994707
0.05º,Cape,NDVI,3463574.1951099914,0.5964686735926865
0.05º,Cape,NDVI,1459245.9452916814,-0.4637857725348927
0.05º,Cape,NDVI,2264039.276204122,-0.038064233465087735
0.05º,Cape,NDVI,1501949.5506535133,-0.4411963152168791
0.05º,Cape,NDVI,2972067.9012344745,0.3364704754789572
0.05º,Cape,NDVI,10515402.44492865,4.326761980527843
0.05º,Cape,NDVI,1686728.697651622,-0.34345139136313135
0.05º,Cape,NDVI,2165819.111595123,-0.09002097569805985
0.05º,Cape,NDVI,2633929.7385619995,0.15760132547251438
0.05º,Cape,NDVI,2514142.4594529406,0.09423595840930112
0.05º,Cape,NDVI,817848.5838779416,-0.8030737131379655
0.05º,Cape,NDVI,666288.4289517618,-0.8832463735446796
0.05º,Cape,NDVI,6376957.455821805,2.137597256559759
0.05º,Cape,NDVI,2974248.6686032456,0.33762406312056187
0.05º,Cape,NDVI,5555617.024587571,1.703122592003502
0.05º,Cape,NDVI,2010193.3551198025,-0.1723442679282042
0.05º,Cape,NDVI,1093611.1111109508,-0.6572001788999087
0.05º,Cape,NDVI,1643222.8879204718,-0.3664652007049962
0.05º,Cape,NDVI,1636225.490195957,-0.3701667012199006
0.05º,Cape,NDVI,876411.5831517724,-0.7720949149474626
0.05º,Cape,NDVI,4550889.009924784,1.1716391162845323
0.05º,Cape,NDVI,1575114.6816750648,-0.402493245759998
0.05º,Cape,NDVI,904879.6296296656,-0.7570358182882757
0.05º,Cape,NDVI,1400578.703703833,-0.49481971307891076
0.05º,Cape,NDVI,2402916.364076497,0.03539930719761733
0.05º,Cape,NDVI,1233828.1979457778,-0.5830278023178002
0.05º,Cape,NDVI,1926625.5144033046,-0.216550188131634
0.05º,Cape,NDVI,2573651.355603872,0.12571511943688665
0.05º,Cape,NDVI,1659405.1077220738,-0.35790509060605535
0.05º,Cape,NDVI,1034045.3280076856,-0.6887094321262867
0.05º,Cape,NDVI,516277.23311545164,-0.9625996617941369
0.05º,Cape,NDVI,3653079.3845315147,0.6967135908943475
0.05º,Cape,NDVI,1362176.8336963647,-0.5151336279372791
0.05º,Cape,NDVI,2353874.8184454995,0.009457190777840734
0.05º,Cape,NDVI,3323714.2943596044,0.5224852421766987
0.05º,Cape,NDVI,3159706.487532852,0.43572799250790817
0.05º,Cape,NDVI,868931.5541030326,-0.7760517189573889
0.05º,Cape,NDVI,2044489.530379975,-0.15420219349101322
0.05º,Cape,NDVI,1929522.815298961,-0.21501756683735868
0.05º,Cape,NDVI,1550537.0975548534,-0.4154943561524155
0.05º,Cape,NDVI,2458929.7385620004,0.06502939864907874
0.05º,Cape,NDVI,1126109.5981602764,-0.640009049957037
0.05º,Cape,NDVI,1664518.8816267033,-0.3551999940135356
0.05º,Cape,NDVI,1337350.995953828,-0.5282660601363225
0.05º,Cape,NDVI,3602038.5499878507,0.6697138857493007
0.05º,Cape,NDVI,2332366.860324263,-0.0019201413668485565
0.05º,Cape,NDVI,1059793.6335027674,-0.6750890306856112
0.05º,Cape,NDVI,2288615.347373182,-0.025063923397260567
0.05º,Cape,NDVI,1987835.8750907625,-0.1841709822436598
0.05º,Cape,NDVI,791312.0309852444,-0.8171110836095598
0.05º,Cape,NDVI,1020600.0363108108,-0.6958217553210457
0.05º,Cape,NDVI,1996220.0435730307,-0.17973590435099754
0.05º,Cape,NDVI,7170133.744856026,2.5571735844829626
0.05º,Cape,NDVI,2447673.989348614,0.059075304977509895
0.05º,Cape,NDVI,1864207.213749576,-0.24956837304912088
0.05º,Cape,NDVI,1173009.5618494095,-0.615199792776167
0.05º,Cape,NDVI,1742385.923505064,-0.314009696283701
0.05º,Cape,NDVI,3041127.753570392,0.3730019246039734
0.05º,Cape,NDVI,11508975.429677956,4.852344641316162
0.05º,Cape,NDVI,4455385.802468967,1.1211195966730843
0.05º,Cape,NDVI,1485131.9293146874,-0.4500925415707194
0.05º,Cape,NDVI,4106297.8092464977,0.9364581785957669
0.05º,Cape,NDVI,3989024.276377051,0.8744225391493883
0.05º,Cape,NDVI,1933590.5349793667,-0.21286581455968573
0.05º,Cape,NDVI,3001382.897602947,0.3519775937569659
0.05º,Cape,NDVI,1613364.9237472266,-0.3822595394166673
0.05º,Cape,NDVI,6019484.386347119,1.9485002803954177
0.05º,Cape,NDVI,1825369.7651897268,-0.2701127013124998
0.05º,Cape,NDVI,1290826.3737593098,-0.5528767682579167
0.05º,Cape,NDVI,5414697.712418151,1.6285787505511793
0.05º,Cape,NDVI,1571077.523601993,-0.404628831484084
0.05º,Cape,NDVI,1160346.4657467487,-0.6218983482377307
0.05º,Cape,NDVI,3141443.3551198337,0.4260671161804529
0.05º,Cape,NDVI,5869782.135076208,1.8693104183956784
0.05º,Cape,NDVI,824521.3023480889,-0.7995439622469263
0.05º,Cape,NDVI,2592053.3769064588,0.13544946554789455
0.05º,Cape,NDVI,1350247.821350812,-0.5214438659825841
0.05º,Cape,NDVI,1195354.3330911936,-0.6033798011859907
0.05º,Cape,NDVI,2006082.0624544744,-0.17451906954971555
0.05º,Cape,NDVI,2763989.348825819,0.2264005753240967
0.05º,Cape,NDVI,8033370.55192463,3.0138106961129703
0.05º,Cape,NDVI,2317304.2241586405,-0.009888011383374612
0.05º,Cape,NDVI,1202155.652384368,-0.5997820227179304
0.05º,Cape,NDVI,4467774.276376567,1.1276728818161037
0.05º,Cape,NDVI,2249614.8027111534,-0.045694526634560334
0.05º,Cape,NDVI,413707.0321955352,-1.0168574968445578
0.05º,Cape,NDVI,2294309.1866375958,-0.022051982415947868
0.05º,Cape,NDVI,819110.0823045091,-0.8024064026234964
0.05º,Cape,NDVI,4824819.35366761,1.3165434576312727
0.05º,Cape,NDVI,7516217.709305878,2.7402459240933412
0.05º,Cape,NDVI,1172981.1183732552,-0.6152148388755565
0.05º,Cape,NDVI,1582560.3667391874,-0.39855460911481916
0.05º,Cape,NDVI,5203285.221495867,1.5167452554699334
0.05º,Cape,NDVI,2805291.091745317,0.2482484720282347
0.05º,Cape,NDVI,721298.7170176341,-0.8541468971939934
0.05º,Cape,NDVI,3621319.595739618,0.6799132203573688
0.05º,Cape,NDVI,1114970.04357296,-0.6459016787119097
0.05º,Cape,NDVI,4007444.0208180714,0.8841662604893913
0.05º,Cape,NDVI,1031814.9358507672,-0.6898892704093599
0.05º,Cape,NDVI,1870570.987654234,-0.24620204840784715
0.05º,Cape,NDVI,2254491.951101167,-0.04311460078388953
0.05º,Cape,NDVI,5043575.102880505,1.4322614073932272
0.05º,Cape,NDVI,7782608.327281315,2.881161882914325
0.05º,Cape,NDVI,2585826.0711689894,0.13215533017054498
0.05º,Cape,NDVI,3240569.6259983047,0.4785031727178353
0.05º,Cape,NDVI,3223441.09866182,0.4694424825510565
0.05º,Cape,NDVI,6068956.669087346,1.9746702491817985
0.05º,Cape,NDVI,770136.16557728,-0.8283127445408114
0.05º,Cape,NDVI,3955845.7395302597,0.8568716758060178
0.05º,Cape,NDVI,1683828.0682642004,-0.34498577337109876
0.05º,Cape,NDVI,2564903.776325284,0.12108780361483155
0.05º,Cape,NDVI,1772062.757201629,-0.2983111724133599
0.05º,Cape,NDVI,1331787.7027353744,-0.5312089445518425
0.05º,Cape,NDVI,5135068.687969006,1.4806599071853788
0.05º,Cape,NDVI,2463614.742193244,0.06750768329661591
0.05º,Cape,NDVI,2955637.5574921295,0.32777911217267
0.05º,Cape,NDVI,872054.2846767844,-0.7743998493221738
0.05º,Cape,NDVI,2245345.8605664037,-0.04795272206220177
0.05º,Cape,NDVI,4534676.833696257,1.163063159761813
0.05º,Cape,NDVI,1555925.9259258704,-0.41264376057741065
0.05º,Cape,NDVI,799801.1982570258,-0.8126204632011298
0.05º,Cape,NDVI,1048662.551440373,-0.6809771776235863
0.05º,Cape,NDVI,4213496.732025947,0.9931645262248548
0.05º,Cape,NDVI,1223907.0442991725,-0.5882759183713866
0.05º,Cape,NDVI,8760853.606874898,3.3986364568452334
0.05º,Cape,NDVI,6900900.508351442,2.4147539303793093
0.05º,Cape,NDVI,1087820.261437801,-0.6602634366838421
0.05º,Cape,NDVI,2739360.929556973,0.21337257403076798
0.05º,Cape,NDVI,1894996.3689178478,-0.23328145065373415
0.05º,Cape,NDVI,1126407.6494794386,-0.6398513860432821
0.05º,Cape,NDVI,1759862.6240619707,-0.304764828597592
0.05º,Cape,NDVI,1543864.076494786,-0.4190242671082087
0.05º,Cape,NDVI,2066459.6949888882,-0.14258036223115514
0.05º,Cape,NDVI,822038.0582788601,-0.8008575547512771
0.05º,Cape,NDVI,1135652.9895907333,-0.6349607634819074
0.05º,Cape,NDVI,6386283.58750869,2.142530616445839
0.05º,Cape,NDVI,892004.9624788463,-0.7638462911189142
0.05º,Cape,NDVI,2537065.480513114,0.10636183399875515
0.05º,Cape,NDVI,1484953.7037037436,-0.45018681978908703
0.05º,Cape,NDVI,438785.70564024686,-1.003591318999114
0.05º,Cape,NDVI,1849182.7039456067,-0.25751607488986966
0.05º,Cape,NDVI,1011948.9832969209,-0.7003980104441742
0.05º,Cape,NDVI,538822.0164608955,-0.950673867313539
0.05º,Cape,NDVI,2501179.1938996473,0.0873786185796312
0.05º,Cape,NDVI,1208549.1557731926,-0.5963999717016122
0.05º,Cape,NDVI,4202276.234567913,0.9872290801128109
0.05º,Cape,NDVI,480612.7450980552,-0.9814655496509468
0.05º,Cape,NDVI,2426207.9399660737,0.047720141819631065
0.05º,Cape,NDVI,4114620.551924312,0.9408607633165721
0.05º,Cape,NDVI,2662908.7993218806,0.17293073971294645
0.05º,Cape,NDVI,690811.0021785721,-0.8702743629488244
0.05º,Cape,NDVI,1166129.4934639456,-0.618839228131135
0.05º,Cape,NDVI,722187.2730573338,-0.8536768666529329
0.05º,Cape,NDVI,1940023.6020333942,-0.20946283505925323
0.05º,Cape,NDVI,3070232.994432333,0.3883980859025454
0.05º,Cape,NDVI,3079287.702735301,0.3931878675850021
0.05º,Cape,NDVI,1912268.2159283038,-0.2241449468962626
0.05º,Cape,NDVI,1113572.6821591428,-0.6466408583607427
0.05º,Cape,NDVI,4482114.197530757,1.1352584482831867
0.05º,Cape,NDVI,1055564.330670443,-0.6773262576130861
0.05º,Cape,NDVI,4297623.570261469,1.0376661462992878
0.05º,Cape,NDVI,3040447.3039215794,0.372641978689134
0.05º,Cape,NDVI,752396.5141611802,-0.837696708613751
0.05º,Cape,NDVI,3810108.629871463,0.7797793040871993
0.05º,Cape,NDVI,4872447.478991268,1.3417378995295532
0.05º,Cape,NDVI,1884217.1992251996,-0.2389834421280497
0.05º,Cape,NDVI,1501421.8712176473,-0.44147544837186886
0.05º,Cape,NDVI,537229.7113289554,-0.9515161687658507
0.05º,Cape,NDVI,2103906.4391189283,-0.12277169218897227
0.05º,Cape,NDVI,937257.9278624348,-0.7399082671187255
0.05º,Cape,NDVI,1139439.3004115531,-0.632957871549132
0.05º,Cape,NDVI,1806038.4894698907,-0.28033860669158744
0.05º,Cape,NDVI,4066201.888162657,0.9152481404672437
0.05º,Cape,NDVI,5970866.920842484,1.922782494915212
0.05º,Cape,NDVI,1961976.5190026942,-0.1978501274978646
0.05º,Cape,NDVI,984894.6986200826,-0.7147092519376868
0.05º,Cape,NDVI,517278.2014039817,-0.9620701671475176
0.05º,Cape,NDVI,4283363.894940694,1.0301230284688834
0.05º,Cape,NDVI,2147519.668361088,-0.09970105981217835
0.05º,Cape,NDVI,1838294.6017913423,-0.2632756897234163
0.05º,Cape,NDVI,2008469.1963203226,-0.17325631765516103
0.05º,Cape,NDVI,1549046.5383684244,-0.41628283578631325
0.05º,Cape,NDVI,824742.4957637154,-0.7994269548144394
0.05º,Cape,NDVI,2898211.692084182,0.2974018378280014
0.05º,Cape,NDVI,2665593.0767366975,0.17435067532676493
0.05º,Cape,NDVI,1575906.5601548767,-0.4020743559503626
0.05º,Cape,NDVI,881673.0210602855,-0.7693117066900172
0.05º,Cape,NDVI,2588286.4318566658,0.13345681776790974
0.05º,Cape,NDVI,1152882.1713869832,-0.6258468288735067
0.05º,Cape,NDVI,2482668.84531581,0.07758696923917806
0.05º,Cape,NDVI,3792595.3159041535,0.7705150685499558
0.05º,Cape,NDVI,1011071.6230936175,-0.7008621185843913
0.05º,Cape,NDVI,9617243.100943955,3.851651460144206
0.05º,Cape,NDVI,1291923.8683127554,-0.5522962129122555
0.05º,Cape,NDVI,12224625.090777103,5.230910744507517
0.05º,Cape,NDVI,12760249.031711452,5.514246403164974
0.05º,Cape,NDVI,2266165.5773418825,-0.03693945750320583
0.05º,Cape,NDVI,2891053.9215683574,0.29361550292280214
0.05º,Cape,NDVI,1849271.968046447,-0.2574688557480928
0.05º,Cape,NDVI,3697924.836601157,0.7204360475078038
0.05º,Cape,NDVI,5664668.663761317,1.7608089940696037
0.05º,Cape,NDVI,5689821.471798412,1.77411438781254
0.05º,Cape,NDVI,870849.6732025763,-0.775037067637837
0.05º,Cape,NDVI,971925.6838537562,-0.7215696330000891
0.05º,Cape,NDVI,1013030.1379810704,-0.6998260986024262
0.05º,Cape,NDVI,4482024.3282499835,1.135210909011853
0.05º,Cape,NDVI,1656358.3272813377,-0.3595167839546662
0.05º,Cape,NDVI,6767547.463429824,2.344212511429787
0.05º,Cape,NDVI,2367110.263858507,0.016458508973546473
0.05º,Cape,NDVI,1377061.5468408864,-0.5072598760744077
0.05º,Cape,NDVI,2578157.225853214,0.12809864567116094
0.05º,Cape,NDVI,3395492.6167995576,0.5604547142476721
0.05º,Cape,NDVI,5799521.604938108,1.8321438317984209
0.05º,Cape,NDVI,2931523.5415151846,0.3150232211873161
0.05º,Cape,NDVI,1094517.0660856043,-0.6567209446278004
0.05º,Cape,NDVI,740693.8392641172,-0.843887218123519
0.05º,Cape,NDVI,1794055.9186637003,-0.28667717622202915
0.05º,Cape,NDVI,2300550.108932444,-0.018750644118865397
0.05º,Cape,NDVI,1475456.6085691543,-0.4552106163367123
0.05º,Cape,NDVI,1673469.1584967808,-0.35046545472515667
0.05º,Cape,NDVI,9643057.976276804,3.8653070758600268
0.05º,Cape,NDVI,2294482.2682158416,-0.021960425300542957
0.05º,Cape,NDVI,4466058.460421182,1.1267652453071646
0.05º,Cape,NDVI,1307614.0386708386,-0.5439963883280514
0.05º,Cape,NDVI,3776924.473493084,0.7622254681103035
0.05º,Cape,NDVI,3053761.498426432,0.37968495377151223
0.05º,Cape,NDVI,2388448.92277889,0.02774628481404913
0.05º,Cape,NDVI,1452947.9847494722,-0.46711728306318007
0.05º,Cape,NDVI,542007.3832001421,-0.9489888642467313
0.05º,Cape,NDVI,2962974.2452536235,0.3316600911588609
0.05º,Cape,NDVI,5070390.34132171,1.4464461976259826
0.05º,Cape,NDVI,2067698.0236539305,-0.1419253081136485
0.05º,Cape,NDVI,1862852.5175501006,-0.2502849835488113
0.05º,Cape,NDVI,2192394.396029849,-0.07596311692089724
0.05º,Cape,NDVI,2814454.4299201597,0.25309571700526295
0.05º,Cape,NDVI,2027796.2357780864,-0.16303265318431662
0.05º,Cape,NDVI,1441550.1694504647,-0.47314652719921874
0.05º,Cape,NDVI,1327407.1048172812,-0.5335262039227947
0.05º,Cape,NDVI,2193543.9360930026,-0.07535503041457238
0.05º,Cape,NDVI,1838127.874606594,-0.26336388547625056
0.05º,Cape,NDVI,1405281.6682227873,-0.4923319274371859
0.05º,Cape,NDVI,3587167.4534011064,0.661847336806373
0.05º,Cape,NDVI,1609282.5587025024,-0.3844190388348774
0.05º,Cape,NDVI,1893381.1425805043,-0.23413587702118469
0.05º,Cape,NDVI,521081.15468403976,-0.9600584716460634
0.05º,Cape,NDVI,863002.60227548,-0.7791880303557882
0.05º,Cape,NDVI,2718653.473734607,0.20241869354455322
0.05º,Cape,NDVI,987965.6862744333,-0.7130847533981768
0.05º,Cape,NDVI,1014980.936819175,-0.6987941602750647
0.05º,Cape,NDVI,357643.7303316291,-1.046513999002419
0.05º,Cape,NDVI,3314453.219559294,0.5175862962411519
0.05º,Cape,NDVI,389668.0585814228,-1.029573691737793
0.05º,Cape,NDVI,1493646.8167512,-0.44558831564681856
0.05º,Cape,NDVI,472876.7247639659,-0.9855577685553579
0.05º,Cape,NDVI,1152848.924291958,-0.6258644160029225
0.05º,Cape,NDVI,2268215.3231661865,-0.03585517795775378
0.05º,Cape,NDVI,2530531.9535220703,0.1029057129558189
0.05º,Cape,NDVI,3081332.304526691,0.39426942602737697
0.05º,Cape,NDVI,977186.8191720931,-0.7187865848075332
0.05º,Cape,NDVI,2010749.2132655566,-0.17205022873053016
0.05º,Cape,NDVI,1409278.711484527,-0.490217561743838
0.05º,Cape,NDVI,2848863.834422624,0.27129768772320667
0.05º,Cape,NDVI,5564434.912854016,1.7077871000454368
0.05º,Cape,NDVI,5015322.258533049,1.4173161488818753
0.05º,Cape,NDVI,3355905.349794039,0.5395137451941026
0.05º,Cape,NDVI,5387764.161219394,1.61433137494737
0.05º,Cape,NDVI,2485359.7797142672,0.079010426280439
0.05º,Cape,NDVI,3403618.9784556828,0.5647534168566527
0.05º,Cape,NDVI,3710051.742919263,0.7268509679893714
0.05º,Cape,NDVI,4688846.526264458,1.2446162197550423
0.05º,Cape,NDVI,3835879.0244490746,0.7934113902646265
0.05º,Cape,NDVI,2251015.4926168174,-0.04495358627199206
0.05º,Cape,NDVI,4010796.7199222553,0.8859397794387256
0.05º,Cape,NDVI,1488379.9322198355,-0.4483744050721041
0.05º,Cape,NDVI,2169229.908012501,-0.08821672429029331
0.05º,Cape,NDVI,1879130.9610263908,-0.24167397281574513
0.05º,Cape,NDVI,3988018.6395546733,0.8738905749303477
0.05º,Cape,NDVI,1466948.0755263844,-0.45971148089791275
0.05º,Cape,NDVI,835740.7407407364,-0.7936090763618736
0.05º,Cape,NDVI,424397.0588234067,-1.0112026604860669
0.05º,Cape,NDVI,4662656.136528472,1.2307619635143743
0.05º,Cape,NDVI,1579826.9184215607,-0.4000005552727333
0.05º,Cape,NDVI,414064.99636887264,-1.0166681400830744
0.05º,Cape,NDVI,2000994.6138948163,-0.1772102404970451
0.05º,Cape,NDVI,1870787.6422173504,-0.2460874419486313
0.05º,Cape,NDVI,1986860.9295569286,-0.18468671131003073
0.05º,Cape,NDVI,5464939.179375337,1.6551556042806808
0.05º,Cape,NDVI,5395299.564270136,1.6183174708319323
0.05º,Cape,NDVI,1209682.8854998234,-0.5958002485856625
0.05º,Cape,NDVI,793486.1791938297,-0.8159609973874543
0.05º,Cape,NDVI,1638842.8951827437,-0.3687821399461628
0.05º,Cape,NDVI,11210769.184216835,4.69459877426977
0.05º,Cape,NDVI,1456825.5265068447,-0.4650661315670755
0.05º,Cape,NDVI,583503.9941902318,-0.9270378857553302
0.05º,Cape,NDVI,3933907.952069672,0.8452669714890484
0.05º,Cape,NDVI,2598822.319050947,0.13903011707287546
0.05º,Cape,NDVI,2615568.566932782,0.14788858812135738
0.05º,Cape,NDVI,1309310.6995883782,-0.5430988844977505
0.05º,Cape,NDVI,2158876.1801016154,-0.09369366453324342
0.05º,Cape,NDVI,226499.76657328755,-1.1158868528102623
0.05º,Cape,NDVI,492554.7688210499,-0.975148428815468
0.05º,Cape,NDVI,2485703.2195592835,0.0791920999273024
0.05º,Cape,NDVI,419741.285403046,-1.013665482865359
0.05º,Cape,NDVI,0,-1.2357012517631065
0.05º,Cape,NDVI,2511884.5315900524,0.09304155422132464
0.05º,Cape,NDVI,666080.5495036845,-0.8833563381221395
0.05º,Cape,NDVI,1615553.1348342155,-0.3811020141788446
0.05º,Cape,NDVI,1888631.535947769,-0.23664833552201717
0.05º,Cape,NDVI,1602723.9167272146,-0.3878884452634343
0.05º,Cape,NDVI,307511.5740740595,-1.0730330292914294
0.05º,Cape,NDVI,2055214.8390220206,-0.148528693566612
0.05º,Cape,NDVI,6094931.139122366,1.988410287692424
0.05º,Cape,NDVI,1423143.91188579,-0.482883114218478
0.05º,Cape,NDVI,2744372.4279833254,0.21602356869133987
0.05º,Cape,NDVI,881944.4444441497,-0.7691681284864216
0.05º,Cape,NDVI,7757972.645848442,2.868130040063757
0.05º,Cape,NDVI,1289478.637133897,-0.553589697265145
0.05º,Cape,NDVI,562204.0668117708,-0.9383051732903211
0.05º,Cape,NDVI,1130098.039215535,-0.6378992346798542
0.05º,Cape,NDVI,598998.2103952217,-0.9188417174769599
0.05º,Cape,NDVI,240150.23602031544,-1.1086659941888004
0.05º,Cape,NDVI,592775.3570563288,-0.9221334976136512
0.05º,Cape,NDVI,4575769.789397115,1.1848006116938046
0.05º,Cape,NDVI,1262682.9157588072,-0.567764163312665
0.05º,Cape,NDVI,411916.0441953843,-1.0178048980450813
0.05º,Cape,NDVI,3208110.324376566,0.4613327721780213
0.05º,Cape,NDVI,1176446.0784311711,-0.6133819358531135
0.05º,Cape,NDVI,1314089.9600579506,-0.5405707396379825
0.05º,Cape,NDVI,1408563.9070442372,-0.49059568074006416
0.05º,Cape,NDVI,3573423.5052043363,0.6545770295678788
0.05º,Cape,NDVI,1054095.5579762822,-0.6781032125751667
0.05º,Cape,NDVI,1261768.0343741113,-0.568248119498929
0.05º,Cape,NDVI,2532415.966386673,0.103902322676027
0.05º,Cape,NDVI,3607125.3933667885,0.6724047365666568
0.05º,Cape,NDVI,1075986.4439602746,-0.6665233183156791
0.05º,Cape,NDVI,2634765.795206762,0.15804358475559546
0.05º,Cape,NDVI,1475169.450496151,-0.45536251791454546
0.05º,Cape,NDVI,1860443.2946017177,-0.25155942018012006
0.05º,Cape,NDVI,7155693.839263978,2.54953512800408
0.05º,Cape,NDVI,2461048.0210605427,0.06614993289162968
0.05º,Cape,NDVI,1377485.1730813873,-0.5070357852324869
0.05º,Cape,NDVI,3286840.656015488,0.5029797350309536
0.05º,Cape,NDVI,3744727.971435448,0.7451940839248746
0.05º,Cape,NDVI,1885597.6155893302,-0.23825322611292873
0.05º,Cape,NDVI,935985.5361898049,-0.7405813399690652
0.05º,Cape,NDVI,1319139.4335510253,-0.5378996568339951
0.05º,Cape,NDVI,989490.4381505491,-0.7122781864318929
0.05º,Cape,NDVI,4643447.323373626,1.2206008386815999
0.05º,Cape,NDVI,2901379.016884588,0.29907729702599706
0.05º,Cape,NDVI,1256964.7179857502,-0.57078898951729
0.05º,Cape,NDVI,4821575.241207494,1.3148273791097593
0.05º,Cape,NDVI,781571.3507625253,-0.8222637323912058
0.05º,Cape,NDVI,5011954.1273298515,1.4155344666231657
0.05º,Cape,NDVI,795561.6073589697,-0.8148631323347078
0.05º,Cape,NDVI,2423462.2367465026,0.0462677130337967
0.05º,Cape,NDVI,2548401.718711773,0.11235850493006541
0.05º,Cape,NDVI,7675615.808823542,2.824564719546735
0.05º,Cape,NDVI,869084.5782757743,-0.7759707718572676
0.05º,Cape,NDVI,1289815.419995155,-0.5534115450457864
0.05º,Cape,NDVI,3303433.490680278,0.5117570531817096
0.05º,Cape,NDVI,1523012.28516076,-0.4300544985454145
0.05º,Cape,NDVI,1241159.5255385854,-0.5791496587667143
0.05º,Cape,NDVI,6342601.367707461,2.119423489274842
0.05º,Cape,NDVI,5300022.391672535,1.5679175196910808
0.05º,Cape,NDVI,3348203.2195593896,0.5354394535571508
0.05º,Cape,NDVI,1624367.5865408224,-0.37643932401671476
0.05º,Cape,NDVI,913986.928104509,-0.7522182173284334
0.05º,Cape,NDVI,5806248.184458923,1.835702074239409
0.05º,Cape,NDVI,2415899.2979907384,0.042267051244832536
0.05º,Cape,NDVI,943327.2058823586,-0.7366977256288313
0.05º,Cape,NDVI,1392274.872911962,-0.4992122937441638
0.05º,Cape,NDVI,1151010.0459937064,-0.6268371503301394
0.05º,Cape,NDVI,4774895.908979963,1.2901348320975654
0.05º,Cape,NDVI,1950850.5809731313,-0.20373555333280616
0.05º,Cape,NDVI,2750240.861776789,0.2191278671124639
0.05º,Cape,NDVI,3787410.433308666,0.7677723567087125
0.05º,Cape,NDVI,1492032.195594307,-0.4464424218844384
0.05º,Cape,NDVI,1291080.5495037278,-0.552742313752702
0.05º,Cape,NDVI,1164000.5446621897,-0.619965404660775
0.05º,Cape,NDVI,4169651.4161217436,0.9699711240795155
0.05º,Cape,NDVI,2469967.9254416972,0.07086840566673991
0.05º,Cape,NDVI,1916509.319777327,-0.22190147743819197
0.05º,Cape,NDVI,1639057.7342048127,-0.3686684938762783
0.05º,Cape,NDVI,1284692.26579517,-0.5561216036498217
0.05º,Cape,NDVI,914736.1413701127,-0.75182189666787
0.05º,Cape,NDVI,2914074.074073967,0.3057927593411658
0.05º,Cape,NDVI,634037.763253411,-0.9003064093448786
0.05º,Cape,NDVI,2382464.8995399605,0.024580841606141022
0.05º,Cape,NDVI,2026019.7288790306,-0.1639723941366636
0.05º,Cape,NDVI,1186160.130718986,-0.6082433727814185
0.05º,Cape,NDVI,1584755.5071410844,-0.3973934183910958
0.05º,Cape,NDVI,2451538.6710238988,0.06111965371602603
0.05º,Cape,NDVI,931397.6640038466,-0.7430082437877725
0.05º,Cape,NDVI,2647902.4449285134,0.16499264176557882
0.05º,Cape,NDVI,1772149.0818550694,-0.298265508187638
0.05º,Cape,NDVI,4458223.795691183,1.1226208452496123
0.05º,Cape,NDVI,4749211.941721172,1.2765484644540437
0.05º,Cape,NDVI,1203390.5228757975,-0.5991287979135359
0.05º,Cape,NDVI,863922.1738076939,-0.778701593163851
0.05º,Cape,NDVI,2052350.52045493,-0.15004386778827902
0.05º,Cape,NDVI,1061793.7545387563,-0.6740310017817165
0.05º,Cape,NDVI,3680133.4422657043,0.7110247123391841
0.05º,Cape,NDVI,2754169.3899782244,0.2212059895421043
0.05º,Cape,NDVI,1817696.683611676,-0.2741716267202345
0.05º,Cape,NDVI,7031639.1309609525,2.4839123658376208
0.05º,Cape,NDVI,994295.8726700648,-0.7097361959593477
0.05º,Cape,NDVI,1553703.4011135465,-0.41381943717335196
0.05º,Cape,NDVI,995238.7436456354,-0.7092374337710364
0.05º,Cape,NDVI,1607777.1725974046,-0.3852153616483753
0.05º,Cape,NDVI,3526854.5751632554,0.6299428833735435
0.05º,Cape,NDVI,6951201.888162798,2.4413624769565363
0.05º,Cape,NDVI,5581493.282498253,1.7168106780250563
0.05º,Cape,NDVI,1078923.0815781164,-0.6649698885861602
0.05º,Cape,NDVI,2904314.7467316845,0.300630246560733
0.05º,Cape,NDVI,1929389.9782134667,-0.2150878353228319
0.05º,Cape,NDVI,2939201.388888892,0.31908466761726095
0.05º,Cape,NDVI,982287.5816991797,-0.7160883710052408
0.05º,Cape,NDVI,500239.65141603886,-0.9710832608770108
0.05º,Cape,NDVI,3720099.854756766,0.7321662426964288
0.05º,Cape,NDVI,1040896.2720890658,-0.6850854030167267
0.05º,Cape,NDVI,1747959.850607062,-0.31106118673052774
0.05º,Cape,NDVI,1527803.1953521213,-0.42752019118740103
0.05º,Cape,NDVI,6108986.539059999,1.995845347432428
0.05º,Cape,NDVI,1579631.6721132603,-0.4001038371411021
0.05º,Cape,NDVI,2864954.914064213,0.27980958627801383
0.05º,Cape,NDVI,3478498.5475671804,0.6043633939558526
0.05º,Cape,NDVI,1769539.4577582958,-0.2996459535071991
0.05º,Cape,NDVI,4740770.394577467,1.2720830342571086
0.05º,Cape,NDVI,1725418.179617402,-0.32298533482957226
0.05º,Cape,NDVI,3326251.3616557713,0.5238273062229095
0.05º,Cape,NDVI,1843284.0111354655,-0.2606363797994372
0.05º,Cape,NDVI,2785208.787218449,0.23762528559905088
0.05º,Cape,NDVI,1003097.6155892619,-0.7050802285225783
0.05º,Cape,NDVI,7977205.88235267,2.9841005722176677
0.05º,Cape,NDVI,1049315.8436213264,-0.6806315975323318
0.05º,Cape,NDVI,1055033.5875089495,-0.6776070114251307
0.05º,Cape,NDVI,4259466.533526869,1.017481743942747
0.05º,Cape,NDVI,2249623.275236018,-0.045690044817693044
0.05º,Cape,NDVI,959129.1454853788,-0.7283387770768361
0.05º,Cape,NDVI,7569069.232631371,2.7682034518064538
0.05º,Cape,NDVI,915489.7421931215,-0.7514232550664891
0.05º,Cape,NDVI,5304536.7344466355,1.5703055277421663
0.05º,Cape,NDVI,754033.8295811345,-0.836830597509506
0.05º,Cape,NDVI,4804124.304042534,1.3055961398055589
0.05º,Cape,NDVI,1552465.2021301195,-0.4144744226915614
0.05º,Cape,NDVI,1282004.054708098,-0.557543620107184
0.05º,Cape,NDVI,2824707.697893947,0.25851951570566584
0.05º,Cape,NDVI,4298787.445533418,1.0382818158793248
0.05º,Cape,NDVI,2344041.394335331,0.004255482108410224
0.05º,Cape,NDVI,2146250.9077705033,-0.10037221188388147
0.05º,Cape,NDVI,1572758.7145969546,-0.4037395109711594
0.05º,Cape,NDVI,1839903.7763252954,-0.26242446465368346
0.05º,Cape,NDVI,1005278.6855482914,-0.7039264808160408
0.05º,Cape,NDVI,1059878.9639312243,-0.675043892387446
0.05º,Cape,NDVI,3176778.625030093,0.44475885343998933
0.05º,Cape,NDVI,1478449.5279591712,-0.4536274145380775
0.05º,Cape,NDVI,3042411.34107956,0.3736809198552317
0.05º,Cape,NDVI,775656.6206729522,-0.825392520739962
0.05º,Cape,NDVI,2574812.091503101,0.12632912834388532
0.05º,Cape,NDVI,887712.1157104325,-0.7661171316726846
0.05º,Cape,NDVI,948848.644395923,-0.7337769816171867
0.05º,Cape,NDVI,3374232.328733833,0.5492083952130126
0.05º,Cape,NDVI,2068770.4248364426,-0.1413580267205464
0.05º,Cape,NDVI,442267.97385617753,-1.0017492602650298
0.05º,Cape,NDVI,1984993.6456063245,-0.1856744717285101
0.05º,Cape,NDVI,968751.5129508008,-0.723248713666109
0.05º,Cape,NDVI,3350567.3565716776,0.53669004052002
0.05º,Cape,NDVI,1556539.8813846596,-0.4123189889213885
0.05º,Cape,NDVI,746181.0094407921,-0.8409846014603024
0.05º,Cape,NDVI,508070.0798837745,-0.9669411017278029
0.05º,Cape,NDVI,1359284.3742435721,-0.5166636881933001
0.05º,Cape,NDVI,2735786.7344468245,0.21148188758397182
0.05º,Cape,NDVI,1267561.728394955,-0.5651833571050152
0.05º,Cape,NDVI,795934.0958605367,-0.8146660924586528
0.05º,Cape,NDVI,802991.7090292536,-0.8109327390312094
0.05º,Cape,NDVI,1211766.8240134385,-0.5946978817080228
0.05º,Cape,NDVI,1233960.7162308227,-0.5829577024721662
0.05º,Cape,NDVI,1314078.0077461686,-0.5405770622010205
0.05º,Cape,NDVI,7371684.640522351,2.663790468853368
0.05º,Cape,NDVI,6162054.933084466,2.0239175959368287
0.05º,Cape,NDVI,2416235.4756716,0.0424448833343891
0.05º,Cape,NDVI,1415284.132171305,-0.4870407996617789
0.05º,Cape,NDVI,3794503.449527521,0.7715244377279656
0.05º,Cape,NDVI,1168671.023965112,-0.6174948031278579
0.05º,Cape,NDVI,1639122.1859113027,-0.36863440005538206
0.05º,Cape,NDVI,1891417.9375453442,-0.23517437800892319
0.05º,Cape,NDVI,3895128.3360565547,0.8247532356272927
0.05º,Cape,NDVI,1604229.000242071,-0.3870922825148603
0.05º,Cape,NDVI,1790459.3318808977,-0.2885797074704391
0.05º,Cape,NDVI,2134159.7070926502,-0.10676824470878259
0.05º,Cape,NDVI,1525480.8157830897,-0.4287486891960904
0.05º,Cape,NDVI,1121272.391672685,-0.6425678472427464
0.05º,Cape,NDVI,10596188.876785276,4.369496584288747
0.05º,Cape,NDVI,1944762.4667150541,-0.20695605886190013
0.05º,Cape,NDVI,1711290.8496732325,-0.3304584442798705
0.05º,Cape,NDVI,1588019.8499152353,-0.3956666383887226
0.05º,Cape,NDVI,4335411.764705779,1.0576554375615073
0.05º,Cape,NDVI,4160274.449285897,0.9650108732923509
0.05º,Cape,NDVI,4744214.778503624,1.2739050528671887
0.05º,Cape,NDVI,2207318.143306615,-0.06806871668754745
0.05º,Cape,NDVI,4599331.275720213,1.1972642241952514
0.05º,Cape,NDVI,1986938.6952309932,-0.18464557463409423
0.05º,Cape,NDVI,4652253.691600062,1.2252592528246733
0.05º,Cape,NDVI,991986.5044782601,-0.710957811177977
0.05º,Cape,NDVI,3399680.767368594,0.562670172350543
0.05º,Cape,NDVI,1462906.9837810704,-0.46184914746553557
0.05º,Cape,NDVI,2929432.038247295,0.31391685268751024
0.05º,Cape,NDVI,3927070.624546196,0.8416501452994993
0.05º,Cape,NDVI,872019.1842167886,-0.7744184168491122
0.05º,Cape,NDVI,2559835.088355994,0.11840655669035177
0.05º,Cape,NDVI,2967520.2735414514,0.33406486029027854
0.05º,Cape,NDVI,2864846.5867827195,0.27975228304844
0.05º,Cape,NDVI,4276560.760106415,1.0265242896114612
0.05º,Cape,NDVI,3684716.4730087053,0.7134490551195878
0.05º,Cape,NDVI,2715700.4962478657,0.2008566203113311
0.05º,Cape,NDVI,3118468.288549872,0.41391370943029254
0.05º,Cape,NDVI,2140477.1847010865,-0.10342640999520056
0.05º,Cape,NDVI,733498.2449770109,-0.8476935611395027
0.05º,Cape,NDVI,3942757.8068263987,0.8499483892429784
0.05º,Cape,NDVI,1383540.3050108566,-0.5038327267760235
0.05º,Cape,NDVI,1672815.9041393257,-0.3508110148084448
0.05º,Cape,NDVI,7760109.386347116,2.869260338264236
0.05º,Cape,NDVI,1263153.8973612913,-0.567515022315863
0.05º,Cape,NDVI,755575.5265068909,-0.8360150669095343
0.05º,Cape,NDVI,4201995.582183288,0.9870806199298834
0.05º,Cape,NDVI,3176990.4381505256,0.44487089886104614
0.05º,Cape,NDVI,1421749.5763737774,-0.48362069321839435
0.05º,Cape,NDVI,2111899.9636891643,-0.11854325806567384
0.05º,Cape,NDVI,4625412.922113135,1.211060957117082
0.05º,Cape,NDVI,1106829.157588882,-0.6502080644353155
0.05º,Cape,NDVI,2039369.0994915974,-0.15691081151103237
0.05º,Cape,NDVI,1884678.3466473084,-0.23873950323996815
0.05º,SWA,NDVI,1130641.4911643667,-0.6376117581424867
0.05º,SWA,NDVI,2068370.5519244415,-0.1415695524688232
0.05º,SWA,NDVI,1768020.455095618,-0.30044947924053633
0.05º,SWA,NDVI,1667692.44734931,-0.3535212334772927
0.05º,SWA,NDVI,4519396.332605234,1.1549800430256782
0.05º,SWA,NDVI,1345399.7216171266,-0.5240084256041809
0.05º,SWA,NDVI,413851.97288792,-1.016780825763591
0.05º,SWA,NDVI,3127218.8937301766,0.4185426259012179
0.05º,SWA,NDVI,2744260.1670290777,0.2159641846179584
0.05º,SWA,NDVI,2729426.591624583,0.20811748372153105
0.05º,SWA,NDVI,1487639.4940691825,-0.4487660838509585
0.05º,SWA,NDVI,589497.3977244472,-0.9238674805359433
0.05º,SWA,NDVI,1259998.4870490518,-0.5691841789588491
0.05º,SWA,NDVI,1058334.241103628,-0.675861023636353
0.05º,SWA,NDVI,2742629.2060034405,0.21510143487671754
0.05º,SWA,NDVI,1602595.3159037728,-0.38795647284067475
0.05º,SWA,NDVI,2920125.877511463,0.30899405708382693
0.05º,SWA,NDVI,600516.8240133838,-0.9180383975413394
0.05º,SWA,NDVI,1215585.814572812,-0.5926777027674416
0.05º,SWA,NDVI,462177.09305941314,-0.9912176858307383
0.05º,SWA,NDVI,5450375.514402114,1.6474516812624962
0.05º,SWA,NDVI,1694914.6695715338,-0.33912115597142395
0.05º,SWA,NDVI,2682045.206971239,0.18305356330483125
0.05º,SWA,NDVI,3121463.3260707953,0.4154980316829803
0.05º,SWA,NDVI,1022967.5018153824,-0.6945694076442103
0.05º,SWA,NDVI,2715486.262406078,0.2007432943711879
0.05º,SWA,NDVI,3588168.1190994885,0.6623766713881178
0.05º,SWA,NDVI,1362036.1292662525,-0.5152080581098967
0.05º,SWA,NDVI,1227824.0740741242,-0.5862038784074319
0.05º,SWA,NDVI,1365640.6590409125,-0.5133013251582812
0.05º,SWA,NDVI,4908491.890582947,1.3608047602853175
0.05º,SWA,NDVI,1014820.8666180215,-0.6988788346004807
0.05º,SWA,NDVI,5950294.7228275025,1.9119001634338402
0.05º,SWA,NDVI,3769555.419389843,0.758327367897714
0.05º,SWA,NDVI,950886.2866134308,-0.7326991046671784
0.05º,SWA,NDVI,1490753.752117331,-0.4471186960330014
0.05º,SWA,NDVI,837434.3379324203,-0.7927131931887482
0.05º,SWA,NDVI,5033535.766158315,1.4269507745680707
0.05º,SWA,NDVI,1570029.956426704,-0.4051829761234753
0.05º,SWA,NDVI,1134776.0832727824,-0.6354246315247438
0.05º,SWA,NDVI,6051384.955214585,1.9653751211201325
0.05º,SWA,NDVI,2986639.7361411783,0.34417872024848045
0.05º,SWA,NDVI,2154927.9835390667,-0.09578219118051653
0.05º,SWA,NDVI,1538227.7293631237,-0.42200579576091574
0.05º,SWA,NDVI,2708619.2810451365,0.19711078182237082
0.05º,SWA,NDVI,1105968.2885499133,-0.6506634490392009
0.05º,SWA,NDVI,2025528.0198498864,-0.1642324995781742
0.05º,SWA,NDVI,3097984.749455357,0.40307827696090714
0.05º,SWA,NDVI,3902412.8540304997,0.8286066177120245
0.05º,SWA,NDVI,1629826.0106510674,-0.37355191351782974
0.05º,SWA,NDVI,551638.5257806587,-0.9438941589542189
0.05º,SWA,NDVI,2317364.742192696,-0.009855998406117061
0.05º,SWA,NDVI,1314626.9063180466,-0.5402867044957098
0.05º,SWA,NDVI,1314692.2657951275,-0.5402521304801123
0.05º,SWA,NDVI,1211006.2636161083,-0.5951002048020027
0.05º,SWA,NDVI,671877.874606695,-0.8802896549495249
0.05º,SWA,NDVI,602525.1149842772,-0.9169760468853525
0.05º,SWA,NDVI,2228641.370128273,-0.056789104156267034
0.05º,SWA,NDVI,4017554.4662300157,0.8895145085626877
0.05º,SWA,NDVI,432683.23996260547,-1.0068194161771318
0.05º,SWA,NDVI,1723497.9423866747,-0.32400110660332376
0.05º,SWA,NDVI,1525654.139433553,-0.42865700402873347
0.05º,SWA,NDVI,1133006.535947712,-0.6363606909846697
0.05º,SWA,NDVI,1007002.5417571308,-0.7030145911542192
0.05º,SWA,NDVI,663925.1997094958,-0.8844964803131484
0.05º,SWA,NDVI,2135813.362381989,-0.10589349010057762
0.05º,SWA,NDVI,532218.2885499349,-0.9541671234103122
0.05º,SWA,NDVI,748248.002904757,-0.8398911982163557
0.05º,SWA,NDVI,682513.3139675558,-0.8746636942966753
0.05º,SWA,NDVI,1023479.7869764633,-0.6942984177902428
0.05º,SWA,NDVI,557634.3500362829,-0.940722473215717
0.05º,SWA,NDVI,2369254.417816452,0.01759272876379272
0.05º,SWA,NDVI,1808678.286129265,-0.2789422006162711
0.05º,SWA,NDVI,5852915.153715351,1.8603880814569953
0.05º,SWA,NDVI,812627.0878723239,-0.8058357928301991
0.05º,SWA,NDVI,564568.8090050825,-0.9370542661973179
0.05º,SWA,NDVI,638113.955458656,-0.8981501752503518
0.05º,SWA,NDVI,3697028.5645121657,0.7199619353121695
0.05º,SWA,NDVI,848399.6005809733,-0.786912761808739
0.05º,SWA,NDVI,7569827.221011862,2.768604414348693
0.05º,SWA,NDVI,2010129.206002963,-0.1723782016844891
0.05º,SWA,NDVI,1141791.9389977332,-0.63171336705175
0.05º,SWA,NDVI,4017062.152021303,0.8892540829918127
0.05º,SWA,NDVI,3724801.500847252,0.734653330912647
0.05º,SWA,NDVI,1581678.4676833637,-0.39902111822831265
0.05º,SWA,NDVI,5174691.721132849,1.5016197959086126
0.05º,SWA,NDVI,1441365.589445617,-0.473244166780372
0.05º,SWA,NDVI,799035.3425320536,-0.8130255874304408
0.05º,SWA,NDVI,1081488.441055213,-0.6636128584730768
0.05º,SWA,NDVI,1697007.3832001553,-0.3380141472120459
0.05º,SWA,NDVI,1309494.9770031103,-0.5430014049814545
0.05º,SWA,NDVI,2785449.3464052277,0.23775253718439468
0.05º,SWA,NDVI,2864645.3643185315,0.27964583989855407
0.05º,SWA,NDVI,1129252.9048655464,-0.6383462959095862
0.05º,SWA,NDVI,963053.134833804,-0.7262630556207313
0.05º,SWA,NDVI,2581098.704914064,0.12965463643901057
0.05º,SWA,NDVI,501486.6255144038,-0.9704236334770989
0.05º,SWA,NDVI,2569636.8917936883,0.12359153857933437
0.05º,SWA,NDVI,1580310.154925988,-0.39974493164801184
0.05º,SWA,NDVI,2222645.2432825267,-0.0599609499596297
0.05º,SWA,NDVI,2999100.8533036397,0.35077043239763267
0.05º,SWA,NDVI,483379.6296294981,-0.9800019163230975
0.05º,SWA,NDVI,5146346.677558326,1.4866257656252533
0.05º,SWA,NDVI,1185765.855724686,-0.6084519373295365
0.05º,SWA,NDVI,995301.9849913915,-0.7092039802097132
0.05º,SWA,NDVI,1723035.8871942046,-0.3242455256859851
0.05º,SWA,NDVI,4087885.197288791,0.9267182302141832
0.05º,SWA,NDVI,2838464.657467908,0.26579670573420133
0.05º,SWA,NDVI,1101040.6940553996,-0.6532700599932678
0.05º,SWA,NDVI,1809787.279108816,-0.2783555628051243
0.05º,SWA,NDVI,452043.996610966,-0.9965779159045696
0.05º,SWA,NDVI,1524654.4420230563,-0.42918582640319103
0.05º,SWA,NDVI,1527565.9646573525,-0.42764568205892334
0.05º,SWA,NDVI,1648052.8322440344,-0.3639102449765271
0.05º,SWA,NDVI,2029496.641247994,-0.16213316855157112
0.05º,SWA,NDVI,1887947.0769787692,-0.237010402296828
0.05º,SWA,NDVI,1444077.4025655116,-0.4718096652621222
0.05º,SWA,NDVI,1627759.0171876336,-0.37464531676149554
0.05º,SWA,NDVI,1132568.3853788683,-0.6365924649412219
0.05º,SWA,NDVI,2382981.723553591,0.02485423243340038
0.05º,SWA,NDVI,1642777.1725974332,-0.3667009762836729
0.05º,SWA,NDVI,303687.3638344221,-1.0750559693512074
0.05º,SWA,NDVI,2506539.8813843126,0.09021432811993832
0.05º,SWA,NDVI,1696732.6313242177,-0.3381594861294968
0.05º,SWA,NDVI,637318.1433065864,-0.8985711459035323
0.05º,SWA,NDVI,1204843.8634709727,-0.5983600062608153
0.05º,SWA,NDVI,880829.3996608513,-0.769757967595475
0.05º,SWA,NDVI,2282390.7649479313,-0.028356618190270577
0.05º,SWA,NDVI,580882.9581213163,-0.9284243678077487
0.05º,SWA,NDVI,1804091.3217138706,-0.28136862424029174
0.05º,SWA,NDVI,698438.6347132631,-0.8662394792868959
0.05º,SWA,NDVI,983505.8097312558,-0.7154439497695859
0.05º,SWA,NDVI,4553055.555554906,1.1727851808761394
0.05º,SWA,NDVI,2061134.7131441736,-0.14539718411495542
0.05º,SWA,NDVI,1077555.9791817192,-0.6656930617461569
0.05º,SWA,NDVI,2684630.839990316,0.18442131776559847
0.05º,SWA,NDVI,1063792.3626241295,-0.6729737732021285
0.05º,SWA,NDVI,2721244.25078638,0.20378916910828213
0.05º,SWA,NDVI,1960218.4701040918,-0.19878010449211284
0.05º,SWA,NDVI,1636610.838779957,-0.36996285858607453
0.05º,SWA,NDVI,1491119.5836359614,-0.44692517758401645
0.05º,SWA,NDVI,519113.41079634096,-0.9610993736070881
0.05º,SWA,NDVI,1442472.161703964,-0.4726588094882318
0.05º,SWA,NDVI,558864.768129387,-0.9400716036518482
0.05º,SWA,NDVI,3017585.330428467,0.3605483961905984
0.05º,SWA,NDVI,2304803.013797968,-0.01650093213030341
0.05º,SWA,NDVI,1045918.361171744,-0.6824288060849413
0.05º,SWA,NDVI,5174729.1817961745,1.5016396119416644
0.05º,SWA,NDVI,483565.1174049626,-0.9799037965472294
0.05º,SWA,NDVI,3004159.4045025134,0.35344631714857405
0.05º,SWA,NDVI,1880958.9082543047,-0.24070702083277629
0.05º,SWA,NDVI,838503.6916000963,-0.7921475238774769
0.05º,SWA,NDVI,2271120.79399654,-0.03431823491149603
0.05º,SWA,NDVI,615480.2106024954,-0.910123028807865
0.05º,SWA,NDVI,730336.7828612005,-0.8493659190803018
0.05º,SWA,NDVI,2220745.279593181,-0.06096599738601434
0.05º,SWA,NDVI,1423447.4098278496,-0.4827225691368586
0.05º,SWA,NDVI,2365602.1544421962,0.015660745576241062
0.05º,SWA,NDVI,3016982.2682159212,0.36022938687054257
0.05º,SWA,NDVI,1125317.7196801929,-0.6404279397668161
0.05º,SWA,NDVI,4345753.146936497,1.0631258471564513
0.05º,SWA,NDVI,1921414.609052981,-0.21930666555319975
0.05º,SWA,NDVI,5366692.084239804,1.6031846162720993
0.05º,SWA,NDVI,1874303.134834562,-0.24422780808972366
0.05º,SWA,NDVI,632525.7201645263,-0.9011062535858965
0.05º,SWA,NDVI,1535823.3478574818,-0.42327767135403516
0.05º,SWA,NDVI,3253062.817719401,0.48511185174524374
0.05º,SWA,NDVI,2876051.500846426,0.2856794858185448
0.05º,SWA,NDVI,665049.0196077273,-0.8839019993223952
0.05º,SWA,NDVI,4306154.684094935,1.0421789557022247
0.05º,SWA,NDVI,3007795.0254174676,0.3553694967674135
0.05º,SWA,NDVI,1596196.138949373,-0.3913415250735486
0.05º,SWA,NDVI,2230128.6008220445,-0.05600238523653341
0.05º,SWA,NDVI,2845493.22198033,0.2695146929325883
0.05º,SWA,NDVI,822982.9339139917,-0.8003577321332618
0.05º,SWA,NDVI,1169809.670781796,-0.6168924789576189
0.05º,SWA,NDVI,1057314.2096344258,-0.6764006023707793
0.05º,SWA,NDVI,1674590.5954973921,-0.3498722342453985
0.05º,SWA,NDVI,867393.4882593908,-0.7768653287786874
0.05º,SWA,NDVI,4100304.1031221687,0.9332876133115235
0.05º,SWA,NDVI,1489023.2389251834,-0.4480341071220898
0.05º,SWA,NDVI,3282641.007019706,0.5007581944622586
0.05º,SWA,NDVI,2796300.532558185,0.2434926241015321
0.05º,SWA,NDVI,1265607.2984747845,-0.566217216211024
0.05º,SWA,NDVI,5818383.865891906,1.8421216366026474
0.05º,SWA,NDVI,2221783.1638828805,-0.060416974823058536
0.05º,SWA,NDVI,5289464.415395646,1.5623325356493225
0.05º,SWA,NDVI,1001684.8220769548,-0.7058275714805093
0.05º,SWA,NDVI,2770798.2328730733,0.23000235541422068
0.05º,SWA,NDVI,994592.7136284088,-0.7095791723052103
0.05º,SWA,NDVI,1095536.1897840174,-0.6561818460881803
0.05º,SWA,NDVI,5524835.390946429,1.6868396483638817
0.05º,SWA,NDVI,893139.4335507571,-0.7632461758443301
0.05º,SWA,NDVI,1024583.6359232222,-0.6937145010821085
0.05º,SWA,NDVI,5937614.379084967,1.9051924842736687
0.05º,SWA,NDVI,829244.1297506855,-0.7970456694885669
0.05º,SWA,NDVI,1261687.8479782683,-0.568290536694176
0.05º,SWA,NDVI,539340.3534252979,-0.9503996761618901
0.05º,SWA,NDVI,4792985.354635999,1.2997038311806917
0.05º,SWA,NDVI,8894828.12878114,3.4695066262058587
0.05º,SWA,NDVI,1106528.0803679053,-0.6503673289979923
0.05º,SWA,NDVI,1129715.5652384954,-0.6381015566970792
0.05º,SWA,NDVI,585901.7187119441,-0.9257695315898062
0.05º,SWA,NDVI,838525.780682606,-0.7921358391407358
0.05º,SWA,NDVI,737513.9191477825,-0.8455693400224544
0.05º,SWA,NDVI,1050346.163156314,-0.6800865765917739
0.05º,SWA,NDVI,4771017.610748006,1.2880832804396902
0.05º,SWA,NDVI,2161551.3798113354,-0.09227853086600755
0.05º,SWA,NDVI,1494597.857661334,-0.44508523170659553
0.05º,SWA,NDVI,985303.4979424783,-0.7144930042750679
0.05º,SWA,NDVI,931201.5855724993,-0.7431119658346202
0.05º,SWA,NDVI,2730741.95110151,0.20881328578578576
0.05º,SWA,NDVI,1685205.1561361514,-0.3442573180698891
0.05º,SWA,NDVI,733165.3957877366,-0.8478696325154611
0.05º,SWA,NDVI,964553.9820867223,-0.7254691337803295
0.05º,SWA,NDVI,3351759.864439892,0.5373208562406642
0.05º,SWA,NDVI,805377.6325342701,-0.8096706273962797
0.05º,SWA,NDVI,1943086.7223433522,-0.20784249820676856
0.05º,SWA,NDVI,449690.63180825487,-0.9978228045577434
0.05º,SWA,NDVI,2155576.7368672937,-0.09543901206264746
0.05º,SWA,NDVI,2563252.5417566556,0.12021432952537212
0.05º,SWA,NDVI,1997214.9600582113,-0.17920961100207428
0.05º,SWA,NDVI,4779131.263616117,1.2923752603229903
0.05º,SWA,NDVI,1529022.0285646154,-0.4268754498219326
0.05º,SWA,NDVI,1753908.859840085,-0.3079142653168629
0.05º,SWA,NDVI,2186538.97361409,-0.07906053255170836
0.05º,SWA,NDVI,925168.8453159059,-0.7463031794893527
0.05º,SWA,NDVI,2009156.3786007129,-0.17289281029644873
0.05º,SWA,NDVI,3245390.038731677,0.4810530864024782
0.05º,SWA,NDVI,4142609.537642231,0.955666445246523
0.05º,SWA,NDVI,2085099.2495765362,-0.13272036518367403
0.05º,SWA,NDVI,1245867.828612768,-0.576659049123024
0.05º,SWA,NDVI,1288989.9540062223,-0.5538482020579162
0.05º,SWA,NDVI,2961203.098523178,0.3307231856415789
0.05º,SWA,NDVI,954450.7988380534,-0.730813540296784
0.05º,SWA,NDVI,3716167.0902929073,0.7300858793583594
0.05º,SWA,NDVI,1161957.7584118943,-0.6210460027137936
0.05º,SWA,NDVI,1367093.0162187752,-0.5125330537160492
0.05º,SWA,NDVI,721712.0551924296,-0.853928248558162
0.05º,SWA,NDVI,1172007.0806099172,-0.6157300877472764
0.05º,SWA,NDVI,1383202.311788444,-0.5040115192551778
0.05º,SWA,NDVI,2449265.31106252,0.05991708621895121
0.05º,SWA,NDVI,4394591.8923106855,1.088960685801753
0.05º,SWA,NDVI,2286347.4340353427,-0.026263609726131166
0.05º,SWA,NDVI,3309460.48172292,0.5149452256032239
0.05º,SWA,NDVI,1969493.7666422932,-0.19387363550696968
0.05º,SWA,NDVI,664654.5284780243,-0.8841106782023459
0.05º,SWA,NDVI,1167300.5930766733,-0.6182197370016929
0.05º,SWA,NDVI,3272635.5603969973,0.49546548890458314
0.05º,SWA,NDVI,856909.0413941903,-0.7824114170529134
0.05º,SWA,NDVI,3197361.451525775,0.45564680720100503
0.05º,SWA,NDVI,4450640.885984024,1.1186096191780706
0.05º,SWA,NDVI,1109714.960058098,-0.6486815256067031
0.05º,SWA,NDVI,2690744.371822847,0.1876552687452203
0.05º,SWA,NDVI,1679350.9440813367,-0.3473540934410158
0.05º,SWA,NDVI,3504483.781166861,0.6181091262031642
0.05º,SWA,NDVI,731427.6960784341,-0.848788845145922
0.05º,SWA,NDVI,2902695.170660858,0.2997735192606556
0.05º,SWA,NDVI,1625814.2701524673,-0.3756740537913784
0.05º,SWA,NDVI,503718.8764395182,-0.9692428119382919
0.05º,SWA,NDVI,4665570.685063818,1.2323037085071589
0.05º,SWA,NDVI,1098218.349067864,-0.6547630309284486
0.05º,SWA,NDVI,3100561.304768311,0.40444122947454886
0.05º,SWA,NDVI,2951541.394334924,0.325612313795266
0.05º,SWA,NDVI,4518183.85378843,1.1543386630239398
0.05º,SWA,NDVI,1306776.8094890234,-0.5444392678626425
0.05º,SWA,NDVI,2407018.8816267243,0.03756946693734018
0.05º,SWA,NDVI,1977705.458726702,-0.18952979459991548
0.05º,SWA,NDVI,1747064.5727426952,-0.31153477299879523
0.05º,SWA,NDVI,1298121.2176231493,-0.5490179239587638
0.05º,SWA,NDVI,2211622.18591127,-0.06579195373301559
0.05º,SWA,NDVI,3814530.9852335993,0.7821186524127475
0.05º,SWA,NDVI,5004028.080367949,1.4113417269697008
0.05º,SWA,NDVI,630902.3238924063,-0.9019650017053715
0.05º,SWA,NDVI,496233.6601305761,-0.9732023599177717
0.05º,SWA,NDVI,3889399.96368918,0.8217230272409499
0.05º,SWA,NDVI,1402093.3188089873,-0.49401850828645355
0.05º,SWA,NDVI,1935723.4931009437,-0.2117375171702681
0.05º,SWA,NDVI,1397321.7743887173,-0.4965425714916422
0.05º,SWA,NDVI,2091772.270636053,-0.1291904542281721
0.05º,SWA,NDVI,1567698.8017425388,-0.40641611601397054
0.05º,SWA,NDVI,4656746.247881869,1.2276357362039283
0.05º,SWA,NDVI,1910240.5591866374,-0.22521754170490596
0.05º,SWA,NDVI,1909753.3890097241,-0.22547524617329323
0.05º,SWA,NDVI,3147184.3984507388,0.42910402728398844
0.05º,SWA,NDVI,738772.9968531529,-0.8449033100269884
0.05º,SWA,NDVI,1120286.5528926838,-0.6430893386450435
0.05º,SWA,NDVI,4048518.518517443,0.9058939484627377
0.05º,SWA,NDVI,1442463.9917694223,-0.47266313124013204
0.05º,SWA,NDVI,1558937.0007262272,-0.41105095488553345
0.05º,SWA,NDVI,1219769.7288792059,-0.5904644855731158
0.05º,SWA,NDVI,1621284.495279433,-0.37807022515179656
0.05º,SWA,NDVI,1653442.5683852274,-0.36105916920704056
0.05º,SWA,NDVI,886306.8869523095,-0.766860473008497
0.05º,SWA,NDVI,910896.8772694245,-0.7538527999557828
0.05º,SWA,NDVI,1095630.5979177596,-0.6561319058433327
0.05º,SWA,NDVI,1726030.3195349483,-0.3226615235629848
0.05º,SWA,NDVI,985602.759622006,-0.7143347001019348
0.05º,SWA,NDVI,1380752.5417569834,-0.5053074045813871
0.05º,SWA,NDVI,1870871.45969499,-0.24604310397487947
0.05º,SWA,NDVI,2100958.9082550076,-0.12433088425437047
0.05º,SWA,NDVI,1662594.1487706187,-0.35621814389415346
0.05º,SWA,NDVI,2573042.8467683215,0.12539322894890959
0.05º,SWA,NDVI,1863296.1147417522,-0.25005032842444186
0.05º,SWA,NDVI,2001784.979423764,-0.1767921510118479
0.05º,SWA,NDVI,2814077.575474637,0.25289636762152573
0.05º,SWA,NDVI,3348531.2273056735,0.5356129638947881
0.05º,SWA,NDVI,1360305.0108932245,-0.5161237893290433
0.05º,SWA,NDVI,2269768.5185181,-0.035033564892268956
0.05º,SWA,NDVI,2582293.3309126105,0.13028657261340376
0.05º,SWA,NDVI,1011253.025901684,-0.7007661596845405
0.05º,SWA,NDVI,2641893.004115165,0.16181375310716148
0.05º,SWA,NDVI,3225008.472524166,0.47027159579957123
0.05º,SWA,NDVI,2229889.857177439,-0.05612867643195039
0.05º,SWA,NDVI,3169749.757926843,0.4410407061763682
0.05º,SWA,NDVI,2071536.855482334,-0.1398946334901831
0.05º,SWA,NDVI,3891326.8579030656,0.8227423204418889
0.05º,SWA,NDVI,2401059.3681917214,0.03441698898529234
0.05º,SWA,NDVI,2405989.1672712998,0.03702476612614361
0.05º,SWA,NDVI,1767641.3096099244,-0.30065004054429095
0.05º,SWA,NDVI,764542.4836598089,-0.8312717040444554
0.05º,SWA,NDVI,1079357.2984756131,-0.6647401954726713
0.05º,SWA,NDVI,498766.6424594439,-0.9718624567475261
0.05º,SWA,NDVI,9595285.947708847,3.840036511672598
0.05º,SWA,NDVI,1018062.817719736,-0.6971638993996059
0.05º,SWA,NDVI,7776346.526265401,2.8778495001404503
0.05º,SWA,NDVI,1633583.8779956433,-0.37156406768449113
0.05º,SWA,NDVI,1574523.8095238118,-0.40280580675169975
0.05º,SWA,NDVI,1184222.3432580729,-0.6092684283187386
0.05º,SWA,NDVI,1610290.7891545412,-0.3838857026312928
0.05º,SWA,NDVI,907225.4901966781,-0.7557948992440044
0.05º,SWA,NDVI,922899.1164366984,-0.7475038262077242
0.05º,SWA,NDVI,1483131.2030985141,-0.4511508906043041
0.05º,SWA,NDVI,680870.8545146576,-0.8755325265040134
0.05º,SWA,NDVI,675583.6964416645,-0.8783293402767965
0.05º,SWA,NDVI,3886157.407407519,0.820007771910511
0.05º,SWA,NDVI,902528.4434760312,-0.7582795544743474
0.05º,SWA,NDVI,394980.3316388283,-1.0267635925793
0.05º,SWA,NDVI,1290428.1650931416,-0.5530874136493736
0.05º,SWA,NDVI,1708845.013313766,-0.331752248762674
0.05º,SWA,NDVI,2218387.7995638396,-0.062213062921808025
0.05º,SWA,NDVI,545355.240861747,-0.9472179063355006
0.05º,SWA,NDVI,1123899.479544903,-0.6411781638926568
0.05º,SWA,NDVI,2516491.769547326,0.09547870219297543
0.05º,SWA,NDVI,927690.934398541,-0.7449690386550675
0.05º,SWA,NDVI,4413655.2892738385,1.0990448880227766
0.05º,SWA,NDVI,1797808.944565432,-0.2846918914269346
0.05º,SWA,NDVI,2668005.6281770943,0.17562687267189744
0.05º,SWA,NDVI,2119192.6894217785,-0.11468553422074265
0.05º,SWA,NDVI,1574094.3476155682,-0.4030329845593762
0.05º,SWA,NDVI,1614025.3570562957,-0.38191018179404496
0.05º,SWA,NDVI,1072082.425562753,-0.668588475489466
0.05º,SWA,NDVI,1982915.7588961306,-0.18677363730841562
0.05º,SWA,NDVI,1003897.966593633,-0.7046568568962372
0.05º,SWA,NDVI,1480427.2573226823,-0.45258123043570314
0.05º,SWA,NDVI,1036563.7860081965,-0.6873772120706798
0.05º,SWA,NDVI,4084679.254417517,0.9250223427348707
0.05º,SWA,NDVI,1481668.7847974813,-0.4519244842040096
0.05º,SWA,NDVI,1221027.293633476,-0.5897992559022128
0.05º,SWA,NDVI,876204.0062938167,-0.7722047194600621
0.05º,SWA,NDVI,4915509.259259131,1.3645168250829445
0.05º,SWA,NDVI,5845418.222844693,1.8564223366800872
0.05º,SWA,NDVI,1084584.241103364,-0.6619752346129774
0.05º,SWA,NDVI,1166804.9503752855,-0.6184819232867411
0.05º,SWA,NDVI,2075641.4911642256,-0.13772335329600635
0.05º,SWA,NDVI,1251161.9462599482,-0.5738585538577131
0.05º,SWA,NDVI,1133888.283708333,-0.6358942619036815
0.05º,SWA,NDVI,559113.9025052898,-0.9399398159420466
0.05º,SWA,NDVI,2488983.5996126854,0.08092736336876859
0.05º,SWA,NDVI,3053469.196320465,0.3795303310905756
0.05º,SWA,NDVI,2409811.7889130954,0.03904686584556068
0.05º,SWA,NDVI,1674672.5974340423,-0.3498288566609473
0.05º,SWA,NDVI,1343553.0137981118,-0.5249853016103873
0.05º,SWA,NDVI,2239295.8726692833,-0.05115305941588694
0.05º,SWA,NDVI,1358582.9702251256,-0.5170347186016961
0.05º,SWA,NDVI,5581604.938271844,1.7168697419684982
0.05º,SWA,NDVI,1101086.2987165973,-0.6532459359283581
0.05º,SWA,NDVI,1849125.5144032936,-0.2575463271534472
0.05º,SWA,NDVI,3655705.9428709736,0.6981029941309067
0.05º,SWA,NDVI,1632740.2565965196,-0.3720103285897846
0.05º,SWA,NDVI,807944.2888264433,-0.8083129112907942
0.05º,SWA,NDVI,1322185.9114010409,-0.5362881235505617
0.05º,SWA,NDVI,471701.4645363999,-0.986179460576985
0.05º,SWA,NDVI,2146347.736625011,-0.10032099112025925
0.05º,SWA,NDVI,1812230.694746996,-0.27706303884137096
0.05º,SWA,NDVI,2292056.7053981395,-0.023243505435777034
0.05º,SWA,NDVI,1238017.126603596,-0.580811932619628
0.05º,SWA,NDVI,730331.9414185451,-0.8493684801184459
0.05º,SWA,NDVI,661958.0610021779,-0.8855370621443792
0.05º,SWA,NDVI,1097720.5882351585,-0.6550263376677674
0.05º,SWA,NDVI,4093239.5303802607,0.9295505783920793
0.05º,SWA,NDVI,2441966.533527094,0.05605616107660841
0.05º,SWA,NDVI,3998601.4282256104,0.879488684292827
0.05º,SWA,NDVI,556613.1082063429,-0.9412626922097184
0.05º,SWA,NDVI,2035841.5032679343,-0.15877684796520133
0.05º,SWA,NDVI,3678694.928588264,0.7102637638655698
0.05º,SWA,NDVI,3187446.744129588,0.45040210110068735
0.05º,SWA,NDVI,718647.7245219176,-0.8555492256701245
0.05º,SWA,NDVI,2363551.500847092,0.014575985835976971
0.05º,SWA,NDVI,1146746.247881624,-0.6290926246548343
0.05º,SWA,NDVI,4236325.3449518755,1.0052404615691952
0.05º,SWA,NDVI,2827475.7927858625,0.25998378929295
0.05º,SWA,NDVI,1055657.528443492,-0.67727695762779
0.05º,SWA,NDVI,2894470.769789408,0.29542295562843573
0.05º,SWA,NDVI,1359552.1665451208,-0.5165220307684839
0.05º,SWA,NDVI,1755282.3166303386,-0.3071877307941057
0.05º,SWA,NDVI,1198481.2999273795,-0.6017256906423409
0.05º,SWA,NDVI,1813949.4069229614,-0.2761538702826052
0.05º,SWA,NDVI,1268879.5085935602,-0.5644862745215028
0.05º,SWA,NDVI,629316.4488017426,-0.9028039017787659
0.05º,SWA,NDVI,1450746.792544184,-0.46828167508462154
0.05º,SWA,NDVI,853826.5553134787,-0.7840419980580443
0.05º,SWA,NDVI,1561361.2667289148,-0.4097685607426686
0.05º,SWA,NDVI,5935331.336238199,1.9039847947002642
0.05º,SWA,NDVI,1124633.8658920368,-0.6407896864115882
0.05º,SWA,NDVI,1481981.360445228,-0.4517591371754953
0.05º,SWA,NDVI,1323502.1786489056,-0.5355918412914221
0.05º,SWA,NDVI,4084267.126603419,0.924804334358593
0.05º,SWA,NDVI,1907488.8041633943,-0.22667317178860702
0.05º,SWA,NDVI,1991064.209634468,-0.18246324996285138
0.05º,SWA,NDVI,2147919.0873880405,-0.09948977416112147
0.05º,SWA,NDVI,806905.4103120007,-0.8088624597811794
0.05º,SWA,NDVI,2548188.99782143,0.11224597931466757
0.05º,SWA,NDVI,2224693.173565722,-0.05887763080354137
0.05º,SWA,NDVI,1899226.5795202712,-0.23104374353181836
0.05º,SWA,NDVI,762863.7133864678,-0.8321597440381532
0.05º,SWA,NDVI,4483211.38949433,1.135838843564119
0.05º,SWA,NDVI,2902808.3393848347,0.2998333835282823
0.05º,SWA,NDVI,2677014.040183973,0.18039216442673256
0.05º,SWA,NDVI,946339.2641004742,-0.7351043997262293
0.05º,SWA,NDVI,561049.9878963637,-0.9389156607697813
0.05º,SWA,NDVI,782984.7494552135,-0.8215160693034808
0.05º,SWA,NDVI,1865321.048172139,-0.24897917419964122
0.05º,SWA,NDVI,1376072.9847492245,-0.5077828080607492
0.05º,SWA,NDVI,1409250.7867344478,-0.4902323334462431
0.05º,SWA,NDVI,1812673.6867582926,-0.2768287038467817
0.05º,SWA,NDVI,2189312.817719688,-0.07759321773134811
0.05º,SWA,NDVI,856008.8356329948,-0.7828876100920644
0.05º,SWA,NDVI,1905039.3367221032,-0.22796889704993037
0.05º,SWA,NDVI,1249035.9477119893,-0.5749831697549038
0.05º,SWA,NDVI,2474239.8934882497,0.07312820174329714
0.05º,SWA,NDVI,1457097.5550712815,-0.46492223323358445
0.05º,SWA,NDVI,841363.7739045144,-0.7906345905643707
0.05º,SWA,NDVI,1351646.9983054597,-0.5207037259445344
0.05º,SWA,NDVI,4410371.278140887,1.097307703803994
0.05º,SWA,NDVI,2451577.705155568,0.06114030208620043
0.05º,SWA,NDVI,1182218.5911400695,-0.6103283780012535
0.05º,SWA,NDVI,1275199.709513471,-0.5611429992239748
0.05º,SWA,NDVI,1387134.7736623702,-0.501931315981869
0.05º,SWA,NDVI,4518633.502783624,1.154576519446108
0.05º,SWA,NDVI,1928008.0488983083,-0.21581885166247766
0.05º,SWA,NDVI,1092036.7344466597,-0.6580329965076761
0.05º,SWA,NDVI,4381584.967320257,1.0820802508965424
0.05º,SWA,NDVI,1681953.2195598085,-0.3459775354114872
0.05º,SWA,NDVI,3043906.5904132277,0.37447188049465496
0.05º,SWA,NDVI,2575072.3190511516,0.12646678414694584
0.05º,SWA,NDVI,4811645.182764905,1.3095745525754743
0.05º,SWA,NDVI,1712240.6802226785,-0.32995600059919633
0.05º,SWA,NDVI,1062083.6359235314,-0.6738776596197801
0.05º,SWA,NDVI,441463.93125168397,-1.0021745846830075
0.05º,SWA,NDVI,3053815.0568877114,0.37971328525698855
0.05º,SWA,NDVI,3448809.912854449,0.5886586275551972
0.05º,SWA,NDVI,1921833.9990317118,-0.2190848156193623
0.05º,SWA,NDVI,3795908.37569501,0.7722676189986463
0.05º,SWA,NDVI,557647.3614137016,-0.9407155904255555
0.05º,SWA,NDVI,1557082.4255625415,-0.41203199257891215
0.05º,SWA,NDVI,2871265.129508076,0.2831475794340674
0.05º,SWA,NDVI,915310.4575163395,-0.7515180935120869
0.05º,SWA,NDVI,781676.0469617972,-0.8222083499403618
0.05º,SWA,NDVI,1607621.1873638767,-0.3852978750976534
0.05º,SWA,NDVI,1958887.9811183678,-0.1994839098008319
0.05º,SWA,NDVI,2460165.214233432,0.0656829435830667
0.05º,SWA,NDVI,2306593.439844205,-0.015553828193531898
0.05º,SWA,NDVI,908620.7939964905,-0.7550568080368462
0.05º,SWA,NDVI,1499648.0876300894,-0.44241374874025763
0.05º,SWA,NDVI,1244546.4173319442,-0.5773580524852646
0.05º,SWA,NDVI,2124135.1972887954,-0.11207103435451557
0.05º,SWA,NDVI,4802957.213749699,1.3049787695359323
0.05º,SWA,NDVI,1895303.8005323,-0.2331188247284982
0.05º,SWA,NDVI,694347.3129993653,-0.8684037166258107
0.05º,SWA,NDVI,445573.7109658677,-1.0000005833860826
0.05º,SWA,NDVI,626159.5255386109,-0.904473858746205
0.05º,SWA,NDVI,1338920.3582663971,-0.527435895032559
0.05º,SWA,NDVI,1238093.0767368684,-0.5807717563328878
0.05º,SWA,NDVI,1221839.9373638341,-0.5893693816396972
0.05º,SWA,NDVI,2314187.847978677,-0.011536519655865279
0.05º,SWA,NDVI,2567047.9302828945,0.1222220234049007
0.05º,SWA,NDVI,555637.8600822245,-0.9417785813410361
0.05º,SWA,NDVI,3756866.981360508,0.7516154070019695
0.05º,SWA,NDVI,3454526.446380631,0.5916825734024512
0.05º,SWA,NDVI,7658444.98910661,2.8154816574533976
0.05º,SWA,NDVI,4165375.136164616,0.9677090470779853
0.05º,SWA,NDVI,799942.2052773105,-0.8125458729636248
0.05º,SWA,NDVI,1878163.277656753,-0.24218586032478714
0.05º,SWA,NDVI,665337.6906319004,-0.8837492974199621
0.05º,SWA,NDVI,1129151.2345678231,-0.6384000777116489
0.05º,SWA,NDVI,2482743.2824981194,0.07762634520142779
0.05º,SWA,NDVI,1412920.2977486795,-0.48829122656003027
0.05º,SWA,NDVI,847053.679496237,-0.7876247304268323
0.05º,SWA,NDVI,2595232.389252041,0.13713110725204336
0.05º,SWA,NDVI,886960.4817235561,-0.7665147328522911
0.05º,SWA,NDVI,4288816.267247524,1.0330072376700379
0.05º,SWA,NDVI,937627.9956426625,-0.7397125077617486
0.05º,SWA,NDVI,2046102.9411760962,-0.1533487275129865
0.05º,SWA,NDVI,3033479.7869763193,0.36895628458171875
0.05º,SWA,NDVI,1612181.0699588475,-0.3828857772810529
0.05º,SWA,NDVI,1873932.1592835246,-0.24442404764151746
0.05º,SWA,NDVI,1446852.9411761865,-0.4703414540783335
0.05º,SWA,NDVI,405184.58000483614,-1.0213657243905785
0.05º,SWA,NDVI,3552156.560154927,0.6433271891057533
0.05º,SWA,NDVI,1814425.381263362,-0.27590208821512285
0.05º,SWA,NDVI,913761.1958362386,-0.7523376257342621
0.05º,SWA,NDVI,17475319.535216257,8.008435898123768
0.05º,SWA,NDVI,6600403.957879025,2.255796532202009
0.05º,SWA,NDVI,1573248.3054949502,-0.4034805259838299
0.05º,SWA,NDVI,1817186.5165815344,-0.2744414961201317
0.05º,SWA,NDVI,456530.50108932395,-0.9942046338230635
0.05º,SWA,NDVI,709183.914306444,-0.8605554150800543
0.05º,SWA,NDVI,1990588.53788429,-0.1827148719654196
0.05º,SWA,NDVI,450435.12466715235,-0.9974289809094324
0.05º,SWA,NDVI,5236318.687969107,1.5342193791332777
0.05º,SWA,NDVI,4135667.8165089283,0.9519943966706326
0.05º,SWA,NDVI,934461.3894940706,-0.7413875868055548
0.05º,SWA,NDVI,650402.747518604,-0.8916496200542263
0.05º,SWA,NDVI,1236148.6322923973,-0.5818003332976067
0.05º,SWA,NDVI,2604373.3357540676,0.14196650742737224
0.05º,SWA,NDVI,2522622.246429265,0.09872161680616184
0.05º,SWA,NDVI,724562.7572016431,-0.8524202772564915
0.05º,SWA,NDVI,2391545.630597917,0.029384388869000674
0.05º,SWA,NDVI,1120065.0568866571,-0.6432065061425383
0.05º,SWA,NDVI,905066.2672475767,-0.7569370902659456
0.05º,SWA,NDVI,1417005.5676591657,-0.4861301905188445
0.05º,SWA,NDVI,10813119.212962845,4.484248922611109
0.05º,SWA,NDVI,1573275.5386103545,-0.403466120144022
0.05º,SWA,NDVI,1085760.71169204,-0.6613529023315782
0.05º,SWA,NDVI,1803129.3875566854,-0.28187747051690837
0.05º,SWA,NDVI,1674274.388767836,-0.3500395020524245
0.05º,SWA,NDVI,3679646.8772691875,0.7107673280005989
0.05º,SWA,NDVI,1018549.6853061571,-0.6969063549962753
0.05º,SWA,NDVI,2335786.129266523,-1.1140814220561705e-4
0.05º,SWA,NDVI,2052648.8743643942,-0.14988604380956805
0.05º,SWA,NDVI,3739953.7037037034,0.7426685801357399
0.05º,SWA,NDVI,1846806.4633260998,-0.2587730644484061
0.05º,SWA,NDVI,921559.2471555753,-0.7482125935279819
0.05º,SWA,NDVI,10602966.594044538,4.373081877695343
0.05º,SWA,NDVI,889826.6158315366,-0.7649985982413761
0.05º,SWA,NDVI,4747236.141370064,1.2755033007653551
0.05º,SWA,NDVI,2530205.1561365286,0.10273284287775915
0.05º,SWA,NDVI,3624152.4449285897,0.681411747830645
0.05º,SWA,NDVI,2039544.866557694,-0.15681783381971426
0.05º,SWA,NDVI,664031.1062696733,-0.8844404576026405
0.05º,SWA,NDVI,3603622.004356171,0.6705515053030858
0.05º,SWA,NDVI,5326753.812636163,1.5820579719501178
0.05º,SWA,NDVI,6312863.410796434,2.1036926322974354
0.05º,SWA,NDVI,1286509.9249576377,-0.5551600938728052
0.05º,SWA,NDVI,1568326.6763495142,-0.4060839813729921
0.05º,SWA,NDVI,3675590.656015493,0.7086216581887322
0.05º,SWA,NDVI,2280897.4824497704,-0.029146538408250367
0.05º,SWA,NDVI,1504431.1304767365,-0.43988360306943947
0.05º,SWA,NDVI,1974208.1215202122,-0.1913798245653787
0.05º,SWA,NDVI,926638.2231903975,-0.7455259043975045
0.05º,SWA,NDVI,3106620.672959368,0.40764652883899927
0.05º,SWA,NDVI,2128717.3202615213,-0.10964717176864604
0.05º,SWA,NDVI,1412047.0225125824,-0.4887531738243314
0.05º,SWA,NDVI,1815021.3326071117,-0.2755868404197862
0.05º,SWA,NDVI,1616359.5376420012,-0.38067544125477293
0.05º,SWA,NDVI,7317475.187606072,2.635114620233344
0.05º,SWA,NDVI,611826.4342772455,-0.9120558123199235
0.05º,SWA,NDVI,2400333.151779229,0.03403283325617669
0.05º,SWA,NDVI,2495498.971193086,0.0843738805183019
0.05º,SWA,NDVI,644403.2921810664,-0.8948232265712951
0.05º,SWA,NDVI,1508028.6250301201,-0.4379805916263335
0.05º,SWA,NDVI,3463704.044117675,0.5965373614374716
0.05º,SWA,NDVI,1682894.2749934595,-0.3454797336129687
0.05º,SWA,NDVI,1612822.5611230433,-0.38254643972042535
0.05º,SWA,NDVI,1240284.7373517288,-0.5796124063553983
0.05º,SWA,NDVI,5091270.084422659,1.4574912150570296
0.05º,SWA,NDVI,7164765.190026629,2.55433371325545
0.05º,SWA,NDVI,3498152.384410554,0.6147599285047929
0.05º,SWA,NDVI,906139.9782135092,-0.7563691160204152
0.05º,SWA,NDVI,5774708.60566449,1.819018190923979
0.05º,SWA,NDVI,1711558.3393846725,-0.33031694691990793
0.05º,SWA,NDVI,974199.9515856765,-0.7203665853083393
0.05º,SWA,NDVI,3503985.1125626275,0.6178453392686485
0.05º,SWA,NDVI,3001576.797385622,0.3520801633369251
0.05º,SWA,NDVI,978913.0961026318,-0.7178734146264429
0.05º,SWA,NDVI,1496255.7492126417,-0.44420823619020217
0.05º,SWA,NDVI,6659801.500846978,2.2872167893512736
0.05º,SWA,NDVI,1122786.5528925268,-0.6417668825476488
0.05º,SWA,NDVI,899002.360203339,-0.7601447906040215
0.05º,SWA,NDVI,1124265.9162427569,-0.6409843253144901
0.05º,SWA,NDVI,1574835.9961268902,-0.402640665520983
0.05º,SWA,NDVI,1334646.8772695267,-0.5296964914332656
0.05º,SWA,NDVI,1413186.5770996336,-0.4881503694595096
0.05º,SWA,NDVI,1263708.8477366243,-0.5672214633128004
0.05º,SWA,NDVI,1381504.7809247146,-0.504909483271736
0.05º,SWA,NDVI,3567977.4872910297,0.6516961817293088
0.05º,SWA,NDVI,1458007.4437182269,-0.464440918117913
0.05º,SWA,NDVI,1354389.9782135105,-0.5192527377426703
0.05º,SWA,NDVI,708744.2507864737,-0.8607879893611836
0.05º,SWA,NDVI,2982751.633986859,0.3421219824878423
0.05º,SWA,NDVI,1302334.180585814,-0.5467893405353944
0.05º,SWA,NDVI,694449.2858871892,-0.8683497747588987
0.05º,SWA,NDVI,1636722.0406681215,-0.36990403474005285
0.05º,SWA,NDVI,1612266.702977486,-0.38284047891799533
0.05º,SWA,NDVI,2621154.6840958605,0.15084354600277244
0.05º,SWA,NDVI,1310275.962236704,-0.542588277507772
0.05º,SWA,NDVI,528098.825950041,-0.9563462467837366
0.05º,SWA,NDVI,3610298.656499506,0.674083337038162
0.05º,SWA,NDVI,819220.5277170456,-0.8023479789397976
0.05º,SWA,NDVI,3020065.056886626,0.36186012794046596
0.05º,SWA,NDVI,1482887.9206001307,-0.45127958277366276
0.05º,SWA,NDVI,938971.4960058493,-0.7390018196628445
0.05º,SWA,NDVI,1329510.106511741,-0.5324137529572571
0.05º,SWA,NDVI,3049124.606632777,0.3772321194411671
0.05º,SWA,NDVI,918996.9135802467,-0.7495680229921678
0.05º,SWA,NDVI,1845413.9433548732,-0.25950968305912925
0.05º,SWA,NDVI,3228159.8194826352,0.4719386029997693
0.05º,SWA,NDVI,1851994.0692321972,-0.25602891202367417
0.05º,SWA,NDVI,1333537.279109084,-0.5302834493744766
0.05º,SWA,NDVI,1318449.2253691736,-0.5382647648414426
0.05º,SWA,NDVI,2085764.040183838,-0.1323687026268052
0.05º,SWA,NDVI,784785.4635681009,-0.8205635231601199
0.05º,SWA,NDVI,2482358.9929799084,0.07742306279480582
0.05º,SWA,NDVI,1215272.936334909,-0.5928432098608348
0.05º,SWA,NDVI,1752322.0769788246,-0.30875364558496166
0.05º,SWA,NDVI,3430200.012101559,0.5788143168655518
0.05º,SWA,NDVI,1414914.3669813226,-0.4872363989538297
0.05º,SWA,NDVI,3024579.3996608355,0.364248135991609
0.05º,SWA,NDVI,2561652.1423382177,0.11936774633764698
0.05º,SWA,NDVI,1199148.208666159,-0.6013729076311168
0.05º,SWA,NDVI,669916.1825222953,-0.8813273556128802
0.05º,SWA,NDVI,1563215.6257564756,-0.4087876373815044
0.05º,SWA,NDVI,11722968.069170337,4.965542989680977
0.05º,SWA,NDVI,1562729.060760076,-0.4090450217200276
0.05º,SWA,NDVI,2574687.7269424764,0.12626334167528208
0.05º,SWA,NDVI,1233234.9915275408,-0.5833415980957444
0.05º,SWA,NDVI,1399144.8801742913,-0.4955781805466505
0.05º,SWA,NDVI,3663517.308157136,0.7022350691918311
0.05º,SWA,NDVI,423817.7801984445,-1.0115090887059548
0.05º,SWA,NDVI,976600.7020094916,-0.7190966304937407
0.05º,SWA,NDVI,924507.3832001409,-0.7466530813326501
0.05º,SWA,NDVI,1478168.4216894333,-0.45377611481825914
0.05º,SWA,NDVI,3958015.3867102913,0.8580193810630609
0.05º,SWA,NDVI,2352268.518518519,0.008607486324715476
0.05º,SWA,NDVI,2793886.5546219116,0.24221567216513157
0.05º,SWA,NDVI,1620496.5504719978,-0.378487034117824
0.05º,SWA,NDVI,2606721.7380780214,0.1432087710164296
0.05º,SWA,NDVI,3346627.632533997,0.5346059956896159
0.05º,SWA,NDVI,3319090.1113527194,0.5200391305713756
0.05º,SWA,NDVI,1763281.93082772,-0.3029560753649873
0.05º,SWA,NDVI,2534891.672718244,0.1052119278495271
0.05º,SWA,NDVI,1581777.7172597407,-0.3989686169453319
0.05º,SWA,NDVI,652850.7020091522,-0.8903546951172772
0.05º,SWA,NDVI,1242423.7472766533,-0.5784809076682856
0.05º,SWA,NDVI,5317789.124908232,1.5773158095710036
0.05º,SWA,NDVI,2326720.22512565,-0.004907112226303736
0.05º,SWA,NDVI,4160985.4497352717,0.965386980044185
0.05º,SWA,NDVI,1314353.213507625,-0.5404314831861009
0.05º,SWA,NDVI,7203902.505445619,2.5750366658213504
0.05º,SWA,NDVI,1348595.9816025805,-0.522317660201426
0.05º,SWA,NDVI,2719701.343500366,0.2029729982489894
0.05º,SWA,NDVI,2657387.1338656377,0.17000987565261041
0.05º,SWA,NDVI,686491.1643667838,-0.87255948129055
0.05º,SWA,NDVI,623557.2500602123,-0.9058504167756948
0.05º,SWA,NDVI,1079363.6528685796,-0.6647368341103815
0.05º,SWA,NDVI,2675464.7785039945,0.17957263220462208
0.05º,SWA,NDVI,457105.119825708,-0.9939006706024011
0.05º,SWA,NDVI,756118.6758654051,-0.835727750437131
0.05º,SWA,NDVI,662868.8574194924,-0.8850552668341238
0.05º,SWA,NDVI,2330597.9181794995,-0.0028558806970197183
0.05º,SWA,NDVI,1690218.4701040378,-0.34160536301972855
0.05º,SWA,NDVI,829241.1038489472,-0.7970472701374486
0.05º,SWA,NDVI,2425337.0854514623,0.04725947507448554
0.05º,SWA,NDVI,683524.8729118804,-0.8741285973791233
0.05º,SWA,NDVI,1227523.9046234414,-0.5863626627755648
0.05º,SWA,NDVI,2915936.819172094,0.30677811878639166
0.05º,SWA,NDVI,945711.0869038957,-0.735436694431794
0.05º,SWA,NDVI,1990987.0491406429,-0.18250406650906872
0.05º,SWA,NDVI,11414523.420477286,4.802381187121585
0.05º,SWA,NDVI,1747445.5337689966,-0.31133325130594175
0.05º,SWA,NDVI,4583045.683551374,1.1886494319293652
0.05º,SWA,NDVI,1614531.590413961,-0.3816423932378085
0.05º,SWA,NDVI,5272054.889857177,1.5531232023683057
0.05º,SWA,NDVI,2071743.8271603296,-0.13978514910715495
0.05º,SWA,NDVI,1281822.1980146621,-0.5576398191044245
0.05º,SWA,NDVI,598490.0750422536,-0.9191105121553105
0.05º,SWA,NDVI,723263.4350036321,-0.8531075958818305
0.05º,SWA,NDVI,970143.1251514392,-0.7225125752500856
0.05º,SWA,NDVI,1141128.661340942,-0.6320642292843677
0.05º,SWA,NDVI,766246.6715083594,-0.8303702185998303
0.05º,SWA,NDVI,1207011.9220526575,-0.5972131413444003
0.05º,SWA,NDVI,4702157.4679254405,1.2516574741401367
0.05º,SWA,NDVI,2228323.650447422,-0.05695717228795898
0.05º,SWA,NDVI,2728745.158557167,0.20775701759552
0.05º,SWA,NDVI,616052.4086176124,-0.9098203461062425
0.05º,SWA,NDVI,2978841.684822077,0.3400536880423247
0.05º,SWA,NDVI,5583327.584119391,1.7177809913704511
0.05º,SWA,NDVI,4343170.539820854,1.0617596933454627
0.05º,SWA,NDVI,2976441.236986751,0.3387838932917233
0.05º,SWA,NDVI,1400050.3812630996,-0.49509918637218364
0.05º,SWA,NDVI,1958386.5892030958,-0.19974913731906285
0.05º,SWA,NDVI,6179404.502541724,2.033095213503774
0.05º,SWA,NDVI,1041880.9005083074,-0.6845645518740164
0.05º,SWA,NDVI,1180179.7385620906,-0.611406895210696
0.05º,SWA,NDVI,838757.148692809,-0.7920134495263942
0.05º,SWA,NDVI,1371837.0249333596,-0.5100235564156135
0.05º,SWA,NDVI,1151107.480028766,-0.6267856094366329
0.05º,SWA,NDVI,2179347.615589344,-0.08286463465929655
0.05º,SWA,NDVI,3240976.4584841677,0.47871837995846794
0.05º,SWA,NDVI,974726.7610747931,-0.7200879123399028
0.05º,SWA,NDVI,5209150.629387557,1.519847953242157
0.05º,SWA,NDVI,3365395.787944653,0.5445340203141081
0.05º,SWA,NDVI,14620212.115705512,6.498134211769493
0.05º,SWA,NDVI,2255261.740498219,-0.0427073957111275
0.05º,SWA,NDVI,3621540.183974811,0.6800299076600339
0.05º,SWA,NDVI,1845073.2268215902,-0.2596899161219099
0.05º,SWA,NDVI,2553006.8385374187,0.11479453244728163
0.05º,SWA,NDVI,2983277.0515606324,0.34239991915750567
0.05º,SWA,NDVI,600902.6264820745,-0.9178343148104826
0.05º,SWA,NDVI,894292.2415879928,-0.7626363606371046
0.05º,SWA,NDVI,1516650.6293869843,-0.43341970273264796
0.05º,SWA,NDVI,2289834.4831757154,-0.024419021966975082
0.05º,SWA,NDVI,1548376.4524328236,-0.41663729947886097
0.05º,SWA,NDVI,3739220.83030681,0.7422809029787795
0.05º,SWA,NDVI,1493808.0973129752,-0.44550300106188884
0.05º,SWA,NDVI,1496701.7671266024,-0.44397230054624154
0.05º,SWA,NDVI,1517248.850157178,-0.43310325445057574
0.05º,SWA,NDVI,2143157.528443479,-0.10200855522501534
0.05º,SWA,NDVI,1030217.2597431822,-0.6907344130134679
0.05º,SWA,NDVI,971154.0789154127,-0.7219777984623117
0.05º,SWA,NDVI,1490390.0387314265,-0.44731109402697083
0.05º,SWA,NDVI,2787934.822076979,0.2390673101672907
0.05º,SWA,NDVI,482254.59937060584,-0.9805970375733852
0.05º,SWA,NDVI,6200640.280803455,2.0443285672825384
0.05º,SWA,NDVI,4721611.595254368,1.2619483658630355
0.05º,SWA,NDVI,1959773.3599613362,-0.19901555994104733
0.05º,SWA,NDVI,1529923.7472767073,-0.4263984564583263
0.05º,SWA,NDVI,4713813.241344448,1.2578231735916505
0.05º,SWA,NDVI,1615305.0108932224,-0.38123326738632324
0.05º,SWA,NDVI,2229093.439844716,-0.0565499672150691
0.05º,SWA,NDVI,1104448.0755265057,-0.6514676150321091
0.05º,SWA,NDVI,605608.2062454604,-0.9153451457503797
0.05º,SWA,NDVI,1009400.5688691603,-0.701746076923731
0.05º,SWA,NDVI,4727791.005290532,1.265217165255491
0.05º,SWA,NDVI,934414.1854272775,-0.7414125569279374
0.05º,SWA,NDVI,630307.4316144636,-0.9022796892734944
0.05º,SWA,NDVI,1792924.836601369,-0.2872754987700602
0.05º,SWA,NDVI,981389.796659405,-0.7165632835252705
0.05º,SWA,NDVI,1368346.4960058082,-0.5118699849210785
0.05º,SWA,NDVI,1163217.74388768,-0.6203794925237193
0.05º,SWA,NDVI,3329371.217622852,0.5254776552416767
0.05º,SWA,NDVI,1425827.2815295858,-0.48146365879958836
0.05º,SWA,NDVI,2511430.041152262,0.0928011367610442
0.05º,SWA,NDVI,2813671.3265551305,0.25268146907724764
0.05º,SWA,NDVI,2279037.158073043,-0.03013061733436619
0.05º,SWA,NDVI,956607.9641733004,-0.7296724377164381
0.05º,SWA,NDVI,2343835.027837912,0.004146317855279562
0.05º,SWA,NDVI,843647.5354029667,-0.7894265208368455
0.05º,SWA,NDVI,1656894.8196558622,-0.35923298890989014
0.05º,SWA,NDVI,2360351.6097797896,0.012883299654689673
0.05º,SWA,NDVI,1009672.9000243715,-0.7016020185250342
0.05º,SWA,NDVI,2112553.5584603283,-0.1181975179095117
0.05º,SWA,NDVI,1583992.9799080507,-0.3977967819066231
0.05º,SWA,NDVI,1505462.9629627557,-0.4393377818043548
0.05º,SWA,NDVI,1714669.3121693453,-0.3286712969486369
0.05º,SWA,NDVI,398685.54829322547,-1.0248035980364667
0.05º,SWA,NDVI,5087813.180827876,1.455662573762104
0.05º,SWA,NDVI,1077869.1600094421,-0.6655273945880629
0.05º,SWA,NDVI,2802812.273057069,0.24693722047270872
0.05º,SWA,NDVI,1522029.4722823475,-0.43057438929890895
0.05º,SWA,NDVI,1119733.7206484925,-0.64338177719392875
0.05º,SWA,NDVI,938553.0137978883,-0.7392231894018862
0.05º,SWA,NDVI,3555985.838779635,0.6453528102522276
0.05º,SWA,NDVI,936814.6332607104,-0.7401427621783372
0.05º,SWA,NDVI,1357463.3865891472,-0.5176269586841105
0.05º,SWA,NDVI,2846308.0973129985,0.2699457476735369
0.05º,SWA,NDVI,994659.5860565015,-0.7095437979650966
0.05º,SWA,NDVI,1713019.2447349308,-0.3295441536445932
0.05º,SWA,NDVI,5151067.53812417,1.4891230179615103
0.05º,SWA,NDVI,1282939.3609294088,-0.5570488595410314
0.05º,SWA,NDVI,1543166.9087388036,-0.4193930566081542
0.05º,SWA,NDVI,1138382.9581214348,-0.6335166580701681
0.05º,SWA,NDVI,1785469.0904131876,-0.29121945757318274
0.05º,SWA,NDVI,2994860.203340594,0.3485272030372735
0.05º,SWA,NDVI,427330.2469135544,-1.009651055496121
0.05º,SWA,NDVI,1171554.7083028713,-0.6159693847535896
0.05º,SWA,NDVI,1591709.6344708635,-0.39371480715513485
0.05º,SWA,NDVI,2024774.5703219539,-0.16463106114711662
0.05º,SWA,NDVI,1415715.6257561834,-0.48681254713284083
0.05º,SWA,NDVI,2998305.7976274244,0.3503498619068946
0.05º,SWA,NDVI,4459930.404259898,1.1235236112126943
0.05º,SWA,NDVI,393656.86274500936,-1.027463684382681
0.05º,SWA,NDVI,1477472.161704055,-0.4541444241234964
0.05º,SWA,NDVI,1649796.9619944415,-0.36298763096723985
0.05º,SWA,NDVI,1096831.8809004836,-0.6554964482412129
0.05º,SWA,NDVI,1514670.1767126594,-0.43446732741861865
0.05º,SWA,NDVI,1304242.530345192,-0.5457798570252306
0.05º,SWA,NDVI,880724.0982811791,-0.7698136701761232
0.05º,SWA,NDVI,8685581.578309089,3.3588188755866866
0.05º,SWA,NDVI,1574110.0823040952,-0.40302466118546243
0.05º,SWA,NDVI,1044697.7124181663,-0.6830745078397601
0.05º,SWA,NDVI,4169978.5160975647,0.9701441542225192
0.05º,SWA,NDVI,2426927.196804649,0.04810061605636172
0.05º,SWA,NDVI,3354412.3698860453,0.5387239850410074
0.05º,SWA,NDVI,1590120.4308885904,-0.394555467942139
0.05º,SWA,NDVI,1176032.135076253,-0.6136009046186023
0.05º,SWA,NDVI,904557.0079880349,-0.7572064794711368
0.05º,SWA,NDVI,1986309.6102632731,-0.1849783495346514
0.05º,SWA,NDVI,953975.1270877533,-0.731065162299417
0.05º,SWA,NDVI,470949.8305494926,-0.9865770617566079
0.05º,SWA,NDVI,1969016.279350159,-0.19412621789935008
0.05º,SWA,NDVI,588218.9542482913,-0.9245437546840725
0.05º,SWA,NDVI,3212074.5582172265,0.4634297822637849
0.05º,SWA,NDVI,1591476.6400387303,-0.393838057118116
0.05º,SWA,NDVI,1201841.866376077,-0.5999480100059174
0.05º,SWA,NDVI,3430664.7906069616,0.5790601765329303
0.05º,SWA,NDVI,1697115.7104816835,-0.3379568439824539
0.05º,SWA,NDVI,973461.0263857775,-0.7207574637628138
0.05º,SWA,NDVI,5829597.555071412,1.8480534812549096
0.05º,SWA,NDVI,1567319.958847608,-0.40661651725252546
0.05º,SWA,NDVI,2658435.003630667,0.1705641803566606
0.05º,SWA,NDVI,972499.6974094771,-0.72126598990937
0.05º,SWA,NDVI,4999277.717259741,1.4088288683066281
0.05º,SWA,NDVI,1557356.8748487113,-0.41188681372613467
0.05º,SWA,NDVI,836365.8920358974,-0.7932783823050209
0.05º,SWA,NDVI,1433161.4621153101,-0.477584006065351
0.05º,SWA,NDVI,2506087.2064872533,0.08997487104882185
0.05º,SWA,NDVI,1178725.1876059074,-0.6121763271231346
0.05º,SWA,NDVI,2580701.706608504,0.12944463130706008
0.05º,SWA,NDVI,1034364.2580489375,-0.6885407237351976
0.05º,SWA,NDVI,1622241.2854031054,-0.37756409997857376
0.05º,SWA,NDVI,825885.0762527245,-0.7988225498006197
0.05º,SWA,NDVI,1764685.9114015012,-0.3022133942967725
0.05º,SWA,NDVI,627004.0547083028,-0.9040271176462221
0.05º,SWA,NDVI,1825076.85790369,-0.2702676441230658
0.05º,SWA,NDVI,5318796.296296258,1.5778485855483237
0.05º,SWA,NDVI,2095979.4843863472,-0.12696491203718474
0.05º,SWA,NDVI,1438973.6141376074,-0.4745094797128094
0.05º,SWA,NDVI,1322527.5357056393,-0.5361074102926965
0.05º,SWA,NDVI,1392361.716291343,-0.49916635512152857
0.05º,SWA,NDVI,2624226.276930525,0.15246836467204075
0.05º,SWA,NDVI,1376328.068263909,-0.5076478733610048
0.05º,SWA,NDVI,1036861.5347372624,-0.687219708221772
0.05º,SWA,NDVI,2688703.0985228918,0.1865754710163626
0.05º,SWA,NDVI,1611777.7172593204,-0.3830991437758223
0.05º,SWA,NDVI,1725868.4337929238,-0.3227471582776388
0.05º,SWA,NDVI,665705.0351004531,-0.8835549786470372
0.05º,SWA,NDVI,1388640.7649480184,-0.5011346730384876
0.05º,SWA,NDVI,1270434.2168964958,-0.5636638611314962
0.05º,SWA,NDVI,1683131.808278741,-0.34535408267637885
0.05º,SWA,NDVI,1547906.681190884,-0.41688580021619004
0.05º,SWA,NDVI,619503.7521180225,-0.9079946460035996
0.05º,SWA,NDVI,1549010.5301378453,-0.4163018835079487
0.05º,SWA,NDVI,1310921.3870731283,-0.542246859103615
0.05º,SWA,NDVI,446865.4684094422,-0.9993172663829956
0.05º,SWA,NDVI,3500019.365770903,0.615747528858341
0.05º,SWA,NDVI,7549931.312028769,2.7580798278888725
0.05º,SWA,NDVI,2556431.5541026997,0.11660614683985462
0.05º,SWA,NDVI,754324.0135559381,-0.8366770952827582
0.05º,SWA,NDVI,2507665.819413861,0.09080992956496149
0.05º,SWA,NDVI,1753038.6105059301,-0.30837461193217447
0.05º,SWA,NDVI,8716567.114498718,3.3752096800937226
0.05º,SWA,NDVI,3288133.3212288786,0.5036635322283319
0.05º,SWA,NDVI,2079562.1520213012,-0.13564939255337372
0.05º,SWA,NDVI,3256160.130718047,0.4867502759295862
0.05º,SWA,NDVI,1253246.1873637678,-0.5727560269151692
0.05º,SWA,NDVI,936920.8424109643,-0.7400865794029926
0.05º,SWA,NDVI,2422804.1031227335,0.045919571904313325
0.05º,SWA,NDVI,3162047.627693052,0.43696641453987056
0.05º,SWA,NDVI,2977634.955216394,0.33941534927230776
0.05º,SWA,NDVI,4894490.740738749,1.3533983978920539
0.05º,SWA,NDVI,3501933.5511981472,0.616760099334326
0.05º,SWA,NDVI,768011.3773904028,-0.829436720178245
0.05º,SWA,NDVI,4476348.6443962045,1.1322085719239388
0.05º,SWA,NDVI,1626404.018397551,-0.37536208732630333
0.05º,SWA,NDVI,1504547.9302832251,-0.4398218180229294
0.05º,SWA,NDVI,1989366.3761797706,-0.18336137404471783
0.05º,SWA,NDVI,640916.24304044,-0.8966678143305852
0.05º,SWA,NDVI,2233477.063664971,-0.054231107195011265
0.05º,SWA,NDVI,811441.8421689847,-0.8064627669931553
0.05º,SWA,NDVI,1450711.692085226,-0.46830024261101083
0.05º,SWA,NDVI,703372.3674652457,-0.8636296213024223
0.05º,SWA,NDVI,2540573.105785524,0.10821730617042129
0.05º,SWA,NDVI,868900.6899052946,-0.7760680455759859
0.05º,SWA,NDVI,2635692.9314931333,0.1585340235696373
0.05º,SWA,NDVI,1469173.0210602256,-0.4585345237827992
0.05º,SWA,NDVI,3163535.4635682646,0.43775345358995893
0.05º,SWA,NDVI,5995991.285402345,1.936072842558188
0.05º,SWA,NDVI,3348851.972887385,0.5357826326748975
0.05º,SWA,NDVI,2051417.0297748735,-0.15053766796499066
0.05º,SWA,NDVI,936121.7017671043,-0.7405093107698787
0.05º,SWA,NDVI,1000379.1454853535,-0.7065182514684681
0.05º,SWA,NDVI,1074400.568869498,-0.6673622183891332
0.05º,SWA,NDVI,4159516.0286334297,0.9646096820858276
0.05º,SWA,NDVI,1709629.0244492623,-0.3313375206400231
0.05º,SWA,NDVI,1026720.2251270232,-0.6925842829139599
0.05º,SWA,NDVI,3046582.8491880572,0.37588757438873555
0.05º,SWA,NDVI,2217161.704187178,-0.0628616458445901
0.05º,SWA,NDVI,252618.4640522888,-1.1020705205145505
0.05º,SWA,NDVI,751236.383442267,-0.8383103973909903
0.05º,SWA,NDVI,1398398.0876300717,-0.49597322068811217
0.05º,SWA,NDVI,969001.1498426157,-0.7231166601342146
0.05º,SWA,NDVI,844302.2270637676,-0.7890802004453279
0.05º,SWA,NDVI,3124742.495763505,0.41723265486489536
0.05º,SWA,NDVI,1427458.8477363256,-0.48060058892817176
0.05º,SWA,NDVI,1184269.5473251012,-0.6092434581962317
0.05º,SWA,NDVI,1398215.9283466497,-0.49606957975014154
0.05º,SWA,NDVI,3207593.80295244,0.4610595414152961
0.05º,SWA,NDVI,1202760.5301379813,-0.5994620530085325
0.05º,SWA,NDVI,2369580.0048414436,0.017764958582376512
0.05º,SWA,NDVI,2253743.6456058035,-0.04351044124993742
0.05º,SWA,NDVI,4548618.373275525,1.1704379893717445
0.05º,SWA,NDVI,3846528.685548217,0.7990448739672791
0.05º,SWA,NDVI,1211306.281771916,-0.5949415004662019
0.05º,SWA,NDVI,1136165.8799319458,-0.6346894534982779
0.05º,SWA,NDVI,1559146.6957153257,-0.4109400299187559
0.05º,SWA,NDVI,2239561.5468411744,-0.051012522444463075
0.05º,SWA,NDVI,2412734.809973421,0.04059309265527399
0.05º,SWA,NDVI,6612326.010651175,2.2621030887552016
0.05º,SWA,NDVI,844728.5766158133,-0.7888546690194241
0.05º,SWA,NDVI,3999487.714839003,0.8799575143472246
0.05º,SWA,NDVI,795314.3911885603,-0.8149939053474891
0.05º,SWA,NDVI,540593.9845071688,-0.9497365273346071
0.05º,SWA,NDVI,1118131.808278831,-0.6442291607062822
0.05º,SWA,NDVI,3717288.186879177,0.730678919764909
0.05º,SWA,NDVI,4040631.203097975,0.9017216971150557
0.05º,SWA,NDVI,1009632.6555311912,-0.7016233071551926
0.05º,SWA,NDVI,1099373.9409337384,-0.6541517431247601
0.05º,SWA,NDVI,2408622.91212734,0.03841797090377206
0.05º,SWA,NDVI,1733718.8332124064,-0.31859443484566685
0.05º,SWA,NDVI,2994334.3016202953,0.3482490102626002
0.05º,SWA,NDVI,539455.6402806839,-0.9503386914399444
0.05º,SWA,NDVI,2703921.871217124,0.19462593451460827
0.05º,SWA,NDVI,1301470.5882349494,-0.5472461657234488
0.05º,SWA,NDVI,3251031.2273055934,0.484037176093117
0.05º,SWA,NDVI,1675606.6932944895,-0.34933473635443646
0.05º,SWA,NDVI,1010262.6482691371,-0.7012900520601273
0.05º,SWA,NDVI,901590.4139432361,-0.7587757556244508
0.05º,SWA,NDVI,2233172.0527717266,-0.054392452601238477
0.05º,SWA,NDVI,3831465.595497457,0.7910767638534859
0.05º,SWA,NDVI,495328.9155168343,-0.973680953930213
0.05º,SWA,NDVI,2235143.427741468,-0.05334962986157877
0.05º,SWA,NDVI,1565223.6141370842,-0.40772544679046435
0.05º,SWA,NDVI,2236781.95352215,-0.052482878497763875
0.05º,SWA,NDVI,793993.28249814606,-0.8156927486447167
0.05º,SWA,NDVI,2208611.4137012465,-0.06738459935992026
0.05º,SWA,NDVI,1744322.5006049904,-0.31298528100608775
0.05º,SWA,NDVI,768492.4957637087,-0.8291822170076902
0.05º,SWA,NDVI,1382788.0658429957,-0.5042306480857432
0.05º,SWA,NDVI,4714110.990074399,1.2579806774410263
0.05º,SWA,NDVI,1206539.8813845846,-0.5974628425683004
0.05º,SWA,NDVI,1443823.8698258474,-0.4719437796291139
0.05º,SWA,NDVI,1677993.2219796644,-0.3480723045898305
0.05º,SWA,NDVI,5145889.312515153,1.486383827549206
0.05º,SWA,NDVI,6517047.9302809285,2.2117026574185616
0.05º,SWA,NDVI,1852213.749697349,-0.2559127049154195
0.05º,SWA,NDVI,1595873.88041637,-0.3915119941783222
0.05º,SWA,NDVI,1147415.2747518541,-0.6287387211892693
0.05º,SWA,NDVI,1211867.8891308936,-0.5946444200356946
0.05º,SWA,NDVI,2912657.6494796113,0.30504349560459654
0.05º,SWA,NDVI,1117609.840232345,-0.6445052726365877
0.05º,SWA,NDVI,2119333.0912608784,-0.11461126411345679
0.05º,SWA,NDVI,813270.3945770735,-0.8054954948805015
0.05º,SWA,NDVI,2354645.666908739,0.009864956078017737
0.05º,SWA,NDVI,5556826.736866439,1.703762508555255
0.05º,SWA,NDVI,782106.3301863956,-0.821980737670757
0.05º,SWA,NDVI,969980.0290482342,-0.7225988502245488
0.05º,SWA,NDVI,960323.4688938244,-0.7277070009672925
0.05º,SWA,NDVI,2159388.7678523776,-0.09342251461464827
0.05º,SWA,NDVI,375824.25562811806,-1.0368968203889437
0.05º,SWA,NDVI,2831030.0169441756,0.26186391145693544
0.05º,SWA,NDVI,2758718.681917211,0.22361248508767181
0.05º,SWA,NDVI,3030602.7596222428,0.3674343876349153
0.05º,SWA,NDVI,1520790.3655288522,-0.4312298550115432
0.05º,SWA,NDVI,1785402.7475187597,-0.29125455179928694
0.05º,SWA,NDVI,3083543.6335014724,0.3954391802218685
0.05º,SWA,NDVI,2869988.5015735137,0.2824722656755586
0.05º,SWA,NDVI,796094.3821972416,-0.8145813038013255
0.05º,SWA,NDVI,393674.9576373684,-1.0274541125023877
0.05º,SWA,NDVI,1416088.1142580674,-0.48661550725661806
0.05º,SWA,NDVI,1709077.0999754502,-0.3316294789943191
0.05º,SWA,NDVI,2620672.3553618095,0.1505884025726387
0.05º,SWA,NDVI,535363.1082061931,-0.9525035690383579
0.05º,SWA,NDVI,1472653.413217136,-0.4566934574509914
0.05º,SWA,NDVI,1782024.328249729,-0.29304167626415323
0.05º,SWA,NDVI,6529652.021302408,2.218370000228369
0.05º,SWA,NDVI,2043775.1149842653,-0.1545801066894885
0.05º,SWA,NDVI,1495432.0987652028,-0.4446439328127645
0.05º,SWA,NDVI,620526.9607844534,-0.9074533865876342
0.05º,SWA,NDVI,6484770.031469535,2.194628215779804
0.05º,SWA,NDVI,2374595.73953038,0.020418194151462104
0.05º,SWA,NDVI,1446029.7143548797,-0.4707769266101113
0.05º,SWA,NDVI,1108070.0798834818,-0.6495516383333196
0.05º,SWA,NDVI,988469.8015008395,-0.7128180852961798
0.05º,SWA,NDVI,1511499.0317110373,-0.43614480743597106
0.05º,SWA,NDVI,1797071.5323166484,-0.28508196955683796
0.05º,SWA,NDVI,3125092.290002103,0.417417689874374
0.05º,SWA,NDVI,1882377.4509802063,-0.23995663664181582
0.05º,SWA,NDVI,5540862.079398746,1.6953174851103379
0.05º,SWA,NDVI,3432659.1624293122,0.5801151642037724
0.05º,SWA,NDVI,1027390.1597674444,-0.6922298992539053
0.05º,SWA,NDVI,3624239.288307916,0.6814576864532512
0.05º,SWA,NDVI,767371.7017668991,-0.8297750973497292
0.05º,SWA,NDVI,550934.3984507645,-0.9442666299465468
0.05º,SWA,NDVI,1448889.7966594025,-0.4692639932969496
0.05º,SWA,NDVI,1462817.7196802688,-0.461896366607292
0.05º,SWA,NDVI,878747.8818687288,-0.7708590539539553
0.05º,SWA,NDVI,4171311.123213071,0.9708490799846965
0.05º,SWA,NDVI,3435714.112805653,0.5817311793048457
0.05º,SWA,NDVI,2072834.0595496132,-0.13920843531880467
0.05º,SWA,NDVI,1567576.5553134845,-0.40648078222816963
0.05º,SWA,NDVI,2378900.387315136,0.022695277235639827
0.05º,SWA,NDVI,895292.3021060327,-0.7621073461851332
0.05º,SWA,NDVI,2247208.605663875,-0.0469673626173227
0.05º,SWA,NDVI,2575686.274509421,0.12679155580269308
0.05º,SWA,NDVI,1572935.729847231,-0.4036458730123296
0.05º,SWA,NDVI,2096545.3280073197,-0.1266655906984752
0.05º,SWA,NDVI,3967109.6586782914,0.8628300912295417
0.05º,SWA,NDVI,1539789.0946502064,-0.4211798609431987
0.05º,SWA,NDVI,2025765.2505446628,-0.16410700870664782
0.05º,SWA,NDVI,1666194.323408377,-0.35431371473347834
0.05º,SWA,NDVI,1915411.2200434383,-0.22248235291367982
0.05º,SWA,NDVI,1114795.1464534667,-0.6459941962167518
0.05º,SWA,NDVI,1030874.5234202342,-0.6903867320705207
0.05º,SWA,NDVI,2380496.853062013,0.023539779580188644
0.05º,SWA,NDVI,1634320.0798838064,-0.37117462981410076
0.05º,SWA,NDVI,3387069.414185424,0.5559989879847318
0.05º,SWA,NDVI,780357.0564025984,-0.8229060727833729
0.05º,SWA,NDVI,2353531.227305736,0.009275437098712869
0.05º,SWA,NDVI,11348193.536675861,4.767293843410314
0.05º,SWA,NDVI,1503791.1522625722,-0.4402221403060692
0.05º,SWA,NDVI,1903662.8540304112,-0.22869703222141058
0.05º,SWA,NDVI,1019453.5221492569,-0.6964282411785623
0.05º,SWA,NDVI,932504.5388525774,-0.742422726430633
0.05º,SWA,NDVI,1354373.638344227,-0.5192613812465766
0.05º,SWA,NDVI,8039594.529168655,3.0171030707757396
0.05º,SWA,NDVI,1187905.7734204482,-0.6073199584475921
0.05º,SWA,NDVI,440426.0469619934,-1.0027236072459584
0.05º,SWA,NDVI,3731253.631081512,0.7380663945006538
0.05º,SWA,NDVI,1625570.0798836714,-0.375803226155344
0.05º,SWA,NDVI,2089827.2210114268,-0.13021935132256557
0.05º,SWA,NDVI,720980.3921568362,-0.8543152854552498
0.05º,SWA,NDVI,1487453.703703232,-0.44886436369188
0.05º,SWA,NDVI,1746097.1919630233,-0.31204650044305915
0.05º,SWA,NDVI,4961873.6383409705,1.3890427674119623
0.05º,SWA,NDVI,1274587.2670057358,-0.5614669705554585
0.05º,SWA,NDVI,1992694.868070802,-0.18160066028603808
0.05º,SWA,NDVI,2570841.5032679476,0.12422875689502468
0.05º,SWA,NDVI,27274194.504962478,13.191868678988607
0.05º,SWA,NDVI,4491140.764947278,1.1400333439308956
0.05º,SWA,NDVI,3694777.898813844,0.7187713726817178
0.05º,SWA,NDVI,4114644.153958046,0.9408732483779417
0.05º,SWA,NDVI,1210581.5783102757,-0.5953248558708857
0.05º,SWA,NDVI,1829884.7131444456,-0.267724373131495
0.05º,SWA,NDVI,855178.2256112413,-0.783326988207222
0.05º,SWA,NDVI,3677590.1718711755,0.7096793669628725
0.05º,SWA,NDVI,778320.0193656973,-0.8239836296034682
0.05º,SWA,NDVI,1031012.1641248614,-0.6903139225548826
0.05º,SWA,NDVI,1026342.2900022997,-0.6927842039580165
0.05º,SWA,NDVI,614580.3074316143,-0.9105990617820535
0.05º,SWA,NDVI,3893977.850399418,0.8241446489183563
0.05º,SWA,NDVI,1785337.6906318082,-0.29128896575001967
0.05º,SWA,NDVI,1695815.1779229317,-0.3386448028673697
0.05º,SWA,NDVI,520905.95497456315,-0.9601511492156929
0.05º,SWA,NDVI,1540991.890583689,-0.42054360301669647
0.05º,SWA,NDVI,3289759.440812323,0.5045237209316733
0.05º,SWA,NDVI,3084644.267427933,0.3960213962407239
0.05º,SWA,NDVI,1210450.8593560697,-0.5953940039021038
0.05º,SWA,NDVI,1618899.7821349609,-0.37933169652725346
0.05º,SWA,NDVI,3643127.8746066815,0.6914494169026654
0.05º,SWA,NDVI,2894035.0399410897,0.29519246219053114
0.05º,SWA,NDVI,910503.8126359707,-0.7540607242442683
0.05º,SWA,NDVI,2292849.1890583397,-0.022824295496343794
0.05º,SWA,NDVI,608387.194383937,-0.9138751098269612
0.05º,SWA,NDVI,337460.3606874388,-1.057190647103861
0.05º,SWA,NDVI,1918410.796416742,-0.2208956296877896
0.05º,SWA,NDVI,4277956.911158927,1.027262829000419
0.05º,SWA,NDVI,770723.190510645,-0.8280022186598113
0.05º,SWA,NDVI,449184.21689646237,-0.998090689152925
0.05º,SWA,NDVI,1890521.9680463457,-0.23564833013976502
0.05º,SWA,NDVI,711551.6824009629,-0.8593029073384505
0.05º,SWA,NDVI,1429249.2737831238,-0.4796534849911033
0.05º,SWA,NDVI,1010166.424594409,-0.7013409526942738
0.05º,SWA,NDVI,4753051.198257081,1.2785793637403213
0.05º,SWA,NDVI,2135917.7559912843,-0.10583826771451761
0.05º,SWA,NDVI,1608625.938029286,-0.38476637964008736
0.05º,SWA,NDVI,6417346.2841914995,2.1589622374987516
0.05º,SWA,NDVI,1894258.3514896333,-0.23367184891292891
0.05º,SWA,NDVI,6023630.174291385,1.9506933294137156
0.05º,SWA,NDVI,1649420.8424110976,-0.3631865916217894
0.05º,SWA,NDVI,1259343.3793269529,-0.5695307194394869
0.05º,SWA,NDVI,3832410.13071883,0.7915764063986008
0.05º,SWA,NDVI,249783.22440086305,-1.1035703125004859
0.05º,SWA,NDVI,1916141.0675379203,-0.22209627640595717
0.05º,SWA,NDVI,522841.0191237256,-0.9591275342624648
0.05º,SWA,NDVI,1286236.6860323204,-0.5553046324659469
0.05º,SWA,NDVI,910625.1512950853,-0.7539965382244259
0.05º,SWA,NDVI,1848910.9779714097,-0.2576598131584376
0.05º,SWA,NDVI,1119225.9743400998,-0.643650366074531
0.05º,SWA,NDVI,3190772.210118065,0.45216121421005384
0.05º,SWA,NDVI,10628784.949164873,4.386739334157635
0.05º,SWA,NDVI,1478299.443234085,-0.45370680672200886
0.05º,SWA,NDVI,3030255.6022410085,0.3672507474766763
0.05º,SWA,NDVI,1912188.634712464,-0.22418704396191544
0.05º,SWA,NDVI,2759894.3960302495,0.22423441720674314
0.05º,SWA,NDVI,911821.8954246272,-0.7533634815959327
0.05º,SWA,NDVI,773316.388283708,-0.8266304625770302
0.05º,SWA,NDVI,651101.1256354832,-0.8912801902946216
0.05º,SWA,NDVI,2068886.4681673,-0.14129664183636073
0.05º,SWA,NDVI,616602.5175502755,-0.9095293481413316
0.05º,SWA,NDVI,738774.8123941203,-0.8449023496376993
0.05º,SWA,NDVI,668483.1154683555,-0.882085422918311
0.05º,SWA,NDVI,1470877.8140882577,-0.45763271820885576
0.05º,SWA,NDVI,3400890.8254659045,0.563310271834179
0.05º,SWA,NDVI,1270436.3350278279,-0.5636627406772181
0.05º,SWA,NDVI,1949635.681432671,-0.20437821385484806
0.05º,SWA,NDVI,5286973.795691114,1.5610150415634199
0.05º,SWA,NDVI,476315.81336238113,-0.9837385510806619
0.05º,SWA,NDVI,2421623.6988623,0.04529515877963364
0.05º,SWA,NDVI,1219088.598402324,-0.590824791634048
0.05º,SWA,NDVI,774367.2839502891,-0.826074557224197
0.05º,SWA,NDVI,1313024.3887678108,-0.5411344081379595
0.05º,SWA,NDVI,3909625.0907771345,0.8324217642968403
0.05º,SWA,NDVI,906654.5630596003,-0.7560969096734621
0.05º,SWA,NDVI,2670836.3970587365,0.17712429969912857
0.05º,SWA,NDVI,4251102.033405955,1.0130570702678452
0.05º,SWA,NDVI,896887.8600823419,-0.7612633240352735
0.05º,SWA,NDVI,2319372.427983264,-0.008793967879894634
0.05º,SWA,NDVI,809457.1532313856,-0.807512632588005
0.05º,SWA,NDVI,3514875.0302585317,0.6236059144918399
0.05º,SWA,NDVI,1127312.696683781,-0.639372631965727
0.05º,SWA,NDVI,1853442.265795175,-0.25526284147365175
0.05º,SWA,NDVI,3682115.10530136,0.7120729772850437
0.05º,SWA,NDVI,1595770.6971677567,-0.39156657630483666
0.05º,SWA,NDVI,887974.1587990721,-0.7659785154805352
0.05º,SWA,NDVI,661201.8881625616,-0.8859370642973782
0.05º,SWA,NDVI,2010153.1106268067,-0.17236555655826508
0.05º,SWA,NDVI,6556196.441539581,2.2324115323870326
0.05º,SWA,NDVI,686879.9927375925,-0.8723537979106106
0.05º,SWA,NDVI,764908.9203582654,-0.8310778654659701
0.05º,SWA,NDVI,2826952.009198341,0.25970671697331943
0.05º,SWA,NDVI,650156.4391188571,-0.8917799128722685
0.05º,SWA,NDVI,5114841.442749932,1.469960049675323
0.05º,SWA,NDVI,4465492.91938848,1.1264660840323362
0.05º,SWA,NDVI,1412279.4117646255,-0.48863024399099036
0.05º,SWA,NDVI,471646.09053495113,-0.9862087524513281
0.05º,SWA,NDVI,3175055.3740014527,0.4438472839078654
0.05º,SWA,NDVI,4489305.010893245,1.1390622622740054
0.05º,SWA,NDVI,1134321.5928346077,-0.6356650489852276
0.05º,SWA,NDVI,949962.176228462,-0.7331879428325161
0.05º,SWA,NDVI,3197311.4863225403,0.4556203764859334
0.05º,SWA,NDVI,1628732.7523601216,-0.37413022795502143
0.05º,SWA,NDVI,1710505.6281768787,-0.3308738126621599
0.05º,SWA,NDVI,1037285.4635674196,-0.6869954573152369
0.05º,SWA,NDVI,1116154.3815050605,-0.6452751847439976
0.05º,SWA,NDVI,2038072.5006051783,-0.15759668955236344
0.05º,SWA,NDVI,1725886.5892032683,-0.3227375543843939
0.05º,SWA,NDVI,1873728.5160973843,-0.2445317713108059
0.05º,SWA,NDVI,4228708.847735785,1.0012114682952589
0.05º,SWA,NDVI,7565280.501088995,2.7661992793544847
0.05º,SWA,NDVI,1721539.5787942074,-0.32503704655289845
0.05º,SWA,NDVI,1107017.0660852152,-0.650108664140618
0.05º,SWA,NDVI,1076313.8465262842,-0.6663501281077794
0.05º,SWA,NDVI,3888645.00121036,0.8213236653475569
0.05º,SWA,NDVI,776661.2200435057,-0.8248611053147178
0.05º,SWA,NDVI,2237308.460422496,-0.05220436559347327
0.05º,SWA,NDVI,9632581.09416547,3.859764989207752
0.05º,SWA,NDVI,4403311.54684055,1.0935732299221206
0.05º,SWA,NDVI,12015624.183000626,5.12035293456057
0.05º,SWA,NDVI,1954429.0123455066,-0.201842625977685
0.05º,SWA,NDVI,1542731.7840708802,-0.4196232299162575
0.05º,SWA,NDVI,1946272.3916724452,-0.2061573350752459
0.05º,SWA,NDVI,2585037.8237709063,0.13173836113937862
0.05º,SWA,NDVI,12785496.853061562,5.527602057281967
0.05º,SWA,NDVI,1494858.6903897359,-0.4449472557737569
0.05º,SWA,NDVI,2248631.6872422085,-0.04621457745313264
0.05º,SWA,NDVI,3294837.81166788,0.5072100899329471
0.05º,SWA,NDVI,1248869.8257076633,-0.5750710453779223
0.05º,SWA,NDVI,690948.2570805118,-0.870201757516033
0.05º,SWA,NDVI,792974.4613894953,-0.8162316871196663
0.05º,SWA,NDVI,2119357.2984743435,-0.11459845892263683
0.05º,SWA,NDVI,1453438.9373030786,-0.4668575777839445
0.05º,SWA,NDVI,660636.0445412741,-0.8862363856362543
0.05º,SWA,NDVI,1947663.739106745,-0.20542133671596605
0.05º,SWA,NDVI,1225216.0493827155,-0.5875834776696423
0.05º,SWA,NDVI,1428676.4705880226,-0.4799564878223098
0.05º,SWA,NDVI,2579264.7058818433,0.12868448315783915
0.05º,SWA,NDVI,2340556.4633258763,0.0024120148033133127
0.05º,SWA,NDVI,4045013.6165576153,0.9040399168756036
0.05º,SWA,NDVI,2225198.1965625784,-0.05861048250691772
0.05º,SWA,NDVI,2509428.7097554496,0.09174246759752891
0.05º,SWA,NDVI,1808397.7850396277,-0.2790905807668072
0.05º,SWA,NDVI,1009717.3807795015,-0.7015784889866973
0.05º,SWA,NDVI,1770983.6601307287,-0.29888199581383285
0.05º,SWA,NDVI,2021840.3534249605,-0.16618321035781697
0.05º,SWA,NDVI,6288203.824739772,2.090648144320672
0.05º,SWA,NDVI,616095.3764221263,-0.9097976168922127
0.05º,SWA,NDVI,2684914.366980209,0.1845712985642319
0.05º,SWA,NDVI,3252999.5763737583,0.48507839818398063
0.05º,SWA,NDVI,973730.3316388271,-0.7206150060132226
0.05º,SWA,NDVI,6230033.76906318,2.0598772063926227
0.05º,SWA,NDVI,3492457.3347849706,0.6117473472636766
0.05º,SWA,NDVI,957178.0440571478,-0.7293708754690608
0.05º,SWA,NDVI,3849792.120551407,0.8007711737747553
0.05º,SWA,NDVI,1679492.2536915992,-0.34727934313872627
0.05º,SWA,NDVI,2104586.359235063,-0.12241202638762012
0.05º,SWA,NDVI,923277.3541515366,-0.7473037450988106
0.05º,SWA,NDVI,1787068.8090049666,-0.2903732345308041
0.05º,SWA,NDVI,1191630.35584604,-0.6053497197518793
0.05º,SWA,NDVI,2846631.5662066955,0.2701168570378625
0.05º,SWA,NDVI,2800992.798353551,0.24597475030635912
0.05º,SWA,NDVI,2017844.0450251037,-0.16829718732213367
0.05º,SWA,NDVI,3432211.934155541,0.5798785883007271
0.05º,SWA,NDVI,3154376.6642459016,0.43290860958618566
0.05º,SWA,NDVI,669446.865165818,-0.8815756162527704
0.05º,SWA,NDVI,1204711.6315662249,-0.5984299546163013
0.05º,SWA,NDVI,1785249.6368909937,-0.2913355446325981
0.05º,SWA,NDVI,2678216.5335269906,0.18102826228819247
0.05º,SWA,NDVI,3533757.867344141,0.6335946037084563
0.05º,SWA,NDVI,3566843.379326446,0.6510962585321242
0.05º,SWA,NDVI,2119868.07068486,-0.11432826939294896
0.05º,SWA,NDVI,848590.8375691109,-0.7868116008003286
0.05º,SWA,NDVI,5417683.823529412,1.6301583508899125
0.05º,SWA,NDVI,1353955.4587265821,-0.5194825909206547
0.05º,SWA,NDVI,1954278.0198499735,-0.2019224983562414
0.05º,SWA,NDVI,1523881.0215441328,-0.4295949522544976
0.05º,SWA,NDVI,4186599.491648653,0.9789363584079447
0.05º,SWA,NDVI,4222342.0479302835,0.997843543005577
0.05º,SWA,NDVI,4929260.167028868,1.371790813813321
0.05º,SWA,NDVI,882286.6739286201,-0.7689870950990318
0.05º,SWA,NDVI,1976763.495521851,-0.1900280765934575
0.05º,SWA,NDVI,420669.6320503528,-1.0131744037916375
0.05º,SWA,NDVI,1414474.4008713646,-0.48746913329974867
0.05º,SWA,NDVI,1740698.9832970074,-0.3149020580293909
0.05º,SWA,NDVI,1261120.9831154458,-0.5685903982518901
0.05º,SWA,NDVI,516023.057371065,-0.9627341162993349
0.05º,SWA,NDVI,3273203.522148391,0.4957659306970892
0.05º,SWA,NDVI,3023812.9387557483,0.3638426916326447
0.05º,SWA,NDVI,649356.9958845638,-0.8922028043041799
QDS,Cape,NDVI,1681522.8278754556,-0.743745591395463
QDS,Cape,NDVI,3723053.0903257728,0.09782818116041976
QDS,Cape,NDVI,1258518.0075482377,-0.9181195739906701
QDS,Cape,NDVI,1867073.396984135,-0.6672566481175612
QDS,Cape,NDVI,1438913.3034796154,-0.8437557731983716
QDS,Cape,NDVI,990444.8300972461,-1.028626559568095
QDS,Cape,NDVI,2122288.945643573,-0.5620499235096914
QDS,Cape,NDVI,833149.8133890472,-1.0934678029481848
QDS,Cape,NDVI,769012.4633400501,-1.1199069464844102
QDS,Cape,NDVI,1229380.2329321466,-0.9301309496526283
QDS,Cape,NDVI,2677343.5254462413,-0.3332414726673813
QDS,Cape,NDVI,2357754.984376783,-0.4649844789408433
QDS,Cape,NDVI,836291.122004339,-1.092172870910802
QDS,Cape,NDVI,1033366.0419857263,-1.0109332797397055
QDS,Cape,NDVI,921701.8835394708,-1.0569642540589903
QDS,Cape,NDVI,1045892.8837161673,-1.0057693781080714
QDS,Cape,NDVI,2172702.777299928,-0.5412679839634642
QDS,Cape,NDVI,2169133.0007046433,-0.5427395420450327
QDS,Cape,NDVI,1387563.2310921568,-0.8649236563960779
QDS,Cape,NDVI,1180404.9599184187,-0.950319876571913
QDS,Cape,NDVI,953224.4008714017,-1.0439698232051215
QDS,Cape,NDVI,821779.4571531792,-1.0981549701034925
QDS,Cape,NDVI,965684.0050834627,-1.0388336386899275
QDS,Cape,NDVI,501531.4088598229,-1.2301698430216241
QDS,Cape,NDVI,877216.6955378077,-1.0753022469744042
QDS,Cape,NDVI,1863161.5162102352,-0.6688692307577658
QDS,Cape,NDVI,1771411.7193173452,-0.7066909687562564
QDS,Cape,NDVI,2202767.0970429666,-0.5288746614392574
QDS,Cape,NDVI,1477768.631585267,-0.8277385601992743
QDS,Cape,NDVI,875520.4508014013,-1.0760014847512092
QDS,Cape,NDVI,2037893.7454610257,-0.5968398986129695
QDS,Cape,NDVI,728892.7293155659,-1.1364453816660662
QDS,Cape,NDVI,1107776.573840475,-0.9802592539059031
QDS,Cape,NDVI,2598091.9753085747,-0.36591109665336463
QDS,Cape,NDVI,2230241.325438047,-0.5175490443451672
QDS,Cape,NDVI,2153567.0001076325,-0.5491562668357348
QDS,Cape,NDVI,848264.7986995014,-1.0872369988088535
QDS,Cape,NDVI,898845.207131433,-1.0663863918281922
QDS,Cape,NDVI,549646.4704813451,-1.2103355184121114
QDS,Cape,NDVI,1418479.8610443072,-0.8521789886426268
QDS,Cape,NDVI,1680691.6798382166,-0.7440882130073573
QDS,Cape,NDVI,2323898.2086661966,-0.4789411539827985
QDS,Cape,NDVI,3360285.871958371,-0.05171423911927371
QDS,Cape,NDVI,1733005.7943398163,-0.7225229256791206
QDS,Cape,NDVI,1186490.01205179,-0.9478114541525783
QDS,Cape,NDVI,1792800.4304793733,-0.6978739658081189
QDS,Cape,NDVI,1193829.8564406864,-0.9447857725616904
QDS,Cape,NDVI,1388625.1194595897,-0.8644859174039843
QDS,Cape,NDVI,1503546.9449072191,-0.8171120449859046
QDS,Cape,NDVI,2783745.231178853,-0.289379823125973
QDS,Cape,NDVI,3138418.436424479,-0.14317397310599952
QDS,Cape,NDVI,3476657.206753053,-0.003742839898877608
QDS,Cape,NDVI,2343240.371138206,-0.47096779353825596
QDS,Cape,NDVI,2162087.923357812,-0.5456437127202224
QDS,Cape,NDVI,1713898.1504998358,-0.7303996112256607
QDS,Cape,NDVI,1248772.9368393307,-0.9221367546669319
QDS,Cape,NDVI,663476.90668424,-1.163411546042496
QDS,Cape,NDVI,1103989.297614478,-0.9818204711946432
QDS,Cape,NDVI,1306166.2983711606,-0.8984776648790421
QDS,Cape,NDVI,2910567.4170902446,-0.23710030153165101
QDS,Cape,NDVI,2508740.334719752,-0.40274425001751807
QDS,Cape,NDVI,2979984.4586817194,-0.2084847269078936
QDS,Cape,NDVI,3745868.965820404,0.1072334996939476
QDS,Cape,NDVI,3306954.7036692128,-0.07369878341794615
QDS,Cape,NDVI,2439782.565889015,-0.43117050003659274
QDS,Cape,NDVI,1782676.7701525085,-0.7020472113240234
QDS,Cape,NDVI,860198.8240706926,-1.0823174720508437
QDS,Cape,NDVI,1359421.5548699812,-0.8765244134653938
QDS,Cape,NDVI,1358163.5128876965,-0.8770430122618644
QDS,Cape,NDVI,1673926.5311062585,-0.7468769895662815
QDS,Cape,NDVI,2500169.5110142524,-0.40627737444502043
QDS,Cape,NDVI,2751129.5570079642,-0.30282488267826385
QDS,Cape,NDVI,3327835.950738286,-0.06509097083989518
QDS,Cape,NDVI,3759232.6222464205,0.11274235888670094
QDS,Cape,NDVI,2988910.1177213537,-0.20480532979647542
QDS,Cape,NDVI,1888059.1103023968,-0.6586057717372972
QDS,Cape,NDVI,1876893.6164223806,-0.6632084891105762
QDS,Cape,NDVI,876896.1683345046,-1.0754343769225378
QDS,Cape,NDVI,973992.1154398508,-1.0354088117823683
QDS,Cape,NDVI,2365401.0772210015,-0.4618325534864059
QDS,Cape,NDVI,2318141.091745348,-0.4813143926730291
QDS,Cape,NDVI,3332225.671750162,-0.06328140958068659
QDS,Cape,NDVI,3892199.866860169,0.16755503922465723
QDS,Cape,NDVI,3282190.898087621,-0.08390709121012498
QDS,Cape,NDVI,2915002.047985336,-0.23527222720871863
QDS,Cape,NDVI,2386536.8810655475,-0.45311980574780186
QDS,Cape,NDVI,1759201.46068526,-0.7117243663060696
QDS,Cape,NDVI,571898.5068891993,-1.2011626295398532
QDS,Cape,NDVI,857334.5369801698,-1.0834982083528182
QDS,Cape,NDVI,2225041.8278647177,-0.5196924173182085
QDS,Cape,NDVI,3804493.9724037577,0.13140030675232073
QDS,Cape,NDVI,6098389.929799042,1.0770060174405394
QDS,Cape,NDVI,6019966.364076553,1.0446777109362095
QDS,Cape,NDVI,3208168.7121762102,-0.11442103038412978
QDS,Cape,NDVI,2197740.5888954867,-0.5309467235106667
QDS,Cape,NDVI,2970765.346954904,-0.21228509312251836
QDS,Cape,NDVI,1994339.4198243436,-0.614794164984312
QDS,Cape,NDVI,804087.718139993,-1.105447981536265
QDS,Cape,NDVI,2682060.884698962,-0.33129685009879467
QDS,Cape,NDVI,4420488.128667088,0.38532969271043116
QDS,Cape,NDVI,5319150.084725231,0.7557823607519882
QDS,Cape,NDVI,5894285.499878982,0.9928686728992789
QDS,Cape,NDVI,3449495.2916969326,-0.014939713020996096
QDS,Cape,NDVI,1855098.136044559,-0.6721931732877363
QDS,Cape,NDVI,2012060.6634092133,-0.607488990972245
QDS,Cape,NDVI,3061242.2937103054,-0.17498805824100194
QDS,Cape,NDVI,2130312.834965781,-0.5587422601692732
QDS,Cape,NDVI,2239750.969882866,-0.5136289127172942
QDS,Cape,NDVI,2294740.5465066303,-0.4909607278259432
QDS,Cape,NDVI,2162263.156620646,-0.545571476848537
QDS,Cape,NDVI,2224760.167029703,-0.5198085255022822
QDS,Cape,NDVI,3295781.154684106,-0.07830482132254625
QDS,Cape,NDVI,3121645.35221503,-0.15008829028031412
QDS,Cape,NDVI,3124268.6911264756,-0.14900687930884612
QDS,Cape,NDVI,3015472.7221022784,-0.19385550867996953
QDS,Cape,NDVI,3532526.7874256945,0.019288106368535167
QDS,Cape,NDVI,1934001.9325900138,-0.6396669027008675
QDS,Cape,NDVI,1202952.059185079,-0.9410253548403268
QDS,Cape,NDVI,1325715.0585112248,-0.8904191393100319
QDS,Cape,NDVI,1611330.3437424132,-0.7726808243251052
QDS,Cape,NDVI,2801504.9140643575,-0.28205880339863804
QDS,Cape,NDVI,4382866.255144045,0.3698209429192786
QDS,Cape,NDVI,4203914.572742688,0.29605223851468376
QDS,Cape,NDVI,2930261.377390491,-0.2289819205449536
QDS,Cape,NDVI,5167623.489541087,0.6933190161241144
QDS,Cape,NDVI,2846079.0733383987,-0.26368413412788333
QDS,Cape,NDVI,2866718.6539975437,-0.2551759429544445
QDS,Cape,NDVI,1203428.843759731,-0.9408288113941842
QDS,Cape,NDVI,1164607.7945066832,-0.9568318937267734
QDS,Cape,NDVI,1313013.6116946423,-0.8956550178619961
QDS,Cape,NDVI,1309808.259768565,-0.8969763502773975
QDS,Cape,NDVI,2245076.009079271,-0.5114337881051575
QDS,Cape,NDVI,3878123.5173081267,0.16175238872556089
QDS,Cape,NDVI,5336981.711450002,0.7631330376680201
QDS,Cape,NDVI,6012705.289276211,1.0416845002917587
QDS,Cape,NDVI,4951038.562091509,0.6040368742793424
QDS,Cape,NDVI,4796672.306947473,0.5404029453161897
QDS,Cape,NDVI,4710705.301379842,0.5049650296890903
QDS,Cape,NDVI,4872749.725651601,0.5717641068148694
QDS,Cape,NDVI,3432796.5323166177,-0.021823391498447323
QDS,Cape,NDVI,2769455.8525261967,-0.2952702899592993
QDS,Cape,NDVI,2115806.3582841,-0.5647222206587362
QDS,Cape,NDVI,1588144.6884309328,-0.782238576060925
QDS,Cape,NDVI,1773821.218302118,-0.7056977083633631
QDS,Cape,NDVI,2147139.088274122,-0.5518060252600312
QDS,Cape,NDVI,2019059.6298199238,-0.6046038284671426
QDS,Cape,NDVI,3740639.3904091753,0.10507772782583398
QDS,Cape,NDVI,2983017.9254417764,-0.20723425018847433
QDS,Cape,NDVI,5520962.188332123,0.838974746632197
QDS,Cape,NDVI,7824521.169208428,1.7885638159190083
QDS,Cape,NDVI,5455103.001694547,0.8118258156682625
QDS,Cape,NDVI,6216851.997095091,1.1258392729218705
QDS,Cape,NDVI,5242346.974098266,0.7241220494927352
QDS,Cape,NDVI,3490742.483660115,0.0020634906964588557
QDS,Cape,NDVI,3309847.3977244943,-0.07250633699982086
QDS,Cape,NDVI,3137798.719422902,-0.1434294371490885
QDS,Cape,NDVI,1705377.231282495,-0.7339121636787281
QDS,Cape,NDVI,4334786.129848447,0.35000102000448874
QDS,Cape,NDVI,2717738.782208753,-0.31658945959058876
QDS,Cape,NDVI,2857638.2281855084,-0.258919139098829
QDS,Cape,NDVI,3038269.7846361836,-0.18445794535566987
QDS,Cape,NDVI,2568912.064224286,-0.377939842102661
QDS,Cape,NDVI,1889758.1941418904,-0.6579053636057149
QDS,Cape,NDVI,3975028.588719469,0.2016992697625131
QDS,Cape,NDVI,7867674.473493112,1.8063527704856308
QDS,Cape,NDVI,5984814.596949931,1.0301872055457821
QDS,Cape,NDVI,4495939.50617279,0.41643278316170823
QDS,Cape,NDVI,4327738.065843609,0.34709561814840884
QDS,Cape,NDVI,2539883.0186395803,-0.38990639672874605
QDS,Cape,NDVI,4234522.500605097,0.30866965095037774
QDS,Cape,NDVI,3470132.495210318,-0.0064325017710791885
QDS,Cape,NDVI,2671618.833179052,-0.33560134504186057
QDS,Cape,NDVI,2856006.0641800486,-0.259591961072017
QDS,Cape,NDVI,2920733.923943016,-0.23290939352349188
QDS,Cape,NDVI,2440860.825155871,-0.4307260125187284
QDS,Cape,NDVI,2425468.5099451374,-0.4370711395141611
QDS,Cape,NDVI,1513892.0358267194,-0.8128475198144246
QDS,Cape,NDVI,2739295.8242556304,-0.3077030661169196
QDS,Cape,NDVI,6600113.27765673,1.2838298977435325
QDS,Cape,NDVI,6634372.863713422,1.2979526220617739
QDS,Cape,NDVI,4183782.6071169097,0.2877532999330356
QDS,Cape,NDVI,2497240.0024207495,-0.4074849968075761
QDS,Cape,NDVI,1486228.6734446925,-0.824251103033162
QDS,Cape,NDVI,2710125.187605861,-0.3197279883944559
QDS,Cape,NDVI,3815060.7858784012,0.13575623193418734
QDS,Cape,NDVI,2855749.1646397696,-0.2596978619833368
QDS,Cape,NDVI,8483120.460919928,2.060056186481783
QDS,Cape,NDVI,5575242.490360384,0.8613505494275807
QDS,Cape,NDVI,3641364.5461147455,0.06415396256531566
QDS,Cape,NDVI,3202058.793270395,-0.1169397035569711
QDS,Cape,NDVI,4558440.476298537,0.44219736680985655
QDS,Cape,NDVI,5027924.906088967,0.6357314965762013
QDS,Cape,NDVI,4571087.095988126,0.447410644143043
QDS,Cape,NDVI,5141097.996745037,0.6823844934026716
QDS,Cape,NDVI,2312523.1447605006,-0.4836302617664328
QDS,Cape,NDVI,2285629.1641258365,-0.4947166851019331
QDS,Cape,NDVI,2402957.4096080866,-0.4463508215171591
QDS,Cape,NDVI,2426762.5998547333,-0.4365376807909297
QDS,Cape,NDVI,3131380.9610262467,-0.146075010053182
QDS,Cape,NDVI,5613476.567417054,0.8771116660079222
QDS,Cape,NDVI,6846978.104575197,1.385594229883177
QDS,Cape,NDVI,3316178.79448078,-0.06989636469045118
QDS,Cape,NDVI,1427660.2517550248,-0.8483945842739731
QDS,Cape,NDVI,1621506.5722585395,-0.7684859087854119
QDS,Cape,NDVI,1808088.2231905044,-0.6915719258028354
QDS,Cape,NDVI,3077514.9783815844,-0.16828001923697378
QDS,Cape,NDVI,4678697.346419258,0.49177048836710846
QDS,Cape,NDVI,6370688.991280379,1.1892550262596542
QDS,Cape,NDVI,9131050.302327456,2.3271503221966277
QDS,Cape,NDVI,9275759.053601868,2.386803167893703
QDS,Cape,NDVI,8191501.995769843,1.9398431990099472
QDS,Cape,NDVI,8496022.70433903,2.0653748388027213
QDS,Cape,NDVI,9043602.283124458,2.2911018928508504
QDS,Cape,NDVI,7610001.007490748,1.7001328261332571
QDS,Cape,NDVI,5383220.748213411,0.7821940142913236
QDS,Cape,NDVI,4611459.010342842,0.4640530348505031
QDS,Cape,NDVI,4059554.608188338,0.23654317209985565
QDS,Cape,NDVI,4687718.075576298,0.4954890759420892
QDS,Cape,NDVI,4675107.723652013,0.49029074915880627
QDS,Cape,NDVI,6416846.01325808,1.2082821941788287
QDS,Cape,NDVI,3939248.228239476,0.18694964125766023
QDS,Cape,NDVI,6122600.445262498,1.0869862441405096
QDS,Cape,NDVI,6916306.519066448,1.4141732700286276
QDS,Cape,NDVI,3746427.199398379,0.10746361861347808
QDS,Cape,NDVI,3384833.7483142167,-0.04159494317103283
QDS,Cape,NDVI,3457543.6090074205,-0.011621979805724245
QDS,Cape,NDVI,1930779.596560873,-0.6409952364210995
QDS,Cape,NDVI,2732862.1752198464,-0.31035518957055225
QDS,Cape,NDVI,3334234.182098791,-0.06245344750615695
QDS,Cape,NDVI,1087167.4534011409,-0.9887548885561445
QDS,Cape,NDVI,394192.5381263122,-1.2744178172234206
QDS,Cape,NDVI,2548646.5346130044,-0.38629383935731804
QDS,Cape,NDVI,1805701.4020210514,-0.6925558377893185
QDS,Cape,NDVI,1951333.6453958517,-0.6325223037697905
QDS,Cape,NDVI,3080508.83563293,-0.16704587062411672
QDS,Cape,NDVI,4486199.854756678,0.4124178364639314
QDS,Cape,NDVI,5385494.190268741,0.7831311883525568
QDS,Cape,NDVI,6642228.576615818,1.3011909585513102
QDS,Cape,NDVI,5264856.2212539455,0.7334009675644475
QDS,Cape,NDVI,4530000.96828851,0.430473835454066
QDS,Cape,NDVI,2409737.69063183,-0.4435558070199004
QDS,Cape,NDVI,1992547.8339586866,-0.615532704943063
QDS,Cape,NDVI,5435617.762259143,0.8037934750449471
QDS,Cape,NDVI,8468123.002908658,2.0538738302613346
QDS,Cape,NDVI,7043681.041443395,1.466680479593874
QDS,Cape,NDVI,5902397.346948173,0.9962125947925657
QDS,Cape,NDVI,6886302.725210711,1.4018048979057205
QDS,Cape,NDVI,6299837.813806279,1.160048262189775
QDS,Cape,NDVI,8328684.203192247,1.9963934005677972
QDS,Cape,NDVI,11065499.966990137,3.12458258761682
QDS,Cape,NDVI,11811019.096071083,3.4319056567444792
QDS,Cape,NDVI,10857501.904589036,3.0388401828732756
QDS,Cape,NDVI,9694855.119061429,2.55956585643147
QDS,Cape,NDVI,8147510.660488255,1.9217087854900312
QDS,Cape,NDVI,7409532.5354175,1.617494321368353
QDS,Cape,NDVI,7114390.207247347,1.4958287026275545
QDS,Cape,NDVI,7538932.678497146,1.6708365463570256
QDS,Cape,NDVI,9168376.24563342,2.3425370815800055
QDS,Cape,NDVI,7417446.1579173,1.620756529754011
QDS,Cape,NDVI,5136016.863016287,0.6802899131950617
QDS,Cape,NDVI,3767782.867084427,0.1162670001506325
QDS,Cape,NDVI,3645764.0000965158,0.06596753601691885
QDS,Cape,NDVI,3238401.2224642644,-0.1019583751862515
QDS,Cape,NDVI,5023125.090776957,0.6337528833986275
QDS,Cape,NDVI,5983607.201646227,1.029689484674633
QDS,Cape,NDVI,5539640.656015471,0.8466745142050622
QDS,Cape,NDVI,7759886.213991737,1.7619195461272865
QDS,Cape,NDVI,9352091.406439124,2.418269420109927
QDS,Cape,NDVI,9649439.397240374,2.5408442724073272
QDS,Cape,NDVI,9927936.843379317,2.655648422365419
QDS,Cape,NDVI,12380904.538852565,3.6668277888468257
QDS,Cape,NDVI,11388227.895787973,3.25761973408633
QDS,Cape,NDVI,8427624.685358632,2.037179332751494
QDS,Cape,NDVI,6144903.147023106,1.0961800186360862
QDS,Cape,NDVI,7693895.201524753,1.7347162730051113
QDS,Cape,NDVI,10373334.345637314,2.839253271706393
QDS,Cape,NDVI,11918870.470008485,3.476364898573643
QDS,Cape,NDVI,13758920.882875958,4.234883249308879
QDS,Cape,NDVI,14420337.27446067,4.507536904331439
QDS,Cape,NDVI,14826337.751149857,4.674901238385792
QDS,Cape,NDVI,14709340.578394562,4.626671851898095
QDS,Cape,NDVI,14104734.98739274,4.377437139346209
QDS,Cape,NDVI,12227783.05670337,3.6037069888460556
QDS,Cape,NDVI,10114444.480196882,2.732531894736116
QDS,Cape,NDVI,8258385.323097367,1.967414308356402
QDS,Cape,NDVI,6593773.973059358,1.2812166656090316
QDS,Cape,NDVI,6890278.822026054,1.4034439521281739
QDS,Cape,NDVI,5459391.467487818,0.8135936367985689
QDS,Cape,NDVI,12291436.94885336,3.6299468380120614
QDS,Cape,NDVI,0,-1.4369146008989027
QDS,Cape,NDVI,7181231.012930928,1.5233822834068524
QDS,Cape,NDVI,11165604.950852266,3.1658485587709198
QDS,Cape,NDVI,3441058.4675103277,-0.018417599236892748
QDS,Cape,NDVI,4294710.001843105,0.3334805603986598
QDS,Cape,NDVI,3986865.562487634,0.20657878923520667
QDS,Cape,NDVI,2498051.4282256197,-0.40715050523117685
QDS,Cape,NDVI,2941862.309368189,-0.22419970385720406
QDS,Cape,NDVI,2654624.0498668565,-0.3426070525588522
QDS,Cape,NDVI,6594952.1786491545,1.2817023536937437
QDS,Cape,NDVI,10481060.946703799,2.8836610787968113
QDS,Cape,NDVI,11496439.806313444,3.3022275988098717
QDS,Cape,NDVI,10420212.016432095,2.858577510482088
QDS,Cape,NDVI,8603159.153929073,2.109539369556
QDS,Cape,NDVI,6865785.020387962,1.3933469472353521
QDS,Cape,NDVI,8303551.534302731,1.9860330373829964
QDS,Cape,NDVI,10889066.96316674,3.0518521503747036
QDS,Cape,NDVI,14700547.7814314,4.623047224113874
QDS,Cape,NDVI,12633145.297748787,3.7708082249741195
QDS,Cape,NDVI,13028830.546477783,3.9339203441733215
QDS,Cape,NDVI,11605085.596707689,3.3470143205039498
QDS,Cape,NDVI,9361058.097313,2.4219657316488084
QDS,Cape,NDVI,11517933.778140849,3.311087993039976
QDS,Cape,NDVI,13997268.469239468,4.333136545439193
QDS,Cape,NDVI,13089922.812637173,3.9591042220963635
QDS,Cape,NDVI,9462549.874573063,2.4638033764014446
QDS,Cape,NDVI,3733631.1370267025,0.10218873698078218
QDS,Cape,NDVI,2820357.258216212,-0.2742873592612607
QDS,Cape,NDVI,3365140.601223407,-0.04971298893089288
QDS,Cape,NDVI,8197322.319640752,1.9422424933077738
QDS,Cape,NDVI,6693015.662283305,1.3221267634563065
QDS,Cape,NDVI,5156539.940345166,0.6887500785571911
QDS,Cape,NDVI,3859221.218854025,0.15396035207903938
QDS,Cape,NDVI,3167134.960390693,-0.13133624831031998
QDS,Cape,NDVI,2983620.219350421,-0.20698596841366634
QDS,Cape,NDVI,4662479.240165093,0.48508494805694513
QDS,Cape,NDVI,3906150.745884759,0.17330596739218937
QDS,Cape,NDVI,3134777.7656741655,-0.14467475566814372
QDS,Cape,NDVI,3460944.5624545813,-0.0102200151738707
QDS,Cape,NDVI,6061879.138424922,1.0619552856434806
QDS,Cape,NDVI,7448469.547325098,1.6335452066311562
QDS,Cape,NDVI,5476347.731060044,0.820583465441032
QDS,Cape,NDVI,3978993.890542304,0.20333387399824004
QDS,Cape,NDVI,1809531.1593155724,-0.6909771086597022
QDS,Cape,NDVI,1605828.1001834103,-0.7749489973493511
QDS,Cape,NDVI,2844018.5009622723,-0.2645335575726869
QDS,Cape,NDVI,7113530.298467593,1.495474225062788
QDS,Cape,NDVI,1748423.3316131402,-0.7161674014700113
QDS,Cape,NDVI,5237233.993323495,0.7220143410748028
QDS,Cape,NDVI,5482605.335060086,0.8231630183883175
QDS,Cape,NDVI,4577778.088620421,0.4501688515599371
QDS,Cape,NDVI,2560794.0942651383,-0.3812862880161374
QDS,Cape,NDVI,3942908.1619916605,0.1884583645481166
QDS,Cape,NDVI,9466834.697582621,2.4655696958781688
QDS,Cape,NDVI,6935730.532990975,1.422180371846958
QDS,Cape,NDVI,2791797.9678908493,-0.2860602681143417
QDS,Cape,NDVI,2807905.4642007723,-0.27942032420300245
QDS,Cape,NDVI,3058019.5294447616,-0.17631656849181582
QDS,Cape,NDVI,834803.65047542,-1.0927860467471766
QDS,Cape,NDVI,2056532.1877270415,-0.5891566305954042
QDS,SWA,NDVI,2582826.5734689385,-0.3722039065382129
QDS,SWA,NDVI,3760895.500484107,0.11342784209384738
QDS,SWA,NDVI,1950121.1873637997,-0.6330221116339535
QDS,SWA,NDVI,1831878.1771968298,-0.6817650658653274
QDS,SWA,NDVI,2364152.765095748,-0.462347141373688
QDS,SWA,NDVI,2504902.2865427686,-0.4043263968722398
QDS,SWA,NDVI,2114692.5791037236,-0.5651813504418522
QDS,SWA,NDVI,2146192.9618638805,-0.5521960440547692
QDS,SWA,NDVI,2711216.0611093305,-0.3192783009484348
QDS,SWA,NDVI,1886033.7123408662,-0.6594406953408133
QDS,SWA,NDVI,1377226.031205057,-0.8691849286714199
QDS,SWA,NDVI,2483818.42971821,-0.4130177306497639
QDS,SWA,NDVI,2957088.2579159113,-0.2179231576821457
QDS,SWA,NDVI,1568353.4792506215,-0.7903970456558485
QDS,SWA,NDVI,885675.8775538629,-1.0718151442588932
QDS,SWA,NDVI,1560613.3651788488,-0.7935877291931948
QDS,SWA,NDVI,2556958.207360768,-0.38286754393606376
QDS,SWA,NDVI,2101904.3683373462,-0.5704529954313234
QDS,SWA,NDVI,1308831.3725807904,-0.8973790494933229
QDS,SWA,NDVI,1157984.8128617096,-0.9595620651824928
QDS,SWA,NDVI,1321772.8049278434,-0.8920442424405418
QDS,SWA,NDVI,2308107.618000621,-0.4854504608501698
QDS,SWA,NDVI,1673540.149864679,-0.7470362663230857
QDS,SWA,NDVI,813160.9371090764,-1.101707756246696
QDS,SWA,NDVI,3603490.986688883,0.048541461064658536
QDS,SWA,NDVI,3228659.9978713705,-0.10597397038987896
QDS,SWA,NDVI,1800093.703576217,-0.6948674821584354
QDS,SWA,NDVI,1271103.0836689218,-0.9129316665745563
QDS,SWA,NDVI,2731615.631991681,-0.31086904827080086
QDS,SWA,NDVI,3116298.6443961235,-0.1522923472823939
QDS,SWA,NDVI,907721.7385556975,-1.0627272464433164
QDS,SWA,NDVI,1905032.4816747468,-0.6516088907987427
QDS,SWA,NDVI,2773184.9749469934,-0.2937330452357135
QDS,SWA,NDVI,1902347.67244448,-0.6527156414916258
QDS,SWA,NDVI,1263362.4256150904,-0.9161225743559619
QDS,SWA,NDVI,1430927.075449913,-0.8470479115394322
QDS,SWA,NDVI,1817973.2771471082,-0.6874970402607554
QDS,SWA,NDVI,6114828.064919908,1.0837822595770858
QDS,SWA,NDVI,2675346.4364433233,-0.3340647265555202
QDS,SWA,NDVI,1592816.3373211313,-0.7803127965351969
QDS,SWA,NDVI,1650795.0797775844,-0.7564123969601451
QDS,SWA,NDVI,1379097.2202049957,-0.8684135741562272
QDS,SWA,NDVI,2231358.5714770416,-0.5170884854295323
QDS,SWA,NDVI,1703459.8646784106,-0.7347025538463641
QDS,SWA,NDVI,862815.9065581434,-1.0812386401458929
QDS,SWA,NDVI,875372.3215977049,-1.076062547599541
QDS,SWA,NDVI,794460.1890989259,-1.1094167083704964
QDS,SWA,NDVI,3195550.3174369107,-0.11962267263243324
QDS,SWA,NDVI,2975278.3684580517,-0.21042470407911948
QDS,SWA,NDVI,3122326.9472397766,-0.1498073184490944
QDS,SWA,NDVI,2385280.7074876707,-0.4536376343376411
QDS,SWA,NDVI,971401.1492056648,-1.0364768778641573
QDS,SWA,NDVI,1604497.929646168,-0.7754973294793026
QDS,SWA,NDVI,2380046.223674606,-0.4557954295812228
QDS,SWA,NDVI,1681746.0765202446,-0.7436535622898119
QDS,SWA,NDVI,1304400.4911793275,-0.8992055781739712
QDS,SWA,NDVI,769061.3676757193,-1.1198867867997753
QDS,SWA,NDVI,519497.1088918767,-1.222763897476425
QDS,SWA,NDVI,967551.5262471469,-1.0380637961556496
QDS,SWA,NDVI,601224.489915818,-1.1890736693007826
QDS,SWA,NDVI,1822312.6038407707,-0.6857082528971261
QDS,SWA,NDVI,2169199.840389394,-0.5427119889263321
QDS,SWA,NDVI,3277391.8191144583,-0.08588540084898913
QDS,SWA,NDVI,3330760.760106515,-0.06388528562459352
QDS,SWA,NDVI,1899644.7470346433,-0.6538298601617732
QDS,SWA,NDVI,1768835.717743845,-0.7077528660017659
QDS,SWA,NDVI,1684177.3057370323,-0.7426513441098745
QDS,SWA,NDVI,2396753.2921810355,-0.4489083258581412
QDS,SWA,NDVI,1941715.4773556797,-0.6364871717472695
QDS,SWA,NDVI,949848.8438424091,-1.0453613187492323
QDS,SWA,NDVI,924920.8603032707,-1.0556373051184298
QDS,SWA,NDVI,483339.3420439226,-1.2376691030533955
QDS,SWA,NDVI,730585.9127615268,-1.1357474058356536
QDS,SWA,NDVI,1892828.6860535464,-0.6566396241213571
QDS,SWA,NDVI,3211539.8356686444,-0.11303136246322693
QDS,SWA,NDVI,3417380.680442774,-0.02817822094048644
QDS,SWA,NDVI,2988129.9080126416,-0.20512695325708355
QDS,SWA,NDVI,2244477.777777706,-0.5116803951638816
QDS,SWA,NDVI,2941828.104575137,-0.22421380399436958
QDS,SWA,NDVI,1956765.5047203833,-0.6302831450231293
QDS,SWA,NDVI,1678546.4415395467,-0.7449725380263145
QDS,SWA,NDVI,2425965.98886463,-0.4368660653015742
QDS,SWA,NDVI,1913130.4405713177,-0.6482706939843541
QDS,SWA,NDVI,1470549.6712377323,-0.8307144101317236
QDS,SWA,NDVI,560991.6756938872,-1.2056587191861816
QDS,SWA,NDVI,7308706.836219373,1.5759312519368425
QDS,SWA,NDVI,3177323.640068422,-0.1271362000663824
QDS,SWA,NDVI,3092940.9715345236,-0.16192100928648756
QDS,SWA,NDVI,3132411.619462621,-0.14565014487999814
QDS,SWA,NDVI,3221362.769305305,-0.1089820845905352
QDS,SWA,NDVI,2337587.32752352,-0.4732981304079745
QDS,SWA,NDVI,1631596.042120551,-0.7643267575002035
QDS,SWA,NDVI,1579574.207213877,-0.7857715593054643
QDS,SWA,NDVI,2515875.6475430536,-0.39980288184800333
QDS,SWA,NDVI,3927714.354877521,0.1821950679378641
QDS,SWA,NDVI,3140510.1659294814,-0.14231170585330713
QDS,SWA,NDVI,1441932.6156564574,-0.8425111313794749
QDS,SWA,NDVI,1358536.2704911958,-0.8768893515356945
QDS,SWA,NDVI,5014274.313395622,0.6301043545240558
QDS,SWA,NDVI,2678392.930530764,-0.3328088796208
QDS,SWA,NDVI,2721746.8984506777,-0.314937206097902
QDS,SWA,NDVI,2542738.1989833107,-0.38872941447313325
QDS,SWA,NDVI,3227418.094892238,-0.10648591625446913
QDS,SWA,NDVI,2037886.6134107187,-0.5968428386362419
QDS,SWA,NDVI,1321390.26870017,-0.8922019341790302
QDS,SWA,NDVI,2196926.3737595314,-0.5312823649244832
QDS,SWA,NDVI,3547401.851851699,0.02542000865588076
QDS,SWA,NDVI,2699592.447349392,-0.32406986767786605
QDS,SWA,NDVI,2920654.90441647,-0.23294196750110285
QDS,SWA,NDVI,2014551.4325013552,-0.6064622288516955
QDS,SWA,NDVI,2409577.398882345,-0.4436218835972625
QDS,SWA,NDVI,1416623.2102066516,-0.8529443501356714
QDS,SWA,NDVI,2301263.2128159725,-0.4882719090540442
QDS,SWA,NDVI,2545705.3221286144,-0.3875062863789976
QDS,SWA,NDVI,3420565.765380026,-0.026865243123867368
QDS,SWA,NDVI,2626552.179657729,-0.35417903370903103
QDS,SWA,NDVI,2443053.5100460895,-0.4298221287365342
QDS,SWA,NDVI,2597111.6920843013,-0.36631519580702343
QDS,SWA,NDVI,2170052.6022755927,-0.5423604575036244
QDS,SWA,NDVI,1699968.4337932451,-0.7361418157156053
QDS,SWA,NDVI,2438549.5158555284,-0.4316787964784911
QDS,SWA,NDVI,1760239.1793755356,-0.7112965907060259
QDS,SWA,NDVI,2667694.88017428,-0.3372189041808539
QDS,SWA,NDVI,2520804.2862555315,-0.3977711641942828
QDS,SWA,NDVI,2763506.279316068,-0.2977228643167011
QDS,SWA,NDVI,2420000.497498087,-0.43932520155188154
QDS,SWA,NDVI,1494163.6630072498,-0.8209800865686115
QDS,SWA,NDVI,1813567.859559642,-0.6893130720712848
QDS,SWA,NDVI,1464680.2919410765,-0.8331339263975855
QDS,SWA,NDVI,1618074.540423109,-0.7699006847661551
QDS,SWA,NDVI,2219836.0588679113,-0.5218383755409578
QDS,SWA,NDVI,5102736.09951157,0.6665706859020075
QDS,SWA,NDVI,2751222.701995408,-0.30278648580513406
QDS,SWA,NDVI,2359828.976034958,-0.46412952370646693
QDS,SWA,NDVI,4932806.911160131,0.5965212966087835
QDS,SWA,NDVI,1964835.3304285863,-0.6269565454668878
QDS,SWA,NDVI,1869116.666666693,-0.6664143573091773
QDS,SWA,NDVI,1585467.4655045958,-0.7833421994749546
QDS,SWA,NDVI,1552275.0302589918,-0.7970250154800589
QDS,SWA,NDVI,3681678.455579478,0.08077244209448538
QDS,SWA,NDVI,4388111.524651092,0.37198318431648403
QDS,SWA,NDVI,2840327.582102904,-0.2660550537590564
QDS,SWA,NDVI,1648363.1667070496,-0.7574148970430199
QDS,SWA,NDVI,1798417.4169068735,-0.695558492682331
QDS,SWA,NDVI,1987322.0312293186,-0.6176869216100785
QDS,SWA,NDVI,1666484.2802441588,-0.7499448858642316
QDS,SWA,NDVI,1487361.3219516159,-0.8237841948053078
QDS,SWA,NDVI,1113372.0894284279,-0.9779526316385962
QDS,SWA,NDVI,928742.4438911179,-1.0540619454109024
QDS,SWA,NDVI,3121480.648601579,-0.15015618554685764
QDS,SWA,NDVI,3973206.908301523,0.20094832401856805
QDS,SWA,NDVI,3241672.173807797,-0.1006100009237414
QDS,SWA,NDVI,3507703.1106271427,0.00905511804780799
QDS,SWA,NDVI,1767806.7780199584,-0.7081770226753606
QDS,SWA,NDVI,1548703.0622125645,-0.7984974769368256
QDS,SWA,NDVI,1362338.5862986504,-0.8753219345263145
QDS,SWA,NDVI,2278942.883078901,-0.49747295027641286
QDS,SWA,NDVI,1738871.1086902795,-0.720105085093588
QDS,SWA,NDVI,2997613.376502791,-0.2012176120628998
QDS,SWA,NDVI,4616992.652010346,0.4663341510209311
QDS,SWA,NDVI,2652304.390491688,-0.3435632786444073
QDS,SWA,NDVI,4486945.337360557,0.4127251444763867
QDS,SWA,NDVI,2421750.822288759,-0.4386036705198037
QDS,SWA,NDVI,2437597.7747010975,-0.43207112982204376
QDS,SWA,NDVI,3049533.495891316,-0.1798147401344137
QDS,SWA,NDVI,3827794.9043815755,0.14100557863553256
QDS,SWA,NDVI,3020916.860324313,-0.19161128824096696
QDS,SWA,NDVI,1736704.4662309492,-0.7209982334841927
QDS,SWA,NDVI,1530051.6460905431,-0.8061860931273491
QDS,SWA,NDVI,1862717.1750181057,-0.669052400167615
QDS,SWA,NDVI,1368188.6831274824,-0.8729103670131549
QDS,SWA,NDVI,1990287.3638344242,-0.6164645316248493
QDS,SWA,NDVI,1714127.5619300161,-0.7303050416538471
QDS,SWA,NDVI,2391830.7884579245,-0.4509375145039694
QDS,SWA,NDVI,4095340.5828433917,0.2512951149189132
QDS,SWA,NDVI,3996812.829332105,0.21067932060566694
QDS,SWA,NDVI,4244394.337781123,0.31273908817944635
QDS,SWA,NDVI,2057566.0236621788,-0.5887304555716292
QDS,SWA,NDVI,2408154.151537277,-0.44420858449486833
QDS,SWA,NDVI,3554032.1350762728,0.02815319001941412
QDS,SWA,NDVI,2937587.4969738857,-0.22596189668863656
QDS,SWA,NDVI,2650842.277898733,-0.34416600084421334
QDS,SWA,NDVI,2731139.4940691646,-0.3110653251495126
QDS,SWA,NDVI,2031545.9452916554,-0.5994566328511169
QDS,SWA,NDVI,1069964.9963689009,-0.9958462047752225
QDS,SWA,NDVI,1319970.1161945586,-0.8927873593004375
QDS,SWA,NDVI,2274915.842520925,-0.4991330048819927
QDS,SWA,NDVI,1640715.1163045582,-0.7605676294557135
QDS,SWA,NDVI,1143417.928526599,-0.9655669273340683
QDS,SWA,NDVI,2300262.294917905,-0.4886845143761346
QDS,SWA,NDVI,4571204.73337436,0.44745913744277405
QDS,SWA,NDVI,2378778.1699335426,-0.4563181554943766
QDS,SWA,NDVI,2643927.1650320785,-0.34701659665945994
QDS,SWA,NDVI,1808909.0292907108,-0.6912335674159955
QDS,SWA,NDVI,2420405.2045509364,-0.4391583704019786
QDS,SWA,NDVI,2537757.3105785595,-0.39078267085760393
QDS,SWA,NDVI,3634336.9765189383,0.0612570090567529
QDS,SWA,NDVI,3117902.6748970402,-0.151631122697689
QDS,SWA,NDVI,2798398.1723553096,-0.2833394860260423
QDS,SWA,NDVI,2130851.0772209847,-0.5585203822115508
QDS,SWA,NDVI,2145135.2941176426,-0.5526320431931037
QDS,SWA,NDVI,1231153.4858388416,-0.9293999670334474
QDS,SWA,NDVI,925644.9164851101,-1.0553388296543622
QDS,SWA,NDVI,676439.0917683984,-1.1580681841524059
QDS,SWA,NDVI,1613614.6848450033,-0.7717391573829734
QDS,SWA,NDVI,2702616.816920229,-0.3228231410649196
QDS,SWA,NDVI,6887989.789438584,1.4025003512295868
QDS,SWA,NDVI,2869547.5256765774,-0.2540098058391693
QDS,SWA,NDVI,2052368.1190994382,-0.5908731718627905
QDS,SWA,NDVI,1659701.4282256018,-0.7527409601948144
QDS,SWA,NDVI,1800382.2924231729,-0.6947485180612004
QDS,SWA,NDVI,3027889.9661098802,-0.1887367861822281
QDS,SWA,NDVI,3542174.4855966214,0.023265147461446724
QDS,SWA,NDVI,1946240.704429862,-0.6346217512386748
QDS,SWA,NDVI,2913176.845800052,-0.23602462472003596
QDS,SWA,NDVI,2352936.068748471,-0.46697096578335506
QDS,SWA,NDVI,2990491.8905834425,-0.20415328041011122
QDS,SWA,NDVI,1076878.927620435,-0.9929960960535611
QDS,SWA,NDVI,877623.9530379851,-1.0751343644614042
QDS,SWA,NDVI,1361152.6204308623,-0.8758108216066751
QDS,SWA,NDVI,2688602.429523923,-0.3286002490941745
QDS,SWA,NDVI,2330772.354210045,-0.4761074460016631
QDS,SWA,NDVI,2902775.6199660897,-0.2403122902155193
QDS,SWA,NDVI,2361472.452536659,-0.4634520384175722
QDS,SWA,NDVI,2168024.883286657,-0.5431963378971649
QDS,SWA,NDVI,1997464.6142407332,-0.6135058756538297
QDS,SWA,NDVI,2806851.57346893,-0.2798547663542511
QDS,SWA,NDVI,3973714.0280803717,0.20115737245310422
QDS,SWA,NDVI,4273744.855966974,0.3248381624721243
QDS,SWA,NDVI,1941423.480997281,-0.6366075405125189
QDS,SWA,NDVI,1986791.4548535189,-0.6179056394857934
QDS,SWA,NDVI,2488804.72040667,-0.41096224729841196
QDS,SWA,NDVI,1718782.352941164,-0.7283862114000114
QDS,SWA,NDVI,1473108.7630113773,-0.8296594835612606
QDS,SWA,NDVI,1297675.4901960674,-0.9019778047493104
QDS,SWA,NDVI,1704883.442265759,-0.7341157168139937
QDS,SWA,NDVI,1748408.3729451569,-0.7161735678359373
QDS,SWA,NDVI,1351609.4486532179,-0.8797447741043577
QDS,SWA,NDVI,1411000.9003460458,-0.8552620177239976
QDS,SWA,NDVI,814003.9470100993,-1.101360244854994
QDS,SWA,NDVI,1343729.1967998785,-0.8829932262105467
QDS,SWA,NDVI,1591653.807975399,-0.7807920224497913
QDS,SWA,NDVI,2709859.2960962215,-0.3198375960377878
QDS,SWA,NDVI,6033598.244976698,1.0502971394831067
QDS,SWA,NDVI,5224807.927862404,0.7168919821362852
QDS,SWA,NDVI,3035543.8271604385,-0.18558165846386365
QDS,SWA,NDVI,2001136.4076494807,-0.6119922634934414
QDS,SWA,NDVI,1593691.4064390925,-0.7799520694706048
QDS,SWA,NDVI,1291645.1101427649,-0.9044636898643869
QDS,SWA,NDVI,1935134.8583877836,-0.6391998801662563
QDS,SWA,NDVI,1628264.0643911734,-0.7657002884829963
QDS,SWA,NDVI,1110106.8869523024,-0.979298636063088
QDS,SWA,NDVI,1435312.5877511385,-0.8452400852241353
QDS,SWA,NDVI,1590624.0377632556,-0.7812165214730187
QDS,SWA,NDVI,1324668.0044337371,-0.8908507632081778
QDS,SWA,NDVI,1681468.7892371146,-0.7437678675779762
QDS,SWA,NDVI,2007254.0264399361,-0.6094704162207182
QDS,SWA,NDVI,2408953.5481779263,-0.44387905166402386
QDS,SWA,NDVI,1700652.9688891973,-0.7358596319078298
QDS,SWA,NDVI,3372205.062815807,-0.046800827547472355
QDS,SWA,NDVI,5243180.259017038,0.7244655519847645
QDS,SWA,NDVI,5907052.904865558,0.9981317411858129
QDS,SWA,NDVI,3829811.1353182257,0.1418367233444354
QDS,SWA,NDVI,2135437.8600822897,-0.5566295867492048
QDS,SWA,NDVI,1698791.3943355146,-0.7366270230892646
QDS,SWA,NDVI,1042629.7869765213,-1.007114514491258
QDS,SWA,NDVI,1003284.4831759818,-1.0233337086716252
QDS,SWA,NDVI,1536005.2650689287,-0.8037318509952797
QDS,SWA,NDVI,897784.2774146774,-1.0668237356386507
QDS,SWA,NDVI,640875.8533043145,-1.1727283091130822
QDS,SWA,NDVI,1094830.3558460241,-0.985596033731466
QDS,SWA,NDVI,1158963.7802749446,-0.9591585084415916
QDS,SWA,NDVI,2773461.0236783666,-0.29361925051194965
QDS,SWA,NDVI,3461947.930950853,-0.00980639964918204
QDS,SWA,NDVI,2769666.606011027,-0.2951834116952
QDS,SWA,NDVI,7544628.115626593,1.6731843589756006
QDS,SWA,NDVI,6295858.069597435,1.1584077044134606
QDS,SWA,NDVI,6314535.729847325,1.1661071391405025
QDS,SWA,NDVI,6223877.148390111,1.1287352295417001
QDS,SWA,NDVI,4196095.291696806,0.2928289202178691
QDS,SWA,NDVI,2776012.2730573053,-0.292567556787857
QDS,SWA,NDVI,2063240.9101912533,-0.5863911144641564
QDS,SWA,NDVI,1291927.257322686,-0.9043473811958408
QDS,SWA,NDVI,1188037.1459695483,-0.9471736838722327
QDS,SWA,NDVI,920225.7806826367,-1.0575727434224618
QDS,SWA,NDVI,694789.6514161067,-1.1505035891056012
QDS,SWA,NDVI,319040.17187121056,-1.3053976471819035
QDS,SWA,NDVI,482182.8007746136,-1.2381458605215707
QDS,SWA,NDVI,2501162.551440409,-0.4058680164290692
QDS,SWA,NDVI,4020638.068869445,0.2205007261896436
QDS,SWA,NDVI,5716296.967771027,0.9194970049926805
QDS,SWA,NDVI,3141950.5424960875,-0.14171794382912586
QDS,SWA,NDVI,2648419.348165847,-0.3451647977533003
QDS,SWA,NDVI,6313060.513379067,1.165499015170281
QDS,SWA,NDVI,8913125.606314922,2.2373158916571363
QDS,SWA,NDVI,7865608.249868764,1.8055010174440669
QDS,SWA,NDVI,8097615.807310444,1.9011407828538256
QDS,SWA,NDVI,6755786.310820542,1.348002515810748
QDS,SWA,NDVI,4499876.071169085,0.41805554130337147
QDS,SWA,NDVI,3072720.8182037426,-0.1702563012158953
QDS,SWA,NDVI,2718986.6376179713,-0.31607505997396007
QDS,SWA,NDVI,1485564.3790849878,-0.8245249430641755
QDS,SWA,NDVI,1770521.6412491116,-0.7070578829144886
QDS,SWA,NDVI,1083868.3974824985,-0.9901148482816458
QDS,SWA,NDVI,775733.2001936515,-1.117136477698191
QDS,SWA,NDVI,353039.7482449255,-1.2913821058595885
QDS,SWA,NDVI,544346.2236746483,-1.2125204229333086
QDS,SWA,NDVI,1358364.8148148018,-0.8769600301844821
QDS,SWA,NDVI,4388904.5630597025,0.3723100961127928
QDS,SWA,NDVI,3982296.07513039,0.2046951234455717
QDS,SWA,NDVI,4048962.7946129083,0.23217694120294774
QDS,SWA,NDVI,2815066.4046511343,-0.2764683916352109
QDS,SWA,NDVI,3113094.394693746,-0.15361322533149227
QDS,SWA,NDVI,7284174.773551803,1.5658184748169262
QDS,SWA,NDVI,3687997.8057887815,0.0833774484926577
QDS,SWA,NDVI,1823247.9137484194,-0.6853226929561512
QDS,SWA,NDVI,1448357.8221884877,-0.8398624881533286
QDS,SWA,NDVI,3530106.6700184583,0.018290468775844552
QDS,SWA,NDVI,3565868.2475838587,0.03303235445729487
QDS,SWA,NDVI,6561705.649574597,1.2679972387550693
QDS,SWA,NDVI,6957823.525124925,1.431287698384895
QDS,SWA,NDVI,5889570.176712753,0.9909248896603959
QDS,SWA,NDVI,6748242.435245642,1.3448927270684343
QDS,SWA,NDVI,4343148.668603093,0.3534482837640991
QDS,SWA,NDVI,3093666.630355755,-0.16162187317128787
QDS,SWA,NDVI,2668765.9041394736,-0.3367773992492523
QDS,SWA,NDVI,1356363.6407649256,-0.8777849680390275
QDS,SWA,NDVI,1245123.178407113,-0.9236412834163771
QDS,SWA,NDVI,1530927.0636649851,-0.8058252224196082
QDS,SWA,NDVI,725661.1837327828,-1.1377775118124127
QDS,SWA,NDVI,751398.9348826313,-1.1271677174191204
QDS,SWA,NDVI,903674.3645606538,-1.0643956830394339
QDS,SWA,NDVI,1960294.1418542713,-0.6288285457358366
QDS,SWA,NDVI,2753357.250060608,-0.3019065675884057
QDS,SWA,NDVI,4421277.511498477,0.38565509757932864
QDS,SWA,NDVI,5371543.83926426,0.7773804778491382
QDS,SWA,NDVI,3084542.26176078,-0.1653831837146089
QDS,SWA,NDVI,3167195.04687381,-0.1313114790432627
QDS,SWA,NDVI,7119425.305134246,1.4979043056209582
QDS,SWA,NDVI,5565208.686263328,0.8572143450703107
QDS,SWA,NDVI,3889857.0751973926,0.1665892773869714
QDS,SWA,NDVI,2160154.5810272633,-0.5464406885126896
QDS,SWA,NDVI,1150703.2442607698,-0.9625637239236482
QDS,SWA,NDVI,2064788.101537004,-0.5857533205104452
QDS,SWA,NDVI,6607381.823408005,1.2868261881152232
QDS,SWA,NDVI,1425996.0697662712,-0.8490806049224321
QDS,SWA,NDVI,1606517.552464885,-0.7746647865452353
QDS,SWA,NDVI,1884774.2447674014,-0.6599598818043735
QDS,SWA,NDVI,1281876.1591530368,-0.9084907146357325
QDS,SWA,NDVI,2174583.579792534,-0.5404926665076087
QDS,SWA,NDVI,6546821.761244397,1.2618616990167
QDS,SWA,NDVI,5074591.9064691095,0.6549688913315677
QDS,SWA,NDVI,4340508.472524718,0.3523599238142943
QDS,SWA,NDVI,6489811.958363413,1.2383607224376743
QDS,SWA,NDVI,3629280.9247154975,0.05917276829445699
QDS,SWA,NDVI,2816955.022996793,-0.2756898522741697
QDS,SWA,NDVI,2804321.108690461,-0.2808978921060976
QDS,SWA,NDVI,1796767.5018156054,-0.6962386321312994
QDS,SWA,NDVI,1217527.5478092039,-0.9350169457690218
QDS,SWA,NDVI,1560519.5352214968,-0.7936264084293736
QDS,SWA,NDVI,1486680.1137736638,-0.8240650071678574
QDS,SWA,NDVI,838710.6027595616,-1.0911754957632227
QDS,SWA,NDVI,1682587.4969741818,-0.743306706111018
QDS,SWA,NDVI,2113938.937303508,-0.5654920218948445
QDS,SWA,NDVI,1859099.5763738735,-0.6705436717860751
QDS,SWA,NDVI,3723837.375938103,0.09815148481830328
QDS,SWA,NDVI,6685722.294844359,1.319120240916267
QDS,SWA,NDVI,3066182.0624546614,-0.17295175248830066
QDS,SWA,NDVI,2642760.4668690455,-0.3474975410728527
QDS,SWA,NDVI,4544806.303228139,0.4365769933686306
QDS,SWA,NDVI,6091762.347122775,1.0742739493157707
QDS,SWA,NDVI,2213574.9232057706,-0.5244193843345025
QDS,SWA,NDVI,2967691.298383689,-0.21355229875776197
QDS,SWA,NDVI,2999703.185441345,-0.2003561365194371
QDS,SWA,NDVI,5550330.870212506,0.8510813084890868
QDS,SWA,NDVI,7127866.100268159,1.5013838287683117
QDS,SWA,NDVI,2286761.7980095455,-0.4942497829021618
QDS,SWA,NDVI,1071625.0440918505,-0.9951618883825041
QDS,SWA,NDVI,1822998.0158729975,-0.6854257075925936
QDS,SWA,NDVI,1654746.1494318424,-0.7547836596077171
QDS,SWA,NDVI,2532626.6868968485,-0.3928976521570728
QDS,SWA,NDVI,708978.8061794534,-1.1446544372594578
QDS,SWA,NDVI,1681983.5737662714,-0.7435556595268764
QDS,SWA,NDVI,1386701.0744620848,-0.8652790605853027
QDS,SWA,NDVI,1505541.3871144739,-0.8162898821782422
QDS,SWA,NDVI,1231543.5088808313,-0.9292391890284047
QDS,SWA,NDVI,2714094.418117863,-0.3180917646472163
QDS,SWA,NDVI,5890090.002609118,0.9911391758988721
QDS,SWA,NDVI,4829359.496792305,0.5538774855558962
QDS,SWA,NDVI,4679898.1239407575,0.49226548121015146
QDS,SWA,NDVI,6982216.218832986,1.4413430238651328
QDS,SWA,NDVI,3256628.5645121345,-0.09444457375355494
QDS,SWA,NDVI,2848920.5761316875,-0.26251279012703277
QDS,SWA,NDVI,2824413.8102155384,-0.27261513924452446
QDS,SWA,NDVI,1699075.8412007217,-0.7365097664284906
QDS,SWA,NDVI,1324401.9607843373,-0.8909604335676177
QDS,SWA,NDVI,1495436.2018880406,-0.8204555117600335
QDS,SWA,NDVI,1711883.8416847917,-0.731229963584256
QDS,SWA,NDVI,1565324.0498668675,-0.7916458580599897
QDS,SWA,NDVI,1661327.983539222,-0.7520704502754997
QDS,SWA,NDVI,2412963.4229001934,-0.442226073278367
QDS,SWA,NDVI,1492436.2381990494,-0.8216921776109941
QDS,SWA,NDVI,3085453.3648027186,-0.16500760249580734
QDS,SWA,NDVI,3086299.5279593314,-0.1646587912472032
QDS,SWA,NDVI,3832783.962720582,0.14306220288699947
QDS,SWA,NDVI,1988293.3067053163,-0.6172865356929257
QDS,SWA,NDVI,2822943.209876424,-0.2732213603219553
QDS,SWA,NDVI,4372614.209634299,0.3655947735723224
QDS,SWA,NDVI,1885635.7003776787,-0.6596047665943935
QDS,SWA,NDVI,2075516.7689915944,-0.581330674757734
QDS,SWA,NDVI,2902025.895111498,-0.24062134699800383
QDS,SWA,NDVI,5579482.2890314525,0.8630983086590339
QDS,SWA,NDVI,5438325.884878913,0.8049098361450407
QDS,SWA,NDVI,2615093.0962078026,-0.358902776612265
QDS,SWA,NDVI,2259330.11377387,-0.5055578621476152
QDS,SWA,NDVI,1216580.799356944,-0.9354072209862373
QDS,SWA,NDVI,1005236.4283984958,-1.0225290642659322
QDS,SWA,NDVI,1576093.0638925466,-0.787206580363748
QDS,SWA,NDVI,1933048.8968977213,-0.6400597696878013
QDS,SWA,NDVI,1643022.3341325012,-0.7596165321110974
QDS,SWA,NDVI,1175643.4173181753,-0.9522827127066381
QDS,SWA,NDVI,1005193.0313384781,-1.0225469537031788
QDS,SWA,NDVI,2027537.068221277,-0.6011091999777887
QDS,SWA,NDVI,5273646.69344598,0.7370246370153811
QDS,SWA,NDVI,5878678.607883046,0.9864350915723347
QDS,SWA,NDVI,5260697.204066735,0.7316865086368758
QDS,SWA,NDVI,6192098.862260882,1.1156353638992302
QDS,SWA,NDVI,3472104.3936092183,-0.005619632128545588
QDS,SWA,NDVI,2390087.557492074,-0.45165612127034976
QDS,SWA,NDVI,2933053.8852578932,-0.22783077357246584
QDS,SWA,NDVI,1592183.0186396353,-0.7805738675571748
QDS,SWA,NDVI,1179045.9331880233,-0.9508801040020615
QDS,SWA,NDVI,1210909.937061162,-0.9377449031963349
QDS,SWA,NDVI,2165633.5269909124,-0.5441821193848807
QDS,SWA,NDVI,3117871.689664182,-0.15164389564540856
QDS,SWA,NDVI,2716168.9905592366,-0.31723656999835925
QDS,SWA,NDVI,2858205.7855242346,-0.25868517667393687
QDS,SWA,NDVI,2320397.954490468,-0.4803840530501074
QDS,SWA,NDVI,2414414.2943599117,-0.4416279849765148
QDS,SWA,NDVI,3552008.1820382043,0.027318862052274965
QDS,SWA,NDVI,1986033.672234192,-0.6182180178959761
QDS,SWA,NDVI,1725620.0072620022,-0.7255675460840664
QDS,SWA,NDVI,3032748.547567067,-0.18673394801646548
QDS,SWA,NDVI,3652342.737835686,0.06867946894274495
QDS,SWA,NDVI,1560593.2461872483,-0.7935960227835337
QDS,SWA,NDVI,2029367.4655049874,-0.6003546609069452
QDS,SWA,NDVI,2847676.276930495,-0.2630257237789096
QDS,SWA,NDVI,3844168.1796175083,0.14775508378019858
QDS,SWA,NDVI,3455730.8641974768,-0.012369242051327403
QDS,SWA,NDVI,2598978.007746266,-0.36554585021303027
QDS,SWA,NDVI,1490415.3473734334,-0.8225252432516651
QDS,SWA,NDVI,1439605.821834969,-0.8434702984760034
QDS,SWA,NDVI,1257083.607393625,-0.9187108723768246
QDS,SWA,NDVI,2148367.4982493445,-0.5512996415751514
QDS,SWA,NDVI,2722196.4020964545,-0.314751908585584
QDS,SWA,NDVI,2796472.8207908547,-0.284133167809456
QDS,SWA,NDVI,2295531.8580025816,-0.4906345279095553
QDS,SWA,NDVI,3254356.7752106837,-0.09538106650511444
QDS,SWA,NDVI,4679059.585781336,0.49191981319080524
QDS,SWA,NDVI,5511903.830584887,0.8352406475386317
QDS,SWA,NDVI,7000129.673000438,1.4487274322574508
QDS,SWA,NDVI,5517800.472040353,0.8376714020007918
QDS,SWA,NDVI,5770904.199951537,0.9420075772042471
QDS,SWA,NDVI,3954667.0055675637,0.1933056766507498
QDS,SWA,NDVI,2253292.59259255,-0.5080466910280409
QDS,SWA,NDVI,3119237.7995642605,-0.15108074834189747
QDS,SWA,NDVI,2480890.6923264195,-0.41422462287525785
QDS,SWA,NDVI,3284970.902928861,-0.08276109832185026
QDS,SWA,NDVI,1479861.425804733,-0.8268758540425968
QDS,SWA,NDVI,2533380.694747,-0.39258682980843557
QDS,SWA,NDVI,3743268.8695231965,0.10616166995421943
QDS,SWA,NDVI,4399156.584362273,0.3765362554808995
QDS,SWA,NDVI,3368655.967078273,-0.04826386042233814
QDS,SWA,NDVI,4531365.105301415,0.4310361694803347
QDS,SWA,NDVI,4168581.19099477,0.2814868666847004
QDS,SWA,NDVI,4069998.6443961128,0.24084848518472649
QDS,SWA,NDVI,3835743.8029532298,0.14428232876833835
QDS,SWA,NDVI,3192937.012829806,-0.12069994719332999
QDS,SWA,NDVI,2329339.675623305,-0.47669803471116173
QDS,SWA,NDVI,2024097.8576615388,-0.6025269352220849
QDS,SWA,NDVI,2688113.580246851,-0.3288017659356751
QDS,SWA,NDVI,2845406.112321496,-0.26396154678847167
QDS,SWA,NDVI,3351355.591866384,-0.05539554115296182
QDS,SWA,NDVI,4035508.508835589,0.2266307221500528
QDS,SWA,NDVI,3014825.3570563677,-0.19412236999176513
QDS,SWA,NDVI,1829479.9322197745,-0.682753687053059
QDS,SWA,NDVI,1289382.728152992,-0.9053963046686421
QDS,SWA,NDVI,1687651.282982313,-0.741219277101191
QDS,SWA,NDVI,2139726.5285126097,-0.5548616820864477
QDS,SWA,NDVI,2252819.9735449916,-0.5082415173316971
QDS,SWA,NDVI,2737873.561193019,-0.3082893612667804
QDS,SWA,NDVI,2679377.3448277456,-0.3324030775276808
QDS,SWA,NDVI,3174888.3354651043,-0.1281400982304375
QDS,SWA,NDVI,3717529.765795376,0.0955513179918487
QDS,SWA,NDVI,6055227.304204493,1.0592132203788767
QDS,SWA,NDVI,5797165.3494708985,0.9528331305056893
QDS,SWA,NDVI,5404876.915578943,0.7911212698917561
QDS,SWA,NDVI,4705283.14370994,0.502729870225828
QDS,SWA,NDVI,5025500.314693771,0.6347320146851456
QDS,SWA,NDVI,4428464.70588236,0.38861785272579275
QDS,SWA,NDVI,4074102.7354151257,0.24254030206606822
QDS,SWA,NDVI,3183012.5635438804,-0.12479107255145797
QDS,SWA,NDVI,2970662.333575405,-0.21232755801270545
QDS,SWA,NDVI,4004226.930525185,0.21373561285170137
QDS,SWA,NDVI,3016661.353183223,-0.1933655229269457
QDS,SWA,NDVI,1936422.028564504,-0.6386692739433322
QDS,SWA,NDVI,2529248.838053671,-0.3942900924487314
QDS,SWA,NDVI,4828222.500605104,0.5534087850971058
QDS,SWA,NDVI,3477233.6359235877,-0.003505220265908705
QDS,SWA,NDVI,8756452.989590792,2.172731218317798
QDS,SWA,NDVI,3670100.326797391,0.0759996254982798
QDS,SWA,NDVI,4249904.572641842,0.31501055543354356
QDS,SWA,NDVI,5082747.001835711,0.6583306413381469
QDS,SWA,NDVI,5738055.132433609,0.9284663066267417
QDS,SWA,NDVI,3591838.595376287,0.043738031452761034
QDS,SWA,NDVI,3330519.5045300326,-0.0639847376725915
QDS,SWA,NDVI,3016543.242729201,-0.19341421123796307
QDS,SWA,NDVI,3498388.656975197,0.005215449323154185
QDS,SWA,NDVI,4524036.760167045,0.42801522819194987
QDS,SWA,NDVI,4516710.042385949,0.4249949577424252
QDS,SWA,NDVI,4687190.631010275,0.4952716490827347
QDS,SWA,NDVI,4151161.0244351053,0.2743058047333714
QDS,SWA,NDVI,3933478.0875724372,0.18457103382839304
QDS,SWA,NDVI,3821697.8464225475,0.13849220709142793
QDS,SWA,NDVI,3954414.5486906725,0.19320160712496282
QDS,SWA,NDVI,3877864.774624605,0.16164572802094265
QDS,SWA,NDVI,4542321.7558840765,0.435552796020252
QDS,SWA,NDVI,2510684.5595401474,-0.40194278816956425
QDS,SWA,NDVI,3415695.1413075402,-0.02887304558008149
QDS,SWA,NDVI,3562815.9909030185,0.03177413202633247
QDS,SWA,NDVI,4065437.3889727867,0.23896821282001893
QDS,SWA,NDVI,4696756.91801542,0.49921513029991216
QDS,SWA,NDVI,4694988.061992381,0.4984859601946251
QDS,SWA,NDVI,3692842.8489688956,0.08537470581589271
QDS,SWA,NDVI,3618619.71677563,0.05477793117105907
QDS,SWA,NDVI,5833120.055676819,0.9676546290156048
QDS,SWA,NDVI,6398023.735172971,1.200523144084137
QDS,SWA,NDVI,4284937.775356994,0.329452185379464
QDS,SWA,NDVI,3213765.383684335,-0.1121139316153879
QDS,SWA,NDVI,3270968.8211087543,-0.0885331336610864
QDS,SWA,NDVI,3099037.5816993574,-0.1594078223352133
QDS,SWA,NDVI,2367047.918179541,-0.4611536812777646
QDS,SWA,NDVI,1329471.3507625635,-0.8888706944503476
QDS,SWA,NDVI,2221530.4889857057,-0.5211398857988303
QDS,SWA,NDVI,2582952.4086177596,-0.3721520338998977
QDS,SWA,NDVI,3467666.6545628947,-0.007448987715148834
QDS,SWA,NDVI,2783953.2195593044,-0.28929408471239004
QDS,SWA,NDVI,3895657.055250066,0.1689801854148635
QDS,SWA,NDVI,5349754.486763943,0.7683983197481692
QDS,SWA,NDVI,5271397.151140658,0.7360973150749553
QDS,SWA,NDVI,4572198.950228229,0.4478689804139211
QDS,SWA,NDVI,2822422.1904501156,-0.2734361385656278
QDS,SWA,NDVI,2843198.674006555,-0.26487151232979034
QDS,SWA,NDVI,2993924.5487083853,-0.20273824625595893
QDS,SWA,NDVI,4114915.652881632,0.2593644861367344
QDS,SWA,NDVI,3788922.4060457856,0.12498128760501002
QDS,SWA,NDVI,6041597.663363748,1.053594715244811
QDS,SWA,NDVI,3734490.2493476733,0.1025428862237823
QDS,SWA,NDVI,5197019.08858493,0.7054366739609247
QDS,SWA,NDVI,4653216.463931233,0.4812665821562043
QDS,SWA,NDVI,4415234.024535793,0.3831638094431077
QDS,SWA,NDVI,4976480.137748606,0.6145245771556204
QDS,SWA,NDVI,4833077.566662968,0.5554101741205637
QDS,SWA,NDVI,3645348.8647630736,0.06579640604881991
QDS,SWA,NDVI,4381582.60365308,0.3692917871934155
QDS,SWA,NDVI,3217499.661783817,-0.11057456158215494
QDS,SWA,NDVI,1855611.9048280492,-0.6719813839543641
QDS,SWA,NDVI,1757281.5010334402,-0.7125158253978381
QDS,SWA,NDVI,2853596.0380860027,-0.2605854387535528
QDS,SWA,NDVI,2732427.4348422056,-0.31053440126602544
QDS,SWA,NDVI,3773145.836359272,0.11847776056293005
QDS,SWA,NDVI,5365007.371096723,0.7746859695794723
QDS,SWA,NDVI,6474436.516581978,1.232022551124365
QDS,SWA,NDVI,5701228.455579663,0.9132853583250133
QDS,SWA,NDVI,3075868.8090050467,-0.16895861460142161
QDS,SWA,NDVI,2984668.470104115,-0.20655385121335007
QDS,SWA,NDVI,3825388.731542133,0.14001368936935002
QDS,SWA,NDVI,4620698.111837218,0.4678616413858361
QDS,SWA,NDVI,4251396.84095867,0.3156257086351184
QDS,SWA,NDVI,3775898.8743645763,0.11961263699495171
QDS,SWA,NDVI,3294462.6482691932,-0.07884834518704452
QDS,SWA,NDVI,2973764.9479544708,-0.21104857678190928
QDS,SWA,NDVI,4301763.186090294,0.33638807295657525
QDS,SWA,NDVI,4296399.1850989135,0.33417688724292743
QDS,SWA,NDVI,3683498.1601472246,0.08152257333974927
QDS,SWA,NDVI,5033871.086969678,0.6381826725240287
QDS,SWA,NDVI,1446265.0222046208,-0.8407251966862475
QDS,SWA,NDVI,2981329.557938475,-0.20793024075758232
QDS,SWA,NDVI,4180058.551198291,0.28621814375813803
QDS,SWA,NDVI,4104344.839324861,0.25500691201325343
QDS,SWA,NDVI,4874805.353828945,0.5726114921277391
QDS,SWA,NDVI,3581000.95820229,0.03927046544609024
QDS,SWA,NDVI,5796494.11764709,0.9525564306650786
QDS,SWA,NDVI,7983239.954006303,1.8539919748616602
QDS,SWA,NDVI,7242311.78891302,1.54856142476927
QDS,SWA,NDVI,6761630.137981113,1.350411498797747
QDS,SWA,NDVI,6180240.559186649,1.1107470519119684
QDS,SWA,NDVI,5637700.8956668805,0.8870975867105473
QDS,SWA,NDVI,5520707.988380545,0.838869958564066
QDS,SWA,NDVI,5609799.501001243,0.8755958801719683
QDS,SWA,NDVI,6056631.496021497,1.0597920660744629
QDS,SWA,NDVI,5507197.007098291,0.8333003680966727
QDS,SWA,NDVI,4409728.693796364,0.3808943637999221
QDS,SWA,NDVI,4247302.591374703,0.3139379486584287
QDS,SWA,NDVI,2430312.294708626,-0.43507440094416067
QDS,SWA,NDVI,14095081.12745087,4.373457558205318
QDS,SWA,NDVI,4281290.62337928,0.32794873108078243
QDS,SWA,NDVI,4514957.801206942,0.4242726367234485
QDS,SWA,NDVI,5290593.656124979,0.7440106315790922
QDS,SWA,NDVI,4889027.909908845,0.5784744128963899
QDS,SWA,NDVI,6488943.239631202,1.2380026131731665
QDS,SWA,NDVI,7518876.2582707815,1.662568749624192
QDS,SWA,NDVI,7569642.029270496,1.6834957680489202
QDS,SWA,NDVI,5943182.740256543,1.0130254326637536
QDS,SWA,NDVI,4996728.549560738,0.6228715179923183
QDS,SWA,NDVI,4921266.830518083,0.5917641644809104
QDS,SWA,NDVI,6517116.850645766,1.2496165346242207
QDS,SWA,NDVI,7345437.3705537245,1.5910725677019355
QDS,SWA,NDVI,5573942.553687932,0.8608146805111896
QDS,SWA,NDVI,2875825.049464245,-0.25142204141878993
QDS,SWA,NDVI,2531030.0421788413,-0.39355583212309103
QDS,SWA,NDVI,3890409.311708199,0.16681692415385524
QDS,SWA,NDVI,1875911.1559953424,-0.6636134857658679
QDS,SWA,NDVI,4241815.288872809,0.3116759347404321
QDS,SWA,NDVI,4289033.919421509,0.3311407263120725
QDS,SWA,NDVI,4025421.326122851,0.22247251368939036
QDS,SWA,NDVI,4131550.953845796,0.26622200534549256
QDS,SWA,NDVI,6915094.915749821,1.4136738145011882
QDS,SWA,NDVI,7804558.561348088,1.7803346911707345
QDS,SWA,NDVI,4248212.62812531,0.31431309032321786
QDS,SWA,NDVI,1831065.217259859,-0.6821001898523077
QDS,SWA,NDVI,2545893.2136591473,-0.38742883242835563
QDS,SWA,NDVI,1324615.712751041,-0.8908723192485116
QDS,SWA,NDVI,2289888.5697642737,-0.4929608433503232
QDS,SWA,NDVI,2153188.4239806607,-0.5493123261140297
QDS,SWA,NDVI,531248.3431284458,-1.2179197221484592
HDS,Cape,NDVI,963645.4363239452,-1.178905938561536
HDS,Cape,NDVI,1820081.2892225839,-0.8772273012636245
HDS,Cape,NDVI,2233528.44457065,-0.7315909713529192
HDS,Cape,NDVI,1366545.4422807896,-1.036984831040169
HDS,Cape,NDVI,2244462.281562903,-0.7277395386588108
HDS,Cape,NDVI,2283741.469167401,-0.7139034857301667
HDS,Cape,NDVI,1167178.3418917595,-1.1072116845328577
HDS,Cape,NDVI,753554.1461223516,-1.2529103767476122
HDS,Cape,NDVI,549474.2495763624,-1.3247973077787205
HDS,Cape,NDVI,2078945.0807951908,-0.7860428002609123
HDS,Cape,NDVI,2986537.285166017,-0.46634439143074935
HDS,Cape,NDVI,3306503.2865351005,-0.35363670065859404
HDS,Cape,NDVI,2201049.7933674715,-0.7430315424162242
HDS,Cape,NDVI,1364070.8247093244,-1.0378565125026704
HDS,Cape,NDVI,1645257.1031654254,-0.9388089387417115
HDS,Cape,NDVI,2852168.403125807,-0.5136756901987048
HDS,Cape,NDVI,2997890.056071599,-0.4623453897019453
HDS,Cape,NDVI,3673626.008761892,-0.22431810407295338
HDS,Cape,NDVI,4185241.9786079666,-0.04410191148756423
HDS,Cape,NDVI,2961306.79133677,-0.4752318066072615
HDS,Cape,NDVI,865975.630761319,-1.2133100258583955
HDS,Cape,NDVI,2281799.512486985,-0.7145875379485047
HDS,Cape,NDVI,3491342.4084659554,-0.2885273124484739
HDS,Cape,NDVI,3996539.114759906,-0.11057229876434921
HDS,Cape,NDVI,3828518.2675314955,-0.16975746722495377
HDS,Cape,NDVI,1940962.2528485493,-0.8346471077108732
HDS,Cape,NDVI,1149217.7817666517,-1.1135382731329393
HDS,Cape,NDVI,2364053.4953224575,-0.6856136581533674
HDS,Cape,NDVI,5296240.889522616,0.3472462978964988
HDS,Cape,NDVI,5726002.306886229,0.498629309612635
HDS,Cape,NDVI,3511413.463595617,-0.28145730418089127
HDS,Cape,NDVI,2581240.661000671,-0.6091097052202413
HDS,Cape,NDVI,3339521.2090368266,-0.34200617184196863
HDS,Cape,NDVI,2571897.893538304,-0.6124006853293746
HDS,Cape,NDVI,5019382.4225369245,0.24972319121904257
HDS,Cape,NDVI,4429792.717916871,0.04204083176076022
HDS,Cape,NDVI,2129336.935481883,-0.7682923219252104
HDS,Cape,NDVI,1529122.7905533195,-0.9797171294179562
HDS,Cape,NDVI,1227896.3840474698,-1.0858238174148054
HDS,Cape,NDVI,1194384.4572666986,-1.0976283587242723
HDS,Cape,NDVI,3265208.60182266,-0.3681827103445879
HDS,Cape,NDVI,3267110.118515635,-0.3675129030697121
HDS,Cape,NDVI,6475183.641975331,0.7625276547061577
HDS,Cape,NDVI,10870021.708345179,2.3106047868347663
HDS,Cape,NDVI,2579627.531396931,-0.609677928443258
HDS,Cape,NDVI,1835345.5504583681,-0.8718504811394026
HDS,Cape,NDVI,1986923.0401441066,-0.8184574682492196
HDS,Cape,NDVI,3558365.343442105,-0.2649185534002882
HDS,Cape,NDVI,2900187.327113468,-0.4967610742305851
HDS,Cape,NDVI,3332510.608851186,-0.3444756484565761
HDS,Cape,NDVI,4319797.36778753,0.0032950842260014513
HDS,Cape,NDVI,8051251.273904621,1.31769583674868
HDS,Cape,NDVI,8955600.384289509,1.6362518690996293
HDS,Cape,NDVI,3290189.2126603434,-0.35938331619162767
HDS,Cape,NDVI,2362155.315211089,-0.686282290120847
HDS,Cape,NDVI,6296438.942075156,0.6995650203096607
HDS,Cape,NDVI,9077216.737644738,1.6790911029186844
HDS,Cape,NDVI,8382666.110400512,1.4344363677715255
HDS,Cape,NDVI,8087207.056944522,1.3303612238804126
HDS,Cape,NDVI,4623770.6155042425,0.1103693441788383
HDS,Cape,NDVI,2732492.6088104076,-0.5558313641168632
HDS,Cape,NDVI,4512208.398107447,0.07107166928084223
HDS,Cape,NDVI,4208561.97010783,-0.03588746876699501
HDS,Cape,NDVI,6653942.58885471,0.8254953075862422
HDS,Cape,NDVI,9131591.122004366,1.6982444231843026
HDS,Cape,NDVI,6991754.738562099,0.9444892855257255
HDS,Cape,NDVI,7264739.708618678,1.0406479569437317
HDS,Cape,NDVI,7786665.12110049,1.224495639961386
HDS,Cape,NDVI,9488080.35390177,1.8238173838750507
HDS,Cape,NDVI,11850054.483876895,2.655820311417306
HDS,Cape,NDVI,14075052.003736546,3.4395733706927616
HDS,Cape,NDVI,14211812.345487652,3.487747058653433
HDS,Cape,NDVI,11787071.57485096,2.6336346473028316
HDS,Cape,NDVI,10840808.393564327,2.30031442712573
HDS,Cape,NDVI,12217586.634758303,2.785283128820159
HDS,Cape,NDVI,5911375.943657283,0.5639269801185757
HDS,Cape,NDVI,3734209.5408590697,-0.20297761798294156
HDS,Cape,NDVI,3751115.497854938,-0.1970225122368791
HDS,Cape,NDVI,5765940.0163931735,0.5126973261956363
HDS,Cape,NDVI,7073413.227075216,0.9732534030659566
HDS,Cape,NDVI,3572363.937701447,-0.25998756315046223
HDS,Cape,NDVI,4609250.709903869,0.10525472255202341
HDS,Cape,NDVI,6394180.930376475,0.7339945339010542
HDS,Cape,NDVI,7408676.364110524,1.0913494939462212
HDS,Cape,NDVI,7444490.927409569,1.1039651365713021
HDS,Cape,NDVI,7810717.509212961,1.2329680686260343
HDS,Cape,NDVI,7210567.754698374,1.021565942589556
HDS,Cape,NDVI,8295255.031623207,1.403645906301437
HDS,Cape,NDVI,13664159.155141754,3.294836792675862
HDS,Cape,NDVI,17548462.28291957,4.6630785243525406
HDS,Cape,NDVI,14617721.689611949,3.6307282024103835
HDS,Cape,NDVI,9974117.392682517,1.995023424630378
HDS,Cape,NDVI,7947960.8056077305,1.2813118768569904
HDS,Cape,NDVI,9957892.504203776,1.989308224560214
HDS,Cape,NDVI,4484696.987689752,0.06138080361137807
HDS,Cape,NDVI,6651012.780951003,0.8244632858032406
HDS,Cape,NDVI,2762334.179918278,-0.5453197017708958
HDS,Cape,NDVI,2542455.980570545,-0.6227715685116887
HDS,Cape,NDVI,2969501.9750902927,-0.47234506166448376
HDS,Cape,NDVI,3458135.920222773,-0.3002242633511564
HDS,Cape,NDVI,3643457.0535365725,-0.23494508713335696
HDS,Cape,NDVI,3706014.8267435175,-0.21290917666838888
HDS,Cape,NDVI,5151021.4320699135,0.2960928952391976
HDS,Cape,NDVI,4895121.558382481,0.20595243122493714
HDS,Cape,NDVI,2944099.677274649,-0.48129299461628894
HDS,Cape,NDVI,2426950.8249665834,-0.6634581392870137
HDS,SWA,NDVI,4567373.856272259,0.09050364447051833
HDS,SWA,NDVI,2682328.239518399,-0.5735017109591893
HDS,SWA,NDVI,3236333.8537335726,-0.37835381028903087
HDS,SWA,NDVI,2904439.819568514,-0.4952631381918078
HDS,SWA,NDVI,2516352.04940311,-0.6319666510809868
HDS,SWA,NDVI,1603262.3172669732,-0.9536015583413979
HDS,SWA,NDVI,2932584.605367692,-0.4853491667038082
HDS,SWA,NDVI,2807703.699425381,-0.5293383357719834
HDS,SWA,NDVI,3502012.6112286695,-0.284768744637174
HDS,SWA,NDVI,2900034.7092066547,-0.49681483372932506
HDS,SWA,NDVI,3010262.9442504123,-0.45798705272598783
HDS,SWA,NDVI,3264762.396481964,-0.3683398857111733
HDS,SWA,NDVI,3329902.2896988234,-0.3453944261617125
HDS,SWA,NDVI,2680823.8337373086,-0.574031636328902
HDS,SWA,NDVI,1498868.9632119068,-0.9903740085928682
HDS,SWA,NDVI,1129864.123530256,-1.1203555790919606
HDS,SWA,NDVI,3263044.1423219196,-0.3689451389496724
HDS,SWA,NDVI,3646017.8163082385,-0.23404306111379602
HDS,SWA,NDVI,4038498.2492275517,-0.09579223734403726
HDS,SWA,NDVI,2687658.218317153,-0.5716242314779267
HDS,SWA,NDVI,1903805.129819812,-0.847735665602607
HDS,SWA,NDVI,1528201.518988228,-0.9800416463673546
HDS,SWA,NDVI,883206.2659152579,-1.2072405525692698
HDS,SWA,NDVI,4680683.913589841,0.13041699416042446
HDS,SWA,NDVI,4850787.405745839,0.19033577212792144
HDS,SWA,NDVI,3568393.5115111824,-0.26138614164121193
HDS,SWA,NDVI,1765000.294899344,-0.8966295241530668
HDS,SWA,NDVI,1670795.8880321975,-0.9298129283682828
HDS,SWA,NDVI,1761981.3218681058,-0.8976929542593854
HDS,SWA,NDVI,1906778.0159139938,-0.8466884695718719
HDS,SWA,NDVI,5039741.385669149,0.256894614780703
HDS,SWA,NDVI,4428706.602638856,0.04165824878515114
HDS,SWA,NDVI,4090787.002515095,-0.07737357845160107
HDS,SWA,NDVI,2176760.814572742,-0.7515873099023139
HDS,SWA,NDVI,1970374.9655608672,-0.8242865102881294
HDS,SWA,NDVI,1934886.3902631039,-0.8367873239792404
HDS,SWA,NDVI,1897174.0900942609,-0.8500714424404193
HDS,SWA,NDVI,2465998.464667832,-0.6497036488661571
HDS,SWA,NDVI,1793873.6348963373,-0.8864589202075976
HDS,SWA,NDVI,1444746.4439834515,-1.0094386096283212
HDS,SWA,NDVI,3831116.6440334655,-0.16884219180806392
HDS,SWA,NDVI,4501699.874860318,0.06737005291053562
HDS,SWA,NDVI,2981722.33720643,-0.4680404518352645
HDS,SWA,NDVI,1962471.3870732991,-0.8270705375796503
HDS,SWA,NDVI,3147537.8888434693,-0.40963209645014276
HDS,SWA,NDVI,2739974.5808315016,-0.5531958472641003
HDS,SWA,NDVI,2211603.184053019,-0.7393141215374589
HDS,SWA,NDVI,2543783.0451384457,-0.6223041113996404
HDS,SWA,NDVI,1539284.271828164,-0.9761377582209796
HDS,SWA,NDVI,4302052.541658468,-0.0029555122986367997
HDS,SWA,NDVI,4548757.618273032,0.08394609402209607
HDS,SWA,NDVI,3947546.804647805,-0.1278297889811262
HDS,SWA,NDVI,3081268.240135545,-0.43297551119481253
HDS,SWA,NDVI,2237160.3270195452,-0.73031164454251
HDS,SWA,NDVI,1384975.8475943187,-1.0304927399617592
HDS,SWA,NDVI,1977823.8252943824,-0.8216626572041833
HDS,SWA,NDVI,3969008.507881875,-0.12026992636697584
HDS,SWA,NDVI,2627011.628491553,-0.5929869295871075
HDS,SWA,NDVI,4051294.1905546617,-0.09128488033715652
HDS,SWA,NDVI,5205122.250407298,0.31514985215837005
HDS,SWA,NDVI,4574216.445775807,0.09291393949732368
HDS,SWA,NDVI,2846436.3971679765,-0.5156947833280843
HDS,SWA,NDVI,1849822.7488086086,-0.866750903096972
HDS,SWA,NDVI,1668931.767775543,-0.930469562787409
HDS,SWA,NDVI,1663140.6377512794,-0.9325094823076181
HDS,SWA,NDVI,2758019.827039504,-0.5468394280795105
HDS,SWA,NDVI,3639690.103537053,-0.23627199134781532
HDS,SWA,NDVI,2709946.0908176955,-0.5637733516000276
HDS,SWA,NDVI,4946016.329994728,0.2238800615239318
HDS,SWA,NDVI,5957102.992616732,0.5800342854947486
HDS,SWA,NDVI,3591721.3023480577,-0.2531689516123025
HDS,SWA,NDVI,2096699.7518760478,-0.7797887358622567
HDS,SWA,NDVI,1643120.1573112784,-0.939561675693436
HDS,SWA,NDVI,1387154.7714933243,-1.029725216287449
HDS,SWA,NDVI,2695374.6591983936,-0.5689061232133512
HDS,SWA,NDVI,3437847.0300646457,-0.3073710037806644
HDS,SWA,NDVI,4488667.039410261,0.06277925019554649
HDS,SWA,NDVI,6903318.878682392,0.9133378459795152
HDS,SWA,NDVI,7314686.2956910115,1.0582415902259739
HDS,SWA,NDVI,4308937.015855678,-5.304634321071821e-4
HDS,SWA,NDVI,2182851.2829823564,-0.7494419487475938
HDS,SWA,NDVI,1441201.2981118402,-1.010687383569709
HDS,SWA,NDVI,1495542.8400958437,-0.9915456319967029
HDS,SWA,NDVI,3126293.0634785667,-0.41711556406073386
HDS,SWA,NDVI,4471260.034090161,0.05664765069906114
HDS,SWA,NDVI,3054452.9309473448,-0.4424211759311017
HDS,SWA,NDVI,8984590.10035293,1.6464634663933044
HDS,SWA,NDVI,10371150.053958168,2.134877766098002
HDS,SWA,NDVI,7450830.770394433,1.1061983396604576
HDS,SWA,NDVI,5108872.222222183,0.2812458799641937
HDS,SWA,NDVI,2834679.0668119397,-0.5198362907020059
HDS,SWA,NDVI,1514658.1850641812,-0.9848122716381774
HDS,SWA,NDVI,1140605.240861807,-1.1165720316976377
HDS,SWA,NDVI,2639966.233428759,-0.5884236834888015
HDS,SWA,NDVI,5363370.366976485,0.3708925864215086
HDS,SWA,NDVI,1383053.6448765039,-1.0311698338673425
HDS,SWA,NDVI,2141982.956849931,-0.7638377740677839
HDS,SWA,NDVI,2497168.635005898,-0.6387239888249463
HDS,SWA,NDVI,1634955.0349175122,-0.9424378315535452
HDS,SWA,NDVI,5777017.825651869,0.5165994729706676
HDS,SWA,NDVI,1225213.810223785,-1.0867687512505868
HDS,SWA,NDVI,1852705.3310416043,-0.865735516507298
HDS,SWA,NDVI,3059084.6508272947,-0.44078965742682635
HDS,SWA,NDVI,8130429.468932912,1.3455862734918393
HDS,SWA,NDVI,9574787.451426541,1.8543598686820546
HDS,SWA,NDVI,8078430.737109525,1.327269774358126
HDS,SWA,NDVI,5375192.852820104,0.3750570447480787
HDS,SWA,NDVI,2860231.7447349364,-0.5108353865139903
HDS,SWA,NDVI,1540792.1931735936,-0.9756065944973895
HDS,SWA,NDVI,1229821.4627209546,-1.0851457104568323
HDS,SWA,NDVI,2186269.731905162,-0.7482378036744817
HDS,SWA,NDVI,1867216.959430724,-0.8606238105195274
HDS,SWA,NDVI,1679903.532561259,-0.9266047700675509
HDS,SWA,NDVI,1979172.7114180382,-0.821187513471845
HDS,SWA,NDVI,3165766.3812422385,-0.4032111289856865
HDS,SWA,NDVI,6592755.107729324,0.803942081079992
HDS,SWA,NDVI,2967343.6198263294,-0.47310534005852045
HDS,SWA,NDVI,1898333.9601294638,-0.8496628794283987
HDS,SWA,NDVI,2071271.6584899542,-0.7887457552768896
HDS,SWA,NDVI,1931312.668618394,-0.8380461637069435
HDS,SWA,NDVI,661836.6287397891,-1.2852177767317108
HDS,SWA,NDVI,2011023.1478476585,-0.809968230408308
HDS,SWA,NDVI,1811123.859864582,-0.8803825464267834
HDS,SWA,NDVI,6273972.276577792,0.691651160784825
HDS,SWA,NDVI,7647534.802322797,1.1754871300611751
HDS,SWA,NDVI,7423905.358871831,1.0967138914915349
HDS,SWA,NDVI,4810918.942144745,0.176292147343144
HDS,SWA,NDVI,4034754.0153715843,-0.09711113982058577
HDS,SWA,NDVI,2608587.666424536,-0.5994767510386434
HDS,SWA,NDVI,2845254.4480756256,-0.5161111236649922
HDS,SWA,NDVI,3451442.7659248766,-0.30258191998239164
HDS,SWA,NDVI,3916749.9830365367,-0.1386779373221251
HDS,SWA,NDVI,3657794.2898393804,-0.22989481057637923
HDS,SWA,NDVI,3188668.79816272,-0.3951437764758456
HDS,SWA,NDVI,3798354.194512127,-0.1803827305333954
HDS,SWA,NDVI,6375692.343157007,0.7274819483068676
HDS,SWA,NDVI,4832279.837363963,0.18381650043904343
HDS,SWA,NDVI,2135378.2335298774,-0.7661642809791652
HDS,SWA,NDVI,3039017.7221922437,-0.4478582121409797
HDS,SWA,NDVI,3750847.97449091,-0.1971167470632612
HDS,SWA,NDVI,2663135.9859766797,-0.5802621622825964
HDS,SWA,NDVI,4953757.135920478,0.22660675235006222
HDS,SWA,NDVI,3898041.1872106623,-0.14526809116859496
HDS,SWA,NDVI,5847246.265980074,0.5413373679409264
HDS,SWA,NDVI,8255990.598523345,1.3898150506316858
HDS,SWA,NDVI,5912382.579883792,0.5642815666810606
HDS,SWA,NDVI,4579826.833696482,0.09489019279976707
HDS,SWA,NDVI,4348162.49394812,0.013286670376847571
HDS,SWA,NDVI,5179638.286018558,0.30617315224123853
HDS,SWA,NDVI,5921185.363755735,0.5673823381328016
HDS,SWA,NDVI,5483557.053802793,0.41322822169459505
HDS,SWA,NDVI,5262514.548775019,0.33536622949050676
HDS,SWA,NDVI,3259231.706981314,-0.3702880653281602
HDS,SWA,NDVI,3935560.233526626,-0.13205204617583963
HDS,SWA,NDVI,4275340.529364047,-0.012364790811664805
HDS,SWA,NDVI,4264211.850996546,-0.01628485617729768
HDS,SWA,NDVI,3240061.409748163,-0.3770407825647392
HDS,SWA,NDVI,2078370.7853713892,-0.7862450952258796
HDS,SWA,NDVI,3937978.121243304,-0.13120034774560926
HDS,SWA,NDVI,3364314.266812304,-0.3332728430598542
HDS,SWA,NDVI,5476652.217865156,0.4107960004262049
HDS,SWA,NDVI,6334742.339640592,0.7130573522132255
HDS,SWA,NDVI,7315966.963076846,1.058692703978957
HDS,SWA,NDVI,8886651.425915968,1.6119646703154582
HDS,SWA,NDVI,9638864.579466902,1.876930970304849
HDS,SWA,NDVI,8112375.157218031,1.3392266609918921
HDS,SWA,NDVI,7145299.662590012,0.9985753251140687
HDS,SWA,NDVI,5966034.556291466,0.5831804194979127
HDS,SWA,NDVI,5568009.76065377,0.44297659973445974
HDS,SWA,NDVI,6748503.898222057,0.8588044303354785
HDS,SWA,NDVI,13335810.805310737,3.179176428387303
HDS,SWA,NDVI,5399889.891905949,0.38375655104676343
HDS,SWA,NDVI,6286949.388924932,0.6962223350948413
HDS,SWA,NDVI,7665023.172202585,1.1816473901390783
HDS,SWA,NDVI,7837321.029931959,1.2423391310946015
HDS,SWA,NDVI,7340364.878901533,1.0672868444204033
HDS,SWA,NDVI,7038514.232613233,0.9609602686102643
3QDS,Cape,NDVI,1562959.6689360682,-1.284664985733455
3QDS,Cape,NDVI,2749960.5872201035,-0.8672847195995701
3QDS,Cape,NDVI,1728485.9179366946,-1.2264616694631523
3QDS,Cape,NDVI,845693.7837892255,-1.5368742481021207
3QDS,Cape,NDVI,3066958.2802060535,-0.755820120521102
3QDS,Cape,NDVI,3314086.1930728,-0.6689235457564038
3QDS,Cape,NDVI,4148004.5579313766,-0.37569625022762326
3QDS,Cape,NDVI,2049719.5276634379,-1.113507612348587
3QDS,Cape,NDVI,3003843.1604777155,-0.7780130312960727
3QDS,Cape,NDVI,3804460.775212979,-0.49649514199843414
3QDS,Cape,NDVI,3616317.049069702,-0.5626513490236346
3QDS,Cape,NDVI,1472582.2188283824,-1.3164440379628157
3QDS,Cape,NDVI,2703761.239693583,-0.8835296067507161
3QDS,Cape,NDVI,5040347.317130938,-0.06192542445962155
3QDS,Cape,NDVI,4189474.721619225,-0.3611142665997823
3QDS,Cape,NDVI,3178004.7455859273,-0.7167733071955641
3QDS,Cape,NDVI,4729230.2003616,-0.17132226063369488
3QDS,Cape,NDVI,6317306.193480279,0.3870863896367002
3QDS,Cape,NDVI,7748208.158385302,0.8902285807875978
3QDS,Cape,NDVI,2567482.896904993,-0.9314486016775388
3QDS,Cape,NDVI,3450973.1007464705,-0.6207905636541864
3QDS,Cape,NDVI,2471693.217552078,-0.9651307338859928
3QDS,Cape,NDVI,3770026.6848936044,-0.5086030599959666
3QDS,Cape,NDVI,4620196.357931031,-0.20966138360342235
3QDS,Cape,NDVI,7913314.457486171,0.9482842317964639
3QDS,Cape,NDVI,9010234.876445109,1.3339898612871564
3QDS,Cape,NDVI,5978199.171595354,0.2678475778868248
3QDS,Cape,NDVI,7737876.848655063,0.8865958247060334
3QDS,Cape,NDVI,9638408.924417965,1.5548721262312615
3QDS,Cape,NDVI,14249209.825535774,3.1761491425801296
3QDS,Cape,NDVI,12239311.904439004,2.469416977265515
3QDS,Cape,NDVI,13675312.23802825,2.9743518868932837
3QDS,Cape,NDVI,8585540.71184468,1.1846563934557368
3QDS,Cape,NDVI,3843053.7754785097,-0.4829248435482708
3QDS,Cape,NDVI,3601735.5119825723,-0.5677785951245605
3QDS,Cape,NDVI,4749704.653313269,-0.16412291268856688
3QDS,Cape,NDVI,6779099.292072932,0.5494648035203461
3QDS,Cape,NDVI,8384807.60348208,1.1140734335778435
3QDS,Cape,NDVI,9434219.072183024,1.483073685678358
3QDS,Cape,NDVI,9759032.946138518,1.597286656424419
3QDS,Cape,NDVI,11309911.030176193,2.142615558437923
3QDS,Cape,NDVI,11040148.164187873,2.0477599479115107
3QDS,Cape,NDVI,11323668.32073848,2.14745297811277
3QDS,Cape,NDVI,8825243.525255522,1.2689421109420291
3QDS,Cape,NDVI,7168302.40144415,0.6863186971165961
3QDS,Cape,NDVI,3454685.595704749,-0.6194851542734193
3QDS,Cape,NDVI,7826179.899691194,0.9176454644950023
3QDS,Cape,NDVI,2470651.1760926954,-0.9654971426519341
3QDS,Cape,NDVI,4719095.558306597,-0.17488586326696312
3QDS,Cape,NDVI,5547674.036246775,0.11646378971850063
3QDS,Cape,NDVI,5647310.330234868,0.1514984912598127
3QDS,Cape,NDVI,6156921.279049361,0.33069089976141886
3QDS,Cape,NDVI,4797858.587595774,-0.1471907422103161
3QDS,Cape,NDVI,2178268.444569027,-1.0683064837539764
3QDS,SWA,NDVI,3255802.3609661423,-0.6894176506734806
3QDS,SWA,NDVI,3516868.4840881242,-0.5976200401840837
3QDS,SWA,NDVI,3454210.7811890994,-0.6196521113547944
3QDS,SWA,NDVI,3610999.2973872437,-0.5645212082446931
3QDS,SWA,NDVI,4780091.687019977,-0.15343804461461466
3QDS,SWA,NDVI,2865563.4448006502,-0.8266357607659423
3QDS,SWA,NDVI,3173329.515176675,-0.7184172392956941
3QDS,SWA,NDVI,4197616.803170723,-0.35825129984676524
3QDS,SWA,NDVI,4456754.850650656,-0.26713165069017664
3QDS,SWA,NDVI,2469153.2080336562,-0.9660238670187911
3QDS,SWA,NDVI,2049292.136459666,-1.1136578941652442
3QDS,SWA,NDVI,5676168.922145653,0.16164591961175104
3QDS,SWA,NDVI,4978779.0804476105,-0.08357441109177195
3QDS,SWA,NDVI,2704683.287472384,-0.8832053908706977
3QDS,SWA,NDVI,1602683.07703429,-1.2706972066118103
3QDS,SWA,NDVI,2013575.6201281825,-1.1262167463634045
3QDS,SWA,NDVI,2191780.475034959,-1.0635553038812322
3QDS,SWA,NDVI,2731250.801060437,-0.8738635649958472
3QDS,SWA,NDVI,5642075.852691446,0.1496579133828354
3QDS,SWA,NDVI,5724957.84344928,0.1788013679727609
3QDS,SWA,NDVI,3710328.355661349,-0.5295945387378093
3QDS,SWA,NDVI,2198723.078839428,-1.061114104570485
3QDS,SWA,NDVI,2151204.922385463,-1.0778227190976069
3QDS,SWA,NDVI,2913827.1014099964,-0.8096650090757712
3QDS,SWA,NDVI,2680540.362182956,-0.8916946687030344
3QDS,SWA,NDVI,4390261.53496626,-0.2905124226584057
3QDS,SWA,NDVI,5229600.794155624,0.004620999717975245
3QDS,SWA,NDVI,5285392.415978162,0.02423877895103205
3QDS,SWA,NDVI,3808565.642013353,-0.4950517645155751
3QDS,SWA,NDVI,1945580.3178817492,-1.150125655708224
3QDS,SWA,NDVI,1395465.1450854102,-1.34356039841925
3QDS,SWA,NDVI,4350287.86529157,-0.304568200232099
3QDS,SWA,NDVI,6117159.864448177,0.31670975656896605
3QDS,SWA,NDVI,5830754.708183179,0.21600228574677646
3QDS,SWA,NDVI,2637082.9734537834,-0.9069754121244354
3QDS,SWA,NDVI,2019933.9699120051,-1.1239809858984668
3QDS,SWA,NDVI,3607597.509561728,-0.5657173649502812
3QDS,SWA,NDVI,5996251.822336569,0.27419535745019974
3QDS,SWA,NDVI,8756646.373352904,1.2448215756702188
3QDS,SWA,NDVI,7737129.4090749435,0.8863330055910152
3QDS,SWA,NDVI,3338917.334873008,-0.6601922731741032
3QDS,SWA,NDVI,2433532.1743687885,-0.978549145038373
3QDS,SWA,NDVI,3557571.642451367,-0.5833077554937742
3QDS,SWA,NDVI,4010800.467023159,-0.4239407621701376
3QDS,SWA,NDVI,6474063.380984138,0.44220627676647895
3QDS,SWA,NDVI,2385559.375960177,-0.9954176234519527
3QDS,SWA,NDVI,3213559.325896168,-0.7042713958966076
3QDS,SWA,NDVI,6979600.021906828,0.6199660530889538
3QDS,SWA,NDVI,10089424.984110774,1.7134610541129467
3QDS,SWA,NDVI,8703118.315446835,1.2259997241363862
3QDS,SWA,NDVI,3757033.053605505,-0.5131719572912716
3QDS,SWA,NDVI,2556184.557234183,-0.9354213905322356
3QDS,SWA,NDVI,3070091.4999184143,-0.7547183993200001
3QDS,SWA,NDVI,2738924.721604371,-0.8711652157784365
3QDS,SWA,NDVI,2537114.090969326,-0.9421270603950946
3QDS,SWA,NDVI,4962188.1153293345,-0.08940822413253575
3QDS,SWA,NDVI,2469700.830879267,-0.9658313086428697
3QDS,SWA,NDVI,1329788.163148151,-1.366654126298982
3QDS,SWA,NDVI,2716202.0844035456,-0.8791550835334292
3QDS,SWA,NDVI,2141178.617714143,-1.0813482275008393
3QDS,SWA,NDVI,2312303.2214231133,-1.0211763847179725
3QDS,SWA,NDVI,3213559.325896168,-0.7042713958966076
3QDS,SWA,NDVI,5937808.2427272815,0.2536450811737458
3QDS,SWA,NDVI,5413947.4271175,0.0694420504360693
3QDS,SWA,NDVI,8831034.766859815,1.2709784614829702
3QDS,SWA,NDVI,9372298.80577739,1.461300916278292
3QDS,SWA,NDVI,5937415.048817897,0.25350682401150343
3QDS,SWA,NDVI,5071294.687964729,-0.051043527339083
3QDS,SWA,NDVI,4963086.369503908,-0.08909237470001696
3QDS,SWA,NDVI,4710748.904229741,-0.17782076301831465
3QDS,SWA,NDVI,4799162.187331893,-0.14673236277992793
3QDS,SWA,NDVI,5715053.084890577,0.17531859833076305
3QDS,SWA,NDVI,4692525.293635313,-0.18422865649393053
3QDS,SWA,NDVI,3838741.8607578045,-0.4844410244424493
3QDS,SWA,NDVI,4779173.070742508,-0.1537610538898888
3QDS,SWA,NDVI,6178638.848486863,0.33832735965962146
3QDS,SWA,NDVI,6162639.094396855,0.332701431728733
3QDS,SWA,NDVI,7462691.706307083,0.7898336013748745
3QDS,SWA,NDVI,8725087.873588553,1.233724789789486
3QDS,SWA,NDVI,11869668.319945907,2.339440719207142
3QDS,SWA,NDVI,9659636.510490311,1.5623362952877304
3QDS,SWA,NDVI,7559431.191965712,0.8238497100803539
3QDS,SWA,NDVI,6939214.7246215595,0.6057655365862464
3QDS,SWA,NDVI,5850610.681727055,0.22298416031353865
3QDS,SWA,NDVI,4893553.389272678,-0.11354197145007477
3QDS,SWA,NDVI,5523556.1521231765,0.10798331700863464
3QDS,SWA,NDVI,6201008.1351113245,0.346192980200202
3QDS,SWA,NDVI,5211837.332501389,-0.0016250934724340786
3QDS,SWA,NDVI,6656369.104030338,0.5063096906987551
3QDS,SWA,NDVI,11542457.351856781,2.224384868079076
3QDS,SWA,NDVI,9329446.231080435,1.4462328411352725
3QDS,SWA,NDVI,10665568.155969495,1.9160479154181975
3QDS,SWA,NDVI,10012392.740054702,1.6863745219715114
3QDS,SWA,NDVI,8486689.0864508,1.149897601715028
0.05º,Cape,CEC,0.8412606981065538,-0.012836993446060239
0.05º,Cape,CEC,0.6583899089268276,-0.3162297018008167
0.05º,Cape,CEC,0.9623753229777018,0.18809883794533003
0.05º,Cape,CEC,0.4108544455634223,-0.7269046651481017
0.05º,Cape,CEC,0.666637208726671,-0.30254697732572855
0.05º,Cape,CEC,0.7758050494723849,-0.12143151860404229
0.05º,Cape,CEC,1.5946740044487848,1.237117165700876
0.05º,Cape,CEC,1.4969082938300238,1.0749184686760498
0.05º,Cape,CEC,1.1578744252522786,0.5124426130559319
0.05º,Cape,CEC,0.5545711517333984,-0.4884707363817038
0.05º,Cape,CEC,1.119850582546658,0.4493589643646382
0.05º,Cape,CEC,1.6154281828138564,1.2715494903608213
0.05º,Cape,CEC,1.9652238421969943,1.8518797494854076
0.05º,Cape,CEC,0.7066487206353081,-0.2361656759829561
0.05º,Cape,CEC,1.2827256520589192,0.7195776728005095
0.05º,Cape,CEC,0.565571149190267,-0.4702211349264662
0.05º,Cape,CEC,0.5279696782430013,-0.5326040456143059
0.05º,Cape,CEC,1.170101284980774,0.5327276465724446
0.05º,Cape,CEC,0.9917736053466797,0.23687220710346407
0.05º,Cape,CEC,1.4304590225219727,0.9646754687919289
0.05º,Cape,CEC,1.8029980659484863,1.582738254325042
0.05º,Cape,CEC,1.1356983184814453,0.47565123087758415
0.05º,Cape,CEC,0.39999813503689235,-0.7449158820743167
0.05º,Cape,CEC,0.9712863498263888,0.20288272214013198
0.05º,Cape,CEC,2.230702590942383,2.292323611262239
0.05º,Cape,CEC,0.735142707824707,-0.18889258231942271
0.05º,Cape,CEC,1.1230075624254015,0.45459656781092783
0.05º,Cape,CEC,0.7177821265326606,-0.2176947425793119
0.05º,Cape,CEC,0.8784502877129449,0.04886258341854146
0.05º,Cape,CEC,0.4182319641113281,-0.7146649556612749
0.05º,Cape,CEC,0.7981363932291666,-0.08438258971845401
0.05º,Cape,CEC,0.6121727625528971,-0.3929064924118867
0.05º,Cape,CEC,1.1325829823811848,0.47048271675275877
0.05º,Cape,CEC,0.22416411505805123,-1.0366342028710598
0.05º,Cape,CEC,1.515072504679362,1.1050538946203838
0.05º,Cape,CEC,1.4090630213419597,0.9291783247423895
0.05º,Cape,CEC,0.3487980365753174,-0.8298596645666687
0.05º,Cape,CEC,0.5184873342514038,-0.5483357764066678
0.05º,Cape,CEC,1.0217466354370117,0.28659911437768826
0.05º,Cape,CEC,0.9287979337904189,0.13239210046852326
0.05º,Cape,CEC,0.3544968499077691,-0.820405019463992
0.05º,Cape,CEC,0.5347042083740234,-0.521431089314875
0.05º,Cape,CEC,0.7234999338785807,-0.20820858536245587
0.05º,Cape,CEC,0.36422337426079643,-0.804268180007127
0.05º,Cape,CEC,0.7965734269883897,-0.08697563677087482
0.05º,Cape,CEC,1.3145741886562772,0.7724161486377389
0.05º,Cape,CEC,0.6176579793294271,-0.38380621575639073
0.05º,Cape,CEC,0.19488843282063803,-1.085204171660404
0.05º,Cape,CEC,0.6879743576049805,-0.2671474724852001
0.05º,Cape,CEC,1.052943017747667,0.33835563034480726
0.05º,Cape,CEC,1.001220491197374,0.252545110887696
0.05º,Cape,CEC,0.8244810104370117,-0.04067541920144968
0.05º,Cape,CEC,0.5373739004135132,-0.517001923224615
0.05º,Cape,CEC,0.5245965321858724,-0.5382002806529304
0.05º,Cape,CEC,0.44507384300231934,-0.6701328006320504
0.05º,Cape,CEC,0.7905418078104655,-0.09698242509591701
0.05º,Cape,CEC,1.2328352398342557,0.6368067318882362
0.05º,Cape,CEC,1.154097557067871,0.5061765807786821
0.05º,Cape,CEC,0.7154898643493652,-0.22149773175636234
0.05º,Cape,CEC,0.8393185138702393,-0.01605918403331838
0.05º,Cape,CEC,0.695833683013916,-0.25410841888700714
0.05º,Cape,CEC,0.33099725511338973,-0.8593921411463897
0.05º,Cape,CEC,1.4769646061791315,1.04183079273761
0.05º,Cape,CEC,0.4815551969740126,-0.6096082256817956
0.05º,Cape,CEC,0.4766981336805556,-0.6176663611219186
0.05º,Cape,CEC,1.7307208776474,1.462826419256719
0.05º,Cape,CEC,0.8186930550469292,-0.05027795588601446
0.05º,Cape,CEC,1.2674911287095811,0.6943027597311134
0.05º,Cape,CEC,1.0395444234212239,0.3161266246130545
0.05º,Cape,CEC,2.14872317843967,2.1563152520262237
0.05º,Cape,CEC,0.8151504198710123,-0.056155382705001575
0.05º,Cape,CEC,0.9917618632316589,0.23685272628810838
0.05º,Cape,CEC,0.33295806248982746,-0.8561390537442528
0.05º,Cape,CEC,1.4501751793755426,0.9973856586094667
0.05º,Cape,CEC,0.9848906099796295,0.22545293880277198
0.05º,Cape,CEC,1.3567997614542644,0.8424706989050407
0.05º,Cape,CEC,0.7032279968261719,-0.2418408451318543
0.05º,Cape,CEC,0.6562043295966254,-0.31985569825048765
0.05º,Cape,CEC,1.6217775344848633,1.2820834143866555
0.05º,Cape,CEC,2.2619020673963757,2.344085260583522
0.05º,Cape,CEC,0.08414173126220703,-1.2689390474045357
0.05º,Cape,CEC,1.2329025268554688,0.6369183647613403
0.05º,Cape,CEC,0.814295768737793,-0.05757329599322525
0.05º,Cape,CEC,1.4084685643513997,0.9281920878634685
0.05º,Cape,CEC,1.5771640141805012,1.208067127722755
0.05º,Cape,CEC,0.8004967371622721,-0.08046664916979816
0.05º,Cape,CEC,0.8464492559432983,-0.004228890306098818
0.05º,Cape,CEC,0.41671572791205513,-0.7171804750018234
0.05º,Cape,CEC,0.762330691019694,-0.14378622119291223
0.05º,Cape,CEC,0.9119815296596951,0.10449276008237696
0.05º,Cape,CEC,0.5486336814032661,-0.4983213265843001
0.05º,Cape,CEC,1.4624698956807454,1.0177832699230094
0.05º,Cape,CEC,1.2057376437717013,0.5918503279912656
0.05º,Cape,CEC,1.4724090364244249,1.0342728516789037
0.05º,Cape,CEC,0.7727231979370117,-0.12654447999201557
0.05º,Cape,CEC,1.0786698659261067,0.38103788802685457
0.05º,Cape,CEC,0.556254768371582,-0.48567752367681605
0.05º,Cape,CEC,1.309825685289171,0.764538120092884
0.05º,Cape,CEC,1.2097332212660048,0.5984792110560543
0.05º,Cape,CEC,0.7416960398356119,-0.17802024367827254
0.05º,Cape,CEC,0.5568437576293945,-0.4847003580675838
0.05º,Cape,CEC,0.9645326402452257,0.19167794607687144
0.05º,Cape,CEC,1.0690249337090387,0.3650364144161162
0.05º,Cape,CEC,0.845821327633328,-0.005270657946896313
0.05º,Cape,CEC,0.6410091188218858,-0.34506538959402305
0.05º,Cape,CEC,1.122675895690918,0.45404631443641413
0.05º,Cape,CEC,0.9613107045491537,0.1863325773530812
0.05º,Cape,CEC,0.4891488817003038,-0.5970098846026342
0.05º,Cape,CEC,1.3942934672037761,0.9046748211961134
0.05º,Cape,CEC,0.643604596455892,-0.3407593492888029
0.05º,Cape,CEC,1.790760146247016,1.5624348717043868
0.05º,Cape,CEC,0.7821723090277778,-0.11086788441198016
0.05º,Cape,CEC,1.1178317599826388,0.4460096265719111
0.05º,Cape,CEC,1.0804420047336154,0.38397796388479943
0.05º,Cape,CEC,1.4902175267537434,1.0638181176940866
0.05º,Cape,CEC,0.9856704076131185,0.22674666601341112
0.05º,Cape,CEC,0.1922878689236111,-1.089518650356032
0.05º,Cape,CEC,1.5575035095214844,1.1754492679602637
0.05º,Cape,CEC,0.7544267442491319,-0.15689930408695438
0.05º,Cape,CEC,0.7155972056918674,-0.22131964655879616
0.05º,Cape,CEC,1.0597180260552301,0.349595742167901
0.05º,Cape,CEC,1.3120127783881292,0.7681666279682714
0.05º,Cape,CEC,0.6307472652859158,-0.36209036964131713
0.05º,Cape,CEC,0.9202090369330512,0.1181426476662202
0.05º,Cape,CEC,1.6627286275227864,1.3500235325574832
0.05º,Cape,CEC,1.9032420052422419,1.7490484691762063
0.05º,Cape,CEC,1.6255838606092665,1.288398319008351
0.05º,Cape,CEC,1.048579216003418,0.33111584297444835
0.05º,Cape,CEC,0.5146898693508573,-0.5546359797700745
0.05º,Cape,CEC,2.5015075471666126,2.7416039445144396
0.05º,Cape,CEC,0.49498822953965926,-0.5873220850149897
0.05º,Cape,CEC,0.4747133255004883,-0.6209592671787928
0.05º,Cape,CEC,0.44338756137424046,-0.6729304347019123
0.05º,Cape,CEC,1.7175255351596408,1.4409346195166564
0.05º,Cape,CEC,1.1971979141235352,0.5776824462962388
0.05º,Cape,CEC,0.7824014936174665,-0.11048765455848242
0.05º,Cape,CEC,0.459636476304796,-0.6459725901455449
0.05º,Cape,CEC,0.9122030470106337,0.10486026956462001
0.05º,Cape,CEC,0.5764115651448568,-0.4522362879702759
0.05º,Cape,CEC,0.8400047847202846,-0.014920622906119698
0.05º,Cape,CEC,0.7652008268568251,-0.1390245078056667
0.05º,Cape,CEC,0.45941713121202254,-0.6463364957318847
0.05º,Cape,CEC,1.6975967619154189,1.4078716874000894
0.05º,Cape,CEC,0.5930077234903971,-0.4247023474687708
0.05º,Cape,CEC,0.33822586801317,-0.8473994743287436
0.05º,Cape,CEC,1.3001609378390842,0.7485037719195146
0.05º,Cape,CEC,0.6835546493530273,-0.27448001183012566
0.05º,Cape,CEC,1.1483542654249403,0.4966481437098865
0.05º,Cape,CEC,1.7330042521158855,1.4666146632255308
0.05º,Cape,CEC,0.9858733283148872,0.22708332263072536
0.05º,Cape,CEC,0.9720091289944119,0.20408185257705164
0.05º,Cape,CEC,2.1209945413801403,2.110311916369325
0.05º,Cape,CEC,0.8157169553968642,-0.055215469073423985
0.05º,Cape,CEC,0.7232942581176758,-0.20854981277457438
0.05º,Cape,CEC,0.9072917832268609,0.09671221252671307
0.05º,Cape,CEC,1.1625937355889215,0.5202722087558417
0.05º,Cape,CEC,0.6363860766092936,-0.35273527117548353
0.05º,Cape,CEC,0.2251639895968967,-1.0349753559567114
0.05º,Cape,CEC,0.7095219294230143,-0.23139886440150592
0.05º,Cape,CEC,1.7162866592407227,1.4388792561530375
0.05º,Cape,CEC,1.2383741802639432,0.6459961390424154
0.05º,Cape,CEC,1.757904264662001,1.5079251550668975
0.05º,Cape,CEC,0.7892949846055772,-0.09905097344454815
0.05º,Cape,CEC,0.3240688641866048,-0.870886723180221
0.05º,Cape,CEC,1.3507598241170247,0.8324501102956854
0.05º,Cape,CEC,0.9046461317274306,0.09232293101611537
0.05º,Cape,CEC,1.6601921717325847,1.3458154127409547
0.05º,Cape,CEC,0.993795182969835,0.2402261156909952
0.05º,Cape,CEC,0.949833975897895,0.16729205259690524
0.05º,Cape,CEC,1.6674378712972004,1.3578364272763772
0.05º,Cape,CEC,0.6422173182169596,-0.3430609202725517
0.05º,Cape,CEC,0.6506625281439887,-0.3290498519992711
0.05º,Cape,CEC,0.4362609651353624,-0.6847538502619505
0.05º,Cape,CEC,0.2470790015326606,-0.9986171444859678
0.05º,Cape,CEC,2.590002563264635,2.8884220488727563
0.05º,Cape,CEC,0.7249098883734809,-0.20586939322147196
0.05º,Cape,CEC,1.5888382196426392,1.227435277381512
0.05º,Cape,CEC,0.3189525604248047,-0.8793749528314453
0.05º,Cape,CEC,1.760057873196072,1.5114981102054332
0.05º,Cape,CEC,0.5919149186876085,-0.42651537080786334
0.05º,Cape,CEC,0.433200200398763,-0.6898318274896911
0.05º,Cape,CEC,1.1788882679409451,0.5473057351261796
0.05º,Cape,CEC,0.6063869794209799,-0.402505425200548
0.05º,Cape,CEC,0.5099800957573785,-0.5624497534879693
0.05º,Cape,CEC,0.8385139041476779,-0.017394075865914696
0.05º,Cape,CEC,1.5380475785997179,1.143170807291969
0.05º,Cape,CEC,0.8967617882622613,0.07924237108510351
0.05º,Cape,CEC,1.1044243706597223,0.42376602945674513
0.05º,Cape,CEC,0.19119882583618164,-1.0913254328022186
0.05º,Cape,CEC,0.9709337022569444,0.20229766040518582
0.05º,Cape,CEC,1.9173884921603732,1.772518269897517
0.05º,Cape,CEC,1.3819281260172527,0.8841600393157611
0.05º,Cape,CEC,0.5675190819634331,-0.4669894072000492
0.05º,Cape,CEC,0.6526201036241319,-0.3258021264910392
0.05º,Cape,CEC,1.4545221328735352,1.0045974938115994
0.05º,Cape,CEC,0.6999861399332682,-0.24721926421807558
0.05º,Cape,CEC,1.9827134874131944,1.8808960339018967
0.05º,Cape,CEC,1.8238688574896917,1.6173640466650676
0.05º,Cape,CEC,1.37371826171875,0.870539422398645
0.05º,Cape,CEC,0.715550422668457,-0.22139726217056852
0.05º,Cape,CEC,0.4715900421142578,-0.6261409662886304
0.05º,Cape,CEC,0.4276780128479004,-0.6989934406954642
0.05º,Cape,CEC,0.9292954338921441,0.13321748053029375
0.05º,Cape,CEC,1.6853782108851842,1.3876004384714788
0.05º,Cape,CEC,1.2924141354031033,0.735651400129116
0.05º,Cape,CEC,1.0190680821736653,0.2821552470291394
0.05º,Cape,CEC,1.0981119473775227,0.4132933716612678
0.05º,Cape,CEC,0.8186218473646376,-0.050396093351724694
0.05º,Cape,CEC,1.2680547502305772,0.6952378388681865
0.05º,Cape,CEC,0.7862983279758029,-0.10402259179318961
0.05º,Cape,CEC,0.5775694317287869,-0.4503153235538825
0.05º,Cape,CEC,0.29205048084259033,-0.924006984122138
0.05º,Cape,CEC,1.2307919396294489,0.6334167843416716
0.05º,Cape,CEC,0.42838965521918404,-0.697812786817542
0.05º,Cape,CEC,0.717315537588937,-0.21846883932794886
0.05º,Cape,CEC,0.8994362089369032,0.0836793822414459
0.05º,Cape,CEC,1.3366439607408311,0.8090311157166219
0.05º,Cape,CEC,1.1826610565185547,0.5535649991111231
0.05º,Cape,CEC,0.6829328536987305,-0.2755116050574888
0.05º,Cape,CEC,2.137714597913954,2.138051410787172
0.05º,Cape,CEC,0.6045796076456705,-0.40550395449204746
0.05º,Cape,CEC,1.3330970340304904,0.8031465690057281
0.05º,Cape,CEC,0.2258733113606771,-1.0337985520944126
0.05º,Cape,CEC,1.664595815870497,1.3531213008361753
0.05º,Cape,CEC,1.6373860041300456,1.307978724950831
0.05º,Cape,CEC,1.0138686498006184,0.2735291024346862
0.05º,Cape,CEC,0.6577576531304253,-0.3172786489798818
0.05º,Cape,CEC,1.1526403427124023,0.503758981926825
0.05º,Cape,CEC,0.2132667965359158,-1.0547134543199383
0.05º,Cape,CEC,0.6082269350687662,-0.39945283747049826
0.05º,Cape,CEC,0.6555322011311849,-0.32097079638292864
0.05º,Cape,CEC,1.403014924791124,0.9191441995484216
0.05º,Cape,CEC,0.725388935634068,-0.20507462743918722
0.05º,Cape,CEC,0.2573060989379883,-0.9816498267731274
0.05º,Cape,CEC,0.7146003511216905,-0.2229734831788401
0.05º,Cape,CEC,1.8320201237996419,1.630887446292693
0.05º,Cape,CEC,0.708913697136773,-0.23240795525444793
0.05º,Cape,CEC,2.8739533159467907,3.3595119822734576
0.05º,Cape,CEC,1.6569325129191081,1.340407459288306
0.05º,Cape,CEC,1.7952850129869249,1.5699418747709952
0.05º,Cape,CEC,1.332946989271376,0.8028976364886958
0.05º,Cape,CEC,0.32931624518500435,-0.8621810291761933
0.05º,Cape,CEC,0.47147810459136963,-0.6263266768025287
0.05º,Cape,CEC,0.7536292605929904,-0.1582223733829896
0.05º,Cape,CEC,0.4984127680460612,-0.5816405870732856
0.05º,Cape,CEC,0.6636834674411349,-0.3074473967553036
0.05º,Cape,CEC,0.9452807108561198,0.15973793518385276
0.05º,Cape,CEC,0.40175660451253253,-0.741998484390593
0.05º,Cape,CEC,1.0702140596177843,0.36700923977355776
0.05º,Cape,CEC,1.6748971939086914,1.3702118542089308
0.05º,Cape,CEC,0.5590598848130968,-0.48102368104695137
0.05º,Cape,CEC,0.4628259113856724,-0.6406811417318906
0.05º,Cape,CEC,0.95091798570421,0.16909048455258416
0.05º,Cape,CEC,0.7816174825032552,-0.11178837216563947
0.05º,Cape,CEC,0.39950699276394314,-0.7457307141480773
0.05º,Cape,CEC,1.7183270984225802,1.4422644571049978
0.05º,Cape,CEC,0.7465382681952583,-0.1699867202101725
0.05º,Cape,CEC,1.5518600675794814,1.1660864870431629
0.05º,Cape,CEC,1.5413759776524134,1.14869280458641
0.05º,Cape,CEC,1.198917441897922,0.580535237553402
0.05º,Cape,CEC,0.2293720245361328,-1.0279939942925935
0.05º,Cape,CEC,0.5318992932637533,-0.5260845979251194
0.05º,Cape,CEC,1.354615847269694,0.8388474650236581
0.05º,Cape,CEC,2.2882080078125,2.3877282641734667
0.05º,Cape,CEC,0.4256574842664931,-0.7023456088649737
0.05º,Cape,CEC,1.1428117752075195,0.4874528472624019
0.05º,Cape,CEC,0.5727240244547526,-0.4583541210159875
0.05º,Cape,CEC,2.5634648534986706,2.8443945271699023
0.05º,Cape,CEC,0.82038116455078125,-0.04747728926959979
0.05º,Cape,CEC,0.9314596388075087,0.1368080156488459
0.05º,Cape,CEC,0.9102812343173556,0.10167187648894326
0.05º,Cape,CEC,2.618440310160319,2.935601836792352
0.05º,Cape,CEC,0.859080950419108,0.01672778634694092
0.05º,Cape,CEC,1.9802595774332683,1.8768248621296961
0.05º,Cape,CEC,0.8525236977471246,0.005848943113184656
0.05º,Cape,CEC,0.6596367955207825,-0.3141610482862337
0.05º,Cape,CEC,1.7908811039394803,1.5626355471762743
0.05º,Cape,CEC,0.6671734915839301,-0.30165725453709785
0.05º,Cape,CEC,0.8310421837700738,-0.029790071375087324
0.05º,Cape,CEC,0.33320437537299263,-0.8557304071087711
0.05º,Cape,CEC,2.1317813131544323,2.1282077646766826
0.05º,Cape,CEC,1.2403007745742798,0.6491924650840742
0.05º,Cape,CEC,0.5026303927103678,-0.5746433155272531
0.05º,Cape,CEC,0.7121760050455729,-0.22699560680679512
0.05º,Cape,CEC,0.3141665988498264,-0.8873151266056583
0.05º,Cape,CEC,2.292361365424262,2.3946189131407
0.05º,Cape,CEC,1.2531342506408691,0.6704839085065766
0.05º,Cape,CEC,0.43729983435736763,-0.6830303090211413
0.05º,Cape,CEC,0.42153019375271267,-0.7091930110813663
0.05º,Cape,CEC,0.7866045633951823,-0.10351453037071527
0.05º,Cape,CEC,1.6164811452229817,1.273296412975052
0.05º,Cape,CEC,1.8835809495713975,1.7164296952547538
0.05º,Cape,CEC,0.31750011444091797,-0.881784640692295
0.05º,Cape,CEC,0.6744767294989692,-0.28954078071018613
0.05º,Cape,CEC,0.5585809283786349,-0.48181829614369326
0.05º,Cape,CEC,1.9114858839246962,1.762725517829175
0.05º,Cape,CEC,1.5525888866848416,1.1672956380686916
0.05º,Cape,CEC,1.284686353471544,0.7228305844028465
0.05º,Cape,CEC,1.0538132985432942,0.3397994741035551
0.05º,Cape,CEC,0.7038442293802897,-0.24081848139399992
0.05º,Cape,CEC,1.5908498764038086,1.2307727267127528
0.05º,Cape,CEC,0.5108132892184787,-0.561067439659279
0.05º,Cape,CEC,0.6318799124823676,-0.3602112455773629
0.05º,Cape,CEC,0.6876662572224935,-0.2676586279841573
0.05º,Cape,CEC,0.5077795452541776,-0.5661005879379776
0.05º,Cape,CEC,0.8117392857869467,-0.061814641971984836
0.05º,Cape,CEC,1.45832093556722,1.010899916647483
0.05º,Cape,CEC,1.0728818045722113,0.3714351755424896
0.05º,Cape,CEC,0.7362551159328885,-0.18704703601729966
0.05º,Cape,CEC,0.927318361070421,0.1299374078588315
0.05º,Cape,CEC,1.8697610431247287,1.6935017095175486
0.05º,Cape,CEC,0.5466892454359267,-0.5015472529173117
0.05º,Cape,CEC,0.8941968282063802,0.07498696112233082
0.05º,Cape,CEC,0.8022574318779839,-0.07754555969027103
0.05º,Cape,CEC,0.24256362915039062,-1.0061083958904815
0.05º,Cape,CEC,0.6450512144300673,-0.3383593304169623
0.05º,Cape,CEC,1.566546122233073,1.1904514603469096
0.05º,Cape,CEC,1.214709652794732,0.6067353849710623
0.05º,Cape,CEC,1.1559845606486003,0.5093072236200049
0.05º,Cape,CEC,0.7695247332255045,-0.13185090906006963
0.05º,Cape,CEC,0.8323664665222168,-0.027593013372536168
0.05º,Cape,CEC,1.1531670888264973,0.5046328827334408
0.05º,Cape,CEC,0.31036366356743705,-0.8936244056337485
0.05º,Cape,CEC,0.7373712327745225,-0.18519533672217106
0.05º,Cape,CEC,1.2581643528408475,0.6788291250203676
0.05º,Cape,CEC,1.1879668235778809,0.562367558805041
0.05º,Cape,CEC,0.3459191852145725,-0.8346358374874777
0.05º,Cape,CEC,1.4091351297166612,0.929297956506401
0.05º,Cape,CEC,1.0136932796902127,0.27323815376541477
0.05º,Cape,CEC,0.5053068796793619,-0.5702028762748076
0.05º,Cape,CEC,0.816669782002767,-0.05363467727034816
0.05º,Cape,CEC,0.843355761633979,-0.009361167697115206
0.05º,Cape,CEC,0.802421145968967,-0.07727394899901753
0.05º,Cape,CEC,1.1953049765692816,0.5745419586661067
0.05º,Cape,CEC,0.8322260644700792,-0.027825948107753674
0.05º,Cape,CEC,1.1165840360853407,0.44393958392497873
0.05º,Cape,CEC,0.7624674903021919,-0.14355926365090027
0.05º,Cape,CEC,1.740012804667155,1.4782422378081863
0.05º,Cape,CEC,1.3770797517564561,0.8761163194592515
0.05º,Cape,CEC,0.7189560996161567,-0.21574705659329357
0.05º,Cape,CEC,0.8493777513504028,6.296448210870275e-4
0.05º,Cape,CEC,0.404036733839247,-0.7382156242906613
0.05º,Cape,CEC,1.4286570019192166,0.9616858173903379
0.05º,Cape,CEC,0.5750642352634006,-0.45447158242936286
0.05º,Cape,CEC,0.5691047244601779,-0.4643587389903933
0.05º,Cape,CEC,1.133245997958713,0.47158269610238573
0.05º,Cape,CEC,0.5532299677530924,-0.4906958344523812
0.05º,Cape,CEC,0.7155283821953667,-0.22143382852900267
0.05º,Cape,CEC,0.5643299950493706,-0.4722802779857887
0.05º,Cape,CEC,1.3442728254530165,0.821687822329438
0.05º,Cape,CEC,1.4389817714691162,0.9788151785689795
0.05º,Cape,CEC,1.2055301666259766,0.5915061119825443
0.05º,Cape,CEC,0.2673461702134874,-0.9649927957075768
0.05º,Cape,CEC,0.8999865849812826,0.08459248640349837
0.05º,Cape,CEC,0.8827762603759766,0.05603961026024183
0.05º,Cape,CEC,0.524703131781684,-0.5380234260539654
0.05º,Cape,CEC,0.2861867480807834,-0.9337352396387952
0.05º,Cape,CEC,0.7888845801353455,-0.09973185705807126
0.05º,Cape,CEC,0.8671503067016602,0.030115292729039327
0.05º,Cape,CEC,1.6425305472479925,1.316513805248799
0.05º,Cape,CEC,0.8782679239908854,0.04856003196245896
0.05º,Cape,CEC,0.6313593122694228,-0.3610749499955692
0.05º,Cape,CEC,1.6461900075276692,1.322585051347467
0.05º,Cape,CEC,1.4481999079386394,0.9941085745346072
0.05º,Cape,CEC,0.8161962032318115,-0.05442037052723173
0.05º,Cape,CEC,1.2342222531636555,0.6391078633724844
0.05º,Cape,CEC,0.6761026382446289,-0.28684330857646784
0.05º,Cape,CEC,0.8973264694213867,0.08017920822017816
0.05º,Cape,CEC,1.1139583587646484,0.43958344067671185
0.05º,Cape,CEC,0.8254400359259711,-0.03908434311006426
0.05º,Cape,CEC,0.8123384051852756,-0.06082066990185703
0.05º,Cape,CEC,0.3643823199801975,-0.8040044803068808
0.05º,Cape,CEC,1.2238667805989583,0.6219275642017451
0.05º,Cape,CEC,3.1379996405707464,3.79757937356168
0.05º,Cape,CEC,0.5839392344156901,-0.43974747016661664
0.05º,Cape,CEC,1.741024335225423,1.4799204227005527
0.05º,Cape,CEC,0.45298233032226565,-0.6570121847165712
0.05º,Cape,CEC,0.36174657609727645,-0.8083773245361632
0.05º,Cape,CEC,0.895812193552653,0.07766694117593267
0.05º,Cape,CEC,1.1150356928507488,0.44137079724498063
0.05º,Cape,CEC,0.8873395919799805,0.06361042865430983
0.05º,Cape,CEC,0.9290140469868978,0.13275064416095803
0.05º,Cape,CEC,0.5208233727349175,-0.5444601599371746
0.05º,Cape,CEC,0.8026127285427518,-0.07695610296032063
0.05º,Cape,CEC,0.29357899559868705,-0.9214710939797456
0.05º,Cape,CEC,1.000091552734375,0.25067213981674746
0.05º,Cape,CEC,1.070961422390408,0.36824915576411543
0.05º,Cape,CEC,0.5694352785746256,-0.4638103315137813
0.05º,Cape,CEC,0.4801044993930393,-0.6120150128459426
0.05º,Cape,CEC,0.5542497634887695,-0.4890039371756016
0.05º,Cape,CEC,1.0585732989841037,0.34769657692672773
0.05º,Cape,CEC,1.2403595182630751,0.6492899240982903
0.05º,Cape,CEC,0.5644324090745714,-0.4721103674789301
0.05º,Cape,CEC,0.5773326328822544,-0.45070818587873507
0.05º,Cape,CEC,2.2921661800808377,2.394295089908798
0.05º,Cape,CEC,1.2451362609863281,0.6572148032898888
0.05º,Cape,CEC,2.3933905495537653,2.562231892410981
0.05º,Cape,CEC,1.6764201058281794,1.3727384489368897
0.05º,Cape,CEC,0.5548252529568143,-0.4880491684609101
0.05º,Cape,CEC,0.80237877368927,-0.07734424694410807
0.05º,Cape,CEC,0.6544422573513455,-0.32277907312741677
0.05º,Cape,CEC,0.7273248036702474,-0.20186291577573154
0.05º,Cape,CEC,0.9822472466362847,0.221067453469109
0.05º,Cape,CEC,1.3137718306647406,0.7710849925508959
0.05º,Cape,CEC,1.7923834588792589,1.5651280367430012
0.05º,Cape,CEC,0.5951357947455512,-0.4211717600820746
0.05º,Cape,CEC,0.8019563886854384,-0.07804500692253726
0.05º,Cape,CEC,0.8753751118977865,0.04376069741797851
0.05º,Cape,CEC,1.054968727959527,0.341716395124545
0.05º,Cape,CEC,1.1505295435587566,0.5002570499075558
0.05º,Cape,CEC,0.6584824456108941,-0.31607617834675916
0.05º,Cape,CEC,2.01558420393202,1.9354303625114089
0.05º,Cape,CEC,0.45591386159261066,-0.6521486129251107
0.05º,Cape,CEC,1.5486187405056424,1.1607089469559424
0.05º,Cape,CEC,1.8106357786390517,1.5954096402211717
0.05º,Cape,CEC,0.4896405537923177,-0.5961941735298726
0.05º,Cape,CEC,1.7214245796203613,1.4474033489634954
0.05º,Cape,CEC,0.8472711775037978,-0.0028652771811507314
0.05º,Cape,CEC,0.5822683970133463,-0.44251948141560454
0.05º,Cape,CEC,1.1258327696058485,0.45928374208290373
0.05º,Cape,CEC,1.0956202612982855,0.4091595272603084
0.05º,Cape,CEC,1.2830254766676161,0.7200750983350741
0.05º,Cape,CEC,0.2781384256150987,-0.947087849760561
0.05º,Cape,CEC,1.2302608489990234,0.6325356757432488
0.05º,Cape,CEC,0.5289433797200521,-0.5309886212505978
0.05º,Cape,CEC,0.6853366579328265,-0.27152356147650836
0.05º,Cape,CEC,0.6107027795579698,-0.3953452751396635
0.05º,Cape,CEC,1.2239175372653537,0.6220117723060238
0.05º,Cape,CEC,1.4707179599338107,1.0314672626680845
0.05º,Cape,CEC,1.7217836380004883,1.4479990465863515
0.05º,Cape,CEC,0.8838256200154623,0.057780555681267214
0.05º,Cape,CEC,0.6187591022915311,-0.3819793921329852
0.05º,Cape,CEC,0.584381209479438,-0.439014209200132
0.05º,Cape,CEC,0.8880118264092339,0.064725702586551
0.05º,Cape,CEC,0.6087105009290907,-0.39865057508244917
0.05º,Cape,CEC,2.130112330118815,2.1254388299241977
0.05º,Cape,CEC,0.9529569413926866,0.17247322430734224
0.05º,Cape,CEC,1.3299501207139757,0.797925666540454
0.05º,Cape,CEC,0.6331317689683702,-0.358134346738224
0.05º,Cape,CEC,1.5613271925184462,1.1817929685892261
0.05º,Cape,CEC,0.9038756688435873,0.09104469066912205
0.05º,Cape,CEC,1.0001259644826253,0.2507292308018506
0.05º,Cape,CEC,0.4019397497177124,-0.7416946364109843
0.05º,Cape,CEC,0.6261332829793295,-0.3697452203398636
0.05º,Cape,CEC,0.8322429127163358,-0.027797995939527455
0.05º,Cape,CEC,0.5829279157850478,-0.4414253034593829
0.05º,Cape,CEC,1.0458375083075628,0.32656719894500164
0.05º,Cape,CEC,1.314876503414578,0.7729177054676072
0.05º,Cape,CEC,0.782918718126085,-0.10962955061962412
0.05º,Cape,CEC,0.5180417166815864,-0.549075080491283
0.05º,Cape,CEC,0.7865770128038194,-0.10356023831875792
0.05º,Cape,CEC,0.5217972861395942,-0.5428443839738661
0.05º,Cape,CEC,0.8690500259399414,0.03326703154638174
0.05º,Cape,CEC,0.2949017418755425,-0.9192765850742969
0.05º,Cape,CEC,0.8300608528984917,-0.031418153324407276
0.05º,Cape,CEC,0.7261204189724393,-0.20386105630439694
0.05º,Cape,CEC,1.470626089307997,1.0313148442413422
0.05º,Cape,CEC,0.33035797542995876,-0.8604527413407798
0.05º,Cape,CEC,1.0523950788709853,0.33744656957815866
0.05º,Cape,CEC,0.783368984858195,-0.10888253331877674
0.05º,Cape,CEC,0.18709193335639107,-1.0981389935570798
0.05º,Cape,CEC,1.746790885925293,1.4894874478254845
0.05º,Cape,CEC,0.8801132837931315,0.05162158548231718
0.05º,Cape,CEC,0.8293293714523315,-0.03263172131991522
0.05º,Cape,CEC,1.3131402730941772,0.7700372037669428
0.05º,Cape,CEC,1.248460360935756,0.6627296681352944
0.05º,Cape,CEC,1.1074590682983398,0.4288007599336453
0.05º,Cape,CEC,0.6207902696397569,-0.3786095736635393
0.05º,Cape,CEC,0.698579364352756,-0.2495531823650545
0.05º,Cape,CEC,1.264158566792806,0.6887738560159516
0.05º,Cape,CEC,1.5219170252482097,1.116409331112385
0.05º,Cape,CEC,2.484702322218153,2.7137231510072097
0.05º,Cape,CEC,0.3675193786621094,-0.7987999272230218
0.05º,Cape,CEC,0.852370474073622,0.005594736602147394
0.05º,Cape,CEC,0.63985443115234375,-0.3469810800164114
0.05º,Cape,CEC,0.7465034061008029,-0.17004455834442658
0.05º,Cape,CEC,0.586783250172933,-0.43502909143011154
0.05º,Cape,CEC,1.1130185657077365,0.43802427224905616
0.05º,Cape,CEC,0.48083051045735675,-0.6108105205151182
0.05º,Cape,CEC,1.3154511981540256,0.7738711556837972
0.05º,Cape,CEC,1.2354278564453125,0.6411080255988518
0.05º,Cape,CEC,0.6774570677015517,-0.28459623553076996
0.05º,Cape,CEC,0.8208696577284071,-0.04666685219084314
0.05º,Cape,CEC,1.4851705233256023,1.0554448611121698
0.05º,Cape,CEC,0.2943271001180013,-0.9202299473905869
0.05º,Cape,CEC,0.8282345665825738,-0.03444806288023595
0.05º,Cape,CEC,0.6018650796678331,-0.4100075058727519
0.05º,Cape,CEC,0.21222464243570963,-1.0564424453545527
0.05º,Cape,CEC,1.8742619620429144,1.7009689818293199
0.05º,Cape,CEC,0.867349730597602,0.03044614795294823
0.05º,Cape,CEC,1.4026732974582248,0.9185774209926925
0.05º,Cape,CEC,0.6750737296210395,-0.28855032463606145
0.05º,Cape,CEC,1.0095529556274414,0.2663691281736019
0.05º,Cape,CEC,0.9995399051242404,0.24975692605709296
0.05º,Cape,CEC,1.217907428741455,0.612040671340415
0.05º,Cape,CEC,0.5454084608289931,-0.5036721451018955
0.05º,Cape,CEC,0.5762143664889865,-0.45256345139838144
0.05º,Cape,CEC,3.0406307644314237,3.6360390467884685
0.05º,Cape,CEC,0.9699593649970161,0.20068118124267678
0.05º,Cape,CEC,1.0493263006210327,0.3323552974905305
0.05º,Cape,CEC,0.65673065185546875,-0.31898250064307243
0.05º,Cape,CEC,1.0120276345147028,0.270474756706635
0.05º,Cape,CEC,2.398456301007952,2.570636253000398
0.05º,Cape,CEC,0.6937124464246962,-0.2576276671865926
0.05º,Cape,CEC,0.7314345041910807,-0.19504469632616628
0.05º,Cape,CEC,0.4135143756866455,-0.7224916946144317
0.05º,Cape,CEC,0.7318770885467529,-0.19431042451083072
0.05º,Cape,CEC,1.132643911573622,0.4705838016378533
0.05º,Cape,CEC,0.4771490626864963,-0.6169182450723202
0.05º,Cape,CEC,1.2280134624905057,0.6288071377815679
0.05º,Cape,CEC,1.129628234439426,0.4655806272250823
0.05º,Cape,CEC,2.454059600830078,2.662885188995949
0.05º,Cape,CEC,1.2174635993109808,0.6113043338774274
0.05º,Cape,CEC,1.5149603949652777,1.1048678984318099
0.05º,Cape,CEC,1.5546903610229492,1.1707820997055465
0.05º,Cape,CEC,1.0136038462320964,0.2730897787340763
0.05º,Cape,CEC,0.7430342435836792,-0.17580008997697477
0.05º,Cape,CEC,2.042069011264377,1.9793701161640305
0.05º,Cape,CEC,1.9529825846354167,1.8315708291710477
0.05º,Cape,CEC,0.717158317565918,-0.21872967600287813
0.05º,Cape,CEC,1.0115062925550673,0.2696098216898274
0.05º,Cape,CEC,0.3991617626614041,-0.7463034698970121
0.05º,Cape,CEC,0.8631197384425572,0.02342835805881078
0.05º,Cape,CEC,0.95771026611328125,0.18035925174310455
0.05º,Cape,CEC,0.5068485471937392,-0.5676451649822196
0.05º,Cape,CEC,1.123750368754069,0.4558289244100785
0.05º,Cape,CEC,0.8231761720445421,-0.04284021794067074
0.05º,Cape,CEC,1.305933740403917,0.7580811692326559
0.05º,Cape,CEC,1.502028571234809,1.0834132908197802
0.05º,Cape,CEC,0.20782597859700522,-1.0637400708591653
0.05º,Cape,CEC,0.7931716707017686,-0.09261933775554368
0.05º,Cape,CEC,1.0539384418063693,0.340007093667549
0.05º,Cape,CEC,0.795652707417806,-0.08850316123450079
0.05º,Cape,CEC,1.262325604756673,0.6857328710727126
0.05º,Cape,CEC,0.6203603744506836,-0.3793227934528051
0.05º,Cape,CEC,1.3595229254828558,0.8469885779694583
0.05º,Cape,CEC,1.3478555149502225,0.8276317014728872
0.05º,Cape,CEC,0.2737656699286567,-0.9543424922140338
0.05º,Cape,CEC,0.8699827194213867,0.03481442138742635
0.05º,Cape,CEC,1.4669121636284723,1.02515323704539
0.05º,Cape,CEC,1.8724450005425348,1.697954542655906
0.05º,Cape,CEC,2.0670595169067383,2.0208307410347377
0.05º,Cape,CEC,0.53687498304579,-0.5178296546087128
0.05º,Cape,CEC,0.4126976860894097,-0.7238466276242468
0.05º,Cape,CEC,0.589404787336077,-0.4306798169311797
0.05º,Cape,CEC,0.5377129448784722,-0.5164394297890149
0.05º,Cape,CEC,1.6244454913669162,1.2865097017551879
0.05º,Cape,CEC,0.3941356870863173,-0.7546420060183967
0.05º,Cape,CEC,1.2341524759928386,0.6389920992040765
0.05º,Cape,CEC,0.6694894790649414,-0.29781490378479075
0.05º,Cape,CEC,0.7398046917385526,-0.18115809431140184
0.05º,Cape,CEC,0.9505851533677843,0.16853829738026865
0.05º,Cape,CEC,0.7139503161112467,-0.22405192705294694
0.05º,Cape,CEC,1.3250703811645508,0.789829909943096
0.05º,Cape,CEC,0.34460878372192383,-0.8368098657162073
0.05º,Cape,CEC,0.650639533996582,-0.32908800055590676
0.05º,Cape,CEC,1.0484542846679688,0.33090857501005483
0.05º,Cape,CEC,1.5580323537190754,1.1763266496029228
0.05º,Cape,CEC,0.6714919408162435,-0.29449270948120915
0.05º,Cape,CEC,0.7296646965874566,-0.19798090458850742
0.05º,Cape,CEC,1.1378260718451605,0.47918129086487954
0.05º,Cape,CEC,0.36876142024993896,-0.7967393118403732
0.05º,Cape,CEC,0.9931246439615885,0.23911365455555658
0.05º,Cape,CEC,0.5681880950927735,-0.4658794775817329
0.05º,Cape,CEC,0.5244250297546387,-0.5384848126294961
0.05º,Cape,CEC,0.9306422339545356,0.13545189599037982
0.05º,Cape,CEC,0.2497844696044922,-0.9941286239881775
0.05º,Cape,CEC,0.9159500598907471,0.1110767702481736
0.05º,Cape,CEC,0.8254879315694174,-0.039004881600390034
0.05º,Cape,CEC,0.6813415799822126,-0.27815161577081066
0.05º,Cape,CEC,1.127015749613444,0.4612463710519361
0.05º,Cape,CEC,1.1671476364135742,0.5278273809676949
0.05º,Cape,CEC,0.4593905806541443,-0.6463805445693133
0.05º,Cape,CEC,0.276636282602946,-0.9495799877276875
0.05º,Cape,CEC,1.2985393736097548,0.7458135075776031
0.05º,Cape,CEC,1.3377898534138997,0.8109322147555966
0.05º,Cape,CEC,0.9861845288957868,0.22759962152955013
0.05º,Cape,CEC,0.6867384380764432,-0.2691979310343943
0.05º,Cape,CEC,1.7202678407941545,1.4454842555592609
0.05º,Cape,CEC,1.2156940036349826,0.6083684772146866
0.05º,Cape,CEC,1.6126651763916016,1.2669655105715418
0.05º,Cape,CEC,0.899475203620063,0.08374407656790628
0.05º,Cape,CEC,0.7196008894178603,-0.21467731480929486
0.05º,Cape,CEC,0.7824888229370117,-0.11034277040888994
0.05º,Cape,CEC,2.1835436291164823,2.214084296958756
0.05º,Cape,CEC,0.8051375283135308,-0.07276732112181016
0.05º,Cape,CEC,1.495698716905382,1.0729117139571764
0.05º,Cape,CEC,0.6244048012627496,-0.3726128666801409
0.05º,Cape,CEC,1.4157065285576715,0.9402002690134794
0.05º,Cape,CEC,0.7829583485921224,-0.10956380149436265
0.05º,Cape,CEC,1.225530571407742,0.6246878847640223
0.05º,Cape,CEC,0.4670204586452908,-0.633722156870908
0.05º,Cape,CEC,1.134375466240777,0.47345654617233535
0.05º,Cape,CEC,1.3511104583740234,0.8330318318344286
0.05º,Cape,CEC,0.8655039469401041,0.027383891233889276
0.05º,Cape,CEC,0.5915364159478081,-0.4271433276940496
0.05º,Cape,CEC,1.8628562291463215,1.682046242939254
0.05º,Cape,CEC,0.6743408838907877,-0.28976615605399664
0.05º,Cape,CEC,1.600449456108941,1.2466989580090213
0.05º,Cape,CEC,1.1706067191229925,0.5335661896442524
0.05º,Cape,CEC,1.6303972244262694,1.2963839546108862
0.05º,Cape,CEC,1.218046400282118,0.6122712327783303
0.05º,Cape,CEC,0.4317919413248698,-0.6921682068338723
0.05º,Cape,CEC,1.0976652569240994,0.4125522876036761
0.05º,Cape,CEC,0.3680731455485026,-0.7978811974673641
0.05º,Cape,CEC,1.5470297071668837,1.1580726531526813
0.05º,Cape,CEC,0.7760243945651584,-0.12106761301770255
0.05º,Cape,CEC,0.6330993440416124,-0.35818814147707423
0.05º,Cape,CEC,1.0285701751708984,0.297919742509257
0.05º,Cape,CEC,1.543671449025472,1.1525011179859797
0.05º,Cape,CEC,1.2806351449754503,0.7161094064429717
0.05º,Cape,CEC,0.88483428955078125,0.059453993979029444
0.05º,Cape,CEC,1.189530160692003,0.5649612211567624
0.05º,Cape,CEC,1.7888625462849934,1.5592866488830477
0.05º,Cape,CEC,2.0539462831285267,1.9990751641648272
0.05º,Cape,CEC,0.552282452583313,-0.49226781429047367
0.05º,Cape,CEC,1.7120208740234375,1.4318020835978305
0.05º,Cape,CEC,0.5581485430399576,-0.482535647228263
0.05º,Cape,CEC,0.8847504721747504,0.05931493633709964
0.05º,Cape,CEC,1.1567714479234483,0.5106127129360235
0.05º,Cape,CEC,0.5567780600653754,-0.4848093539436856
0.05º,Cape,CEC,1.4687207539876301,1.028153788034591
0.05º,Cape,CEC,0.9112926059299045,0.10334979768160973
0.05º,Cape,CEC,0.710148917304145,-0.2303586569839347
0.05º,Cape,CEC,0.3201409748622349,-0.8774033078440904
0.05º,Cape,CEC,0.8040103912353516,-0.07463730359615592
0.05º,Cape,CEC,1.4402564366658528,0.9809299183151036
0.05º,Cape,CEC,1.5608059565226238,1.1809282093722189
0.05º,Cape,CEC,1.3061831792195637,0.7584950019622422
0.05º,Cape,CEC,0.5001200570000542,-0.5788081006930412
0.05º,Cape,CEC,1.885255601671007,1.7192080352965475
0.05º,Cape,CEC,1.603782229953342,1.2522282133237832
0.05º,Cape,CEC,1.406097200181749,0.9242578641355956
0.05º,Cape,CEC,1.7120107014973958,1.4317852068170145
0.05º,Cape,CEC,1.037096553378635,0.31206547342946317
0.05º,Cape,CEC,0.553617901272244,-0.4900522313839802
0.05º,Cape,CEC,1.427204238043891,0.9592756021300874
0.05º,Cape,CEC,0.5038504600524902,-0.5726191566281633
0.05º,Cape,CEC,2.9949857923719616,3.5603115248697708
0.05º,Cape,CEC,0.767878532409668,-0.1345820468555193
0.05º,Cape,CEC,1.783360481262207,1.550158420059326
0.05º,Cape,CEC,0.3515082465277778,-0.825363277027821
0.05º,Cape,CEC,0.919825553894043,0.11750642818942621
0.05º,Cape,CEC,1.2825746536254883,0.7193271580852758
0.05º,Cape,CEC,1.5979408264160155,1.2425370032200156
0.05º,Cape,CEC,1.520342508951823,1.1137971218817464
0.05º,Cape,CEC,0.7243794335259331,-0.2067494470210936
0.05º,Cape,CEC,0.46661122639973956,-0.6344010956991419
0.05º,Cape,CEC,0.39397621154785156,-0.7549065847176438
0.05º,Cape,CEC,0.6151650746663412,-0.3879420818550519
0.05º,Cape,CEC,0.7017041312323676,-0.24436902205801456
0.05º,Cape,CEC,0.7609630160861545,-0.1460552692136306
0.05º,Cape,CEC,1.5737018585205078,1.2023232208519927
0.05º,Cape,CEC,0.5912401676177979,-0.4276348199853584
0.05º,Cape,CEC,1.0439715915256076,0.32347154026391167
0.05º,Cape,CEC,1.72200255923801,1.4483622489734906
0.05º,Cape,CEC,0.8419671588473849,-0.011664936178366067
0.05º,Cape,CEC,0.42167266209920246,-0.7089566482500458
0.05º,Cape,CEC,1.391146183013916,0.8994533034315385
0.05º,Cape,CEC,0.7218608856201172,-0.21092785667139446
0.05º,Cape,CEC,0.6063336266411675,-0.4025939403999307
0.05º,Cape,CEC,0.7933950424194336,-0.09224875177679767
0.05º,Cape,CEC,0.531810442606608,-0.5262320060575572
0.05º,Cape,CEC,0.27680524190266925,-0.94929967494632606
0.05º,Cape,CEC,1.749770164489746,1.494430235006899
0.05º,Cape,CEC,0.7548745473225912,-0.1561563741314607
0.05º,Cape,CEC,2.008315767560686,1.9233716263617224
0.05º,Cape,CEC,1.4169274436102972,0.9422258343109701
0.05º,Cape,CEC,1.4487537807888455,0.995027480090065
0.05º,Cape,CEC,2.097332318623861,2.0710549859436265
0.05º,Cape,CEC,0.3319511413574219,-0.8578095913453123
0.05º,Cape,CEC,0.8133656978607178,-0.0591163347892158
0.05º,Cape,CEC,0.885987917582194,0.06136792640341619
0.05º,Cape,CEC,0.8091416888766818,-0.06612419827320831
0.05º,Cape,CEC,1.2386562559339735,0.6464641181104522
0.05º,Cape,CEC,0.3701190948486328,-0.7944868549257953
0.05º,Cape,CEC,0.7388185924953885,-0.1827940872517292
0.05º,Cape,CEC,1.0503038830227323,0.3339771605219197
0.05º,Cape,CEC,0.35899649726019967,-0.8129398567498226
0.05º,Cape,CEC,0.5058867136637369,-0.5692408997683095
0.05º,Cape,CEC,1.2894419564141169,0.7307203915343126
0.05º,Cape,CEC,0.9937957127888998,0.24022699468999612
0.05º,Cape,CEC,1.2173597017923992,0.6111319621733667
0.05º,Cape,CEC,0.3679325315687392,-0.7981144838021819
0.05º,Cape,CEC,1.522397756576538,1.1172068908557795
0.05º,Cape,CEC,0.5345135264926486,-0.5217474410552705
0.05º,Cape,CEC,0.8167076110839844,-0.05357191674168963
0.05º,Cape,CEC,1.2949469884236653,0.7398535427524388
0.05º,Cape,CEC,0.9969471825493706,0.24545545654667725
0.05º,Cape,CEC,1.208595593770345,0.596591824401492
0.05º,Cape,CEC,0.7923881742689345,-0.09391920147795713
0.05º,Cape,CEC,0.48081090715196395,-0.6108430434781486
0.05º,Cape,CEC,0.4549696180555556,-0.6537151649443732
0.05º,Cape,CEC,0.8706748750474718,0.03596274568209837
0.05º,Cape,CEC,2.5602426528930664,2.839048718946612
0.05º,Cape,CEC,1.2180949317084417,0.6123517490868052
0.05º,Cape,CEC,0.9540287653605143,0.17425143928600234
0.05º,Cape,CEC,0.7480471928914388,-0.16748333105583532
0.05º,Cape,CEC,0.669616805182563,-0.2976036627449135
0.05º,Cape,CEC,0.30122481452094185,-0.9087862593989032
0.05º,Cape,CEC,0.6426951090494791,-0.3422682389736117
0.05º,Cape,CEC,0.8251709408230252,-0.03953078670258099
0.05º,Cape,CEC,0.7430219650268555,-0.1758204607788188
0.05º,Cape,CEC,1.4344235526190863,0.9712528425152692
0.05º,Cape,CEC,1.3580727047390408,0.8445825819044123
0.05º,Cape,CEC,0.4234011967976888,-0.7060889140098685
0.05º,Cape,CEC,0.6154927147759331,-0.3873985088729445
0.05º,Cape,CEC,0.39528486463758683,-0.7527354571856169
0.05º,Cape,CEC,1.0908349355061848,0.40122040828489663
0.05º,Cape,CEC,0.6228814806256976,-0.37514013949304303
0.05º,Cape,CEC,0.21308040618896484,-1.055022686168427
0.05º,Cape,CEC,0.2912708282470703,-0.9253004707068007
0.05º,Cape,CEC,0.4882967736985948,-0.598423578695654
0.05º,Cape,CEC,0.8483347362942166,-0.0011007745869033808
0.05º,Cape,CEC,1.391317261589898,0.8997371322089037
0.05º,Cape,CEC,0.9874226252237955,0.22965369150892492
0.05º,Cape,CEC,0.4220762252807617,-0.7082871147111206
0.05º,Cape,CEC,1.1499319076538086,0.49926553903463006
0.05º,Cape,CEC,0.6192549599541558,-0.3811567369681173
0.05º,Cape,CEC,0.5040814081827799,-0.5722360009637056
0.05º,Cape,CEC,0.7153136995103624,-0.22178999892413523
0.05º,Cape,CEC,0.37601343790690106,-0.7847078152418657
0.05º,Cape,CEC,0.3123729493882921,-0.8902908898230363
0.05º,Cape,CEC,0.37846046023898655,-0.7806480704566756
0.05º,Cape,CEC,0.21399233076307508,-1.0535097530882147
0.05º,Cape,CEC,0.610107527838813,-0.3963328305170854
0.05º,Cape,CEC,1.0839178297254775,0.38974454892978316
0.05º,Cape,CEC,1.4429762098524306,0.9854421717859163
0.05º,Cape,CEC,0.8116505940755209,-0.06196178640472221
0.05º,Cape,CEC,0.7810996373494467,-0.11264750578904154
0.05º,Cape,CEC,1.184642685784234,0.5568526311739925
0.05º,Cape,CEC,1.5710798899332683,1.1979732305967319
0.05º,Cape,CEC,0.4092414644029405,-0.7295806897062
0.05º,Cape,CEC,1.0887022018432617,0.3976820857069934
0.05º,Cape,CEC,1.3777073754204645,0.8771575816756239
0.05º,Cape,CEC,1.6031454934014215,1.2511718323245973
0.05º,Cape,CEC,1.6767536799112956,1.3732918667078062
0.05º,Cape,CEC,0.847413592868381,-0.002629002249730272
0.05º,Cape,CEC,0.7025650872124566,-0.24294064868168108
0.05º,Cape,CEC,0.8518105612860786,0.0046658104580801435
0.05º,Cape,CEC,0.6884354485405816,-0.266382497234766
0.05º,Cape,CEC,0.2806440459357368,-0.9429308876858801
0.05º,Cape,CEC,1.3179284201727972,0.7779810034120339
0.05º,Cape,CEC,2.0720868640475802,2.029171386753724
0.05º,Cape,CEC,0.11229271358913845,-1.2222350176941337
0.05º,Cape,CEC,0.7809417512681749,-0.11290944749128619
0.05º,Cape,CEC,0,-1.40853481252266
0.05º,Cape,CEC,1.0128577550252278,0.27185197234112046
0.05º,Cape,CEC,0.9812369346618652,0.21939129027444418
0.05º,Cape,CEC,0.6819563441806369,-0.27713168811590133
0.05º,Cape,CEC,0.47797515657212997,-0.6155477098302408
0.05º,Cape,CEC,0.22628132502237955,-1.0331216349638808
0.05º,Cape,CEC,0.5349908404880099,-0.5209555508554311
0.05º,Cape,CEC,1.421781645880805,0.9502792231564886
0.05º,Cape,CEC,0.8172639211018881,-0.05264896779082792
0.05º,Cape,CEC,1.0519671440124512,0.3367366020851958
0.05º,Cape,CEC,1.1951270633273654,0.5742467908016312
0.05º,Cape,CEC,0.7286546495225694,-0.1996566282836719
0.05º,Cape,CEC,1.7748199039035373,1.5359891319658976
0.05º,Cape,CEC,0.6288494533962674,-0.3652389440622566
0.05º,Cape,CEC,1.1625442504882812,0.5201901102491648
0.05º,Cape,CEC,0.9225343068440756,0.12200039848102176
0.05º,Cape,CEC,0.39038194928850445,-0.7608696637106965
0.05º,Cape,CEC,0.9428579542371962,0.15571844855290035
0.05º,Cape,CEC,0.1598045825958252,-1.143410210946194
0.05º,Cape,CEC,0.7723461786905924,-0.12716997568099958
0.05º,Cape,CEC,0.9743208355373807,0.20791710101743216
0.05º,Cape,CEC,0.6373526255289713,-0.35113171329828646
0.05º,Cape,CEC,1.5756849712795682,1.2056133141120644
0.05º,Cape,CEC,1.4238697687784831,0.9537435340185231
0.05º,Cape,CEC,1.7477620442708333,1.4910986529939885
0.05º,Cape,CEC,0.6286880705091689,-0.36550668715790663
0.05º,Cape,CEC,0.4471898760114397,-0.6666221853583658
0.05º,Cape,CEC,1.1231782913208008,0.45487981644895237
0.05º,Cape,CEC,0.7322186364067925,-0.19374377780495172
0.05º,Cape,CEC,0.7533768547905816,-0.15864112850698048
0.05º,Cape,CEC,0.2973242865668403,-0.9152574500429446
0.05º,Cape,CEC,1.6589375601874456,1.3437339431070112
0.05º,Cape,CEC,0.5654568142361112,-0.4704108229108433
0.05º,Cape,CEC,0.48987600538465714,-0.5958035463739079
0.05º,Cape,CEC,1.0997112062242296,0.41594663014524486
0.05º,Cape,CEC,0.5377063751220703,-0.516450329376625
0.05º,Cape,CEC,0.9613866806030273,0.1864586258097988
0.05º,Cape,CEC,0.9771917131212022,0.21268004500327864
0.05º,Cape,CEC,2.007984002431234,1.9228212097445376
0.05º,Cape,CEC,1.3104915618896484,0.7656428460371154
0.05º,Cape,CEC,0.7708813349405924,-0.12960023211846844
0.05º,Cape,CEC,1.569772826300727,1.1958047400617071
0.05º,Cape,CEC,0.4724443223741319,-0.6247236682997073
0.05º,Cape,CEC,1.6590090857611761,1.343852607972122
0.05º,Cape,CEC,0.9127998352050781,0.10585037403914431
0.05º,Cape,CEC,1.682108031378852,1.3821750306100993
0.05º,Cape,CEC,1.3669534259372287,0.8593161873563672
0.05º,Cape,CEC,0.9227050145467123,0.12228361195908617
0.05º,Cape,CEC,1.1835961871676974,0.5551164323475714
0.05º,Cape,CEC,1.0751109653049045,0.37513347593854235
0.05º,Cape,CEC,0.5353830125596788,-0.5203049157950237
0.05º,Cape,CEC,0.4368633031845093,-0.6837545382728925
0.05º,Cape,CEC,1.4214346143934462,0.9497034788109513
0.05º,Cape,CEC,0.1704475614759657,-1.1257529229676595
0.05º,Cape,CEC,0.802623430887858,-0.0769383471805042
0.05º,Cape,CEC,0.7099521425035265,-0.23068511721283955
0.05º,Cape,CEC,1.2609517574310303,0.6834535827136349
0.05º,Cape,CEC,0.45815934075249565,-0.6484232393598328
0.05º,Cape,CEC,1.0688396862574987,0.36472907869404353
0.05º,Cape,CEC,0.16324329376220703,-1.137705199781218
0.05º,Cape,CEC,0.49238790784563335,-0.591636161882503
0.05º,Cape,CEC,0.3858945634629991,-0.7683144838765612
0.05º,Cape,CEC,2.3852032555474176,2.5486487208512996
0.05º,Cape,CEC,0.8665809101528592,0.02917063250285749
0.05º,Cape,CEC,1.0409953859117296,0.318533851276702
0.05º,Cape,CEC,1.2646273507012262,0.6895515943318781
0.05º,Cape,CEC,1.4759300020005968,1.0401143274387572
0.05º,Cape,CEC,1.2273931503295898,0.6277780057514071
0.05º,Cape,CEC,0.7411666446261935,-0.1788985394798925
0.05º,Cape,CEC,0.24819554222954643,-0.9967647419916384
0.05º,Cape,CEC,0.6582714716593424,-0.316426195748886
0.05º,Cape,CEC,0.9510405858357748,0.16929388492137418
0.05º,Cape,CEC,1.3929254743787978,0.9024052457759945
0.05º,Cape,CEC,1.2559642791748047,0.67517908166946
0.05º,Cape,CEC,2.148479249742296,2.155910560886246
0.05º,Cape,CEC,1.8000588946872287,1.5778620073679894
0.05º,Cape,CEC,0.9234685897827148,0.12355042531906879
0.05º,Cape,CEC,1.1515252855088975,0.5019090406296979
0.05º,Cape,CEC,1.0796204672919378,0.3826149880341269
0.05º,Cape,CEC,1.35327943166097,0.8366302779439879
0.05º,Cape,CEC,0.45004908243815106,-0.6618786044647944
0.05º,Cape,CEC,0.24116502489362443,-1.008428757361442
0.05º,Cape,CEC,1.0514886644151475,0.33594277808755463
0.05º,Cape,CEC,0.8504389656914605,0.0023902578447556858
0.05º,Cape,CEC,0.9303349256515503,0.1349420545949288
0.05º,Cape,CEC,1.6432744132147894,1.3177479198459512
0.05º,Cape,CEC,1.7797098954518635,1.5441018971939213
0.05º,Cape,CEC,1.0351856776646204,0.3088952254045891
0.05º,Cape,CEC,0.9176446066962348,0.11388811670244824
0.05º,Cape,CEC,0.7559176550971137,-0.15442580089864508
0.05º,Cape,CEC,0.9079722298516167,0.09784111094346698
0.05º,Cape,CEC,0.7868278291490343,-0.10314412019176944
0.05º,Cape,CEC,1.1300925016403198,0.46635087207452647
0.05º,Cape,CEC,0.3885287178887261,-0.7639442766442812
0.05º,Cape,CEC,1.274563365512424,0.7060359899936673
0.05º,Cape,CEC,1.4859585232204862,1.0567521963260902
0.05º,Cape,CEC,0.45159520043267143,-0.6593135095805998
0.05º,Cape,CEC,0.7992633183797201,-0.08251295884370843
0.05º,Cape,CEC,0.3997964859008789,-0.7452504290940289
0.05º,Cape,CEC,1.141734653049045,0.4856658422937335
0.05º,Cape,CEC,0.9858777787950304,0.22709070622233218
0.05º,Cape,CEC,1.555786344740126,1.172600397038644
0.05º,Cape,CEC,1.4413866466946073,0.9828049989836544
0.05º,Cape,CEC,0.4271312289767795,-0.6999005852442911
0.05º,Cape,CEC,1.6109674241807725,1.2641488461733121
0.05º,Cape,CEC,1.0104362699720595,0.2678345953077701
0.05º,Cape,CEC,0.9529619216918945,0.17248148689794998
0.05º,Cape,CEC,2.7970844904581704,3.2319823682894477
0.05º,Cape,CEC,0.8491838243272569,3.079092118116197e-4
0.05º,Cape,CEC,1.0414845148722331,0.3193453431542597
0.05º,Cape,CEC,1.479613569047716,1.0462255679919625
0.05º,Cape,CEC,0.5371295081244575,-0.5174073834887185
0.05º,Cape,CEC,0.7452991803487142,-0.17204243517339163
0.05º,Cape,CEC,0.5908121532864041,-0.42834491932817126
0.05º,Cape,CEC,0.5626876619127061,-0.47500499908853244
0.05º,Cape,CEC,2.1341349283854165,2.132112541938028
0.05º,Cape,CEC,1.3850252363416884,0.8892983158749581
0.05º,Cape,CEC,0.6748818821377225,-0.2888686101742586
0.05º,Cape,CEC,1.1440905465020075,0.4895743992507827
0.05º,Cape,CEC,1.125081910027398,0.4580380246989409
0.05º,Cape,CEC,0.36814679039849174,-0.7977590166062501
0.05º,Cape,CEC,0.7279842164781358,-0.2007689136193103
0.05º,Cape,CEC,1.4050241576300726,0.9224776274592336
0.05º,Cape,CEC,0.67996978759765625,-0.28042749486947816
0.05º,Cape,CEC,0.6450978385077583,-0.3382819785048901
0.05º,Cape,CEC,0.7977492014567057,-0.08502496218825373
0.05º,Cape,CEC,1.0404570897420247,0.31764078829186815
0.05º,Cape,CEC,1.6143983205159504,1.269840892103026
0.05º,Cape,CEC,0.526982413397895,-0.534241972352435
0.05º,Cape,CEC,0.9076236089070638,0.09726272960092709
0.05º,Cape,CEC,0.5560628043280708,-0.4859960025947934
0.05º,Cape,CEC,0.47090991338094074,-0.6272693373059839
0.05º,Cape,CEC,0.9515772925482856,0.1701843109092054
0.05º,Cape,CEC,0.8406648635864258,-0.013825515722383065
0.05º,Cape,CEC,1.4355413648817275,0.9731073546072008
0.05º,Cape,CEC,1.121145248413086,0.45150688632304337
0.05º,Cape,CEC,0.3605855305989583,-0.8103035629465615
0.05º,Cape,CEC,3.0946014404296873,3.725579369965822
0.05º,Cape,CEC,1.2443496916029189,0.6559098413732706
0.05º,Cape,CEC,0.6098992029825846,-0.3966784529242081
0.05º,Cape,CEC,0.5032168494330512,-0.5736703515332446
0.05º,Cape,CEC,0.782562255859375,-0.1102209411473762
0.05º,Cape,CEC,0.46054712931315106,-0.6444617666629343
0.05º,Cape,CEC,1.1269760131835938,0.4611804461268744
0.05º,Cape,CEC,0.7638125419616699,-0.14132774888751698
0.05º,Cape,CEC,1.179941972096761,0.5490538883390115
0.05º,Cape,CEC,0.6270902421739366,-0.3681575723445815
0.05º,Cape,CEC,0.9359142515394423,0.14419846344794549
0.05º,Cape,CEC,0.6837163501315646,-0.2742117413350753
0.05º,Cape,CEC,0.831684430440267,-0.02872454878629249
0.05º,Cape,CEC,1.024661170111762,0.29143448788120235
0.05º,Cape,CEC,1.4154231813218858,0.9397301803478403
0.05º,Cape,CEC,0.5493981043497721,-0.4970531068259162
0.05º,Cape,CEC,0.4298199547661675,-0.6954398411149266
0.05º,Cape,CEC,0.9339971542358398,0.14101789346337612
0.05º,Cape,CEC,0.7906128565470377,-0.09686455132990696
0.05º,Cape,CEC,0.8373069763183594,-0.019396435589783982
0.05º,Cape,CEC,0.7289550569322374,-0.1991582358502066
0.05º,Cape,CEC,1.9407889048258464,1.8113408429669615
0.05º,Cape,CEC,0.5561271243625217,-0.4858892921160939
0.05º,Cape,CEC,1.2434994379679363,0.6544992237767537
0.05º,Cape,CEC,0.8419659932454427,-0.011666869976167728
0.05º,Cape,CEC,2.480901837348938,2.707417937349499
0.05º,Cape,CEC,0.5751709938049316,-0.4542944641306974
0.05º,Cape,CEC,0.5828820334540473,-0.44150142477285403
0.05º,Cape,CEC,1.1886801189846463,0.5635509551598459
0.05º,Cape,CEC,1.0760223865509033,0.3766455739697041
0.05º,Cape,CEC,0.6875575383504232,-0.2678389985791257
0.05º,Cape,CEC,1.044754770067003,0.3247708765869247
0.05º,Cape,CEC,0.5381397671169705,-0.5157313081939537
0.05º,Cape,CEC,2.0936916139390735,2.0650148564095874
0.05º,Cape,CEC,0.8251458273993598,-0.039572451255219944
0.05º,Cape,CEC,0.7603724797566732,-0.1470350014999451
0.05º,Cape,CEC,2.0384063720703125,1.9732935960713576
0.05º,Cape,CEC,0.5152563518948026,-0.553696154038397
0.05º,Cape,CEC,2.064814567565918,2.0171062464684604
0.05º,Cape,CEC,0.5157861709594727,-0.5528171550375766
0.05º,Cape,CEC,0.3020559946695964,-0.9074072857664157
0.05º,Cape,CEC,1.8422375784979925,1.6478387662237184
0.05º,Cape,CEC,0.5842682520548502,-0.43920161178710704
0.05º,Cape,CEC,0.9158818986680772,0.11096368702671798
0.05º,Cape,CEC,0.3945126533508301,-0.7540165982293129
0.05º,Cape,CEC,1.6797945764329698,1.3783368814730161
0.05º,Cape,CEC,0.7990392049153646,-0.08288477542105556
0.05º,Cape,CEC,2.402924802568224,2.578049743130448
0.05º,Cape,CEC,0.48508739471435547,-0.6037481151431248
0.05º,Cape,CEC,0.9633835156758627,0.1897714851439917
0.05º,Cape,CEC,1.4784537421332464,1.044301351279266
0.05º,Cape,CEC,0.6524027718438042,-0.3261626918811758
0.05º,Cape,CEC,0.7748720380995009,-0.12297943584448727
0.05º,Cape,CEC,2.6019839180840387,2.9082997762272638
0.05º,Cape,CEC,0.9056426286697388,0.09397617431183376
0.05º,Cape,CEC,0.3784139421251085,-0.7807252465689477
0.05º,Cape,CEC,0.5314279132419162,-0.5268666433361496
0.05º,Cape,CEC,0.8705505794949002,0.03575653251650598
0.05º,Cape,CEC,2.130295435587565,2.125742611978881
0.05º,Cape,CEC,1.3455919689602323,0.8238763540416812
0.05º,Cape,CEC,0.5408314598931206,-0.5112656416701847
0.05º,Cape,CEC,1.5541742529187883,1.1699258479431542
0.05º,Cape,CEC,1.5560456381903753,1.1730305791496456
0.05º,Cape,CEC,0.9078157212999132,0.09758145463862455
0.05º,Cape,CEC,0.9051939646402994,0.09323181598296379
0.05º,Cape,CEC,1.0818228191799588,0.3862688110807383
0.05º,Cape,CEC,0.682008425394694,-0.27704528251412064
0.05º,Cape,CEC,0.904592408074273,0.09223380051743209
0.05º,Cape,CEC,0.2838496102227105,-0.9376126800312151
0.05º,Cape,CEC,0.3721051745944553,-0.7911918392713191
0.05º,Cape,CEC,1.0559978485107422,0.3434237627837388
0.05º,Cape,CEC,0.7457014719645182,-0.17137501123206866
0.05º,Cape,CEC,1.2597072389390733,0.6813888580106573
0.05º,Cape,CEC,0.8422667185465494,-0.01116795014330207
0.05º,Cape,CEC,1.7597468694051106,1.5109821377919515
0.05º,Cape,CEC,2.2113306181771413,2.260184441798465
0.05º,Cape,CEC,0.7187848620944552,-0.2160311490703589
0.05º,Cape,CEC,1.0462289386325412,0.32721660340680797
0.05º,Cape,CEC,1.2526205778121948,0.669631697000306
0.05º,Cape,CEC,1.7657592561509874,1.520957018453264
0.05º,Cape,CEC,1.7027703391181097,1.4164549368433024
0.05º,Cape,CEC,0.5836049185858833,-0.4403021185361344
0.05º,Cape,CEC,1.449936866760254,0.9969902848588974
0.05º,Cape,CEC,0.6426834378923688,-0.34228760206588693
0.05º,Cape,CEC,0.5918238957722982,-0.42666638283620423
0.05º,Cape,CEC,0.5729577276441786,-0.45796639455672544
0.05º,Cape,CEC,1.4258667627970378,0.9570566570524162
0.05º,Cape,CEC,1.9430264896816678,1.815053119447127
0.05º,Cape,CEC,0.5354211926460266,-0.520241572929527
0.05º,Cape,CEC,0.42893653445773655,-0.696905484048895
0.05º,Cape,CEC,0.8795829349093967,0.05074170748249572
0.05º,Cape,CEC,1.0024539099799261,0.2545914205616063
0.05º,Cape,CEC,1.0549868477715387,0.3417464568903731
0.05º,Cape,CEC,0.8845676845974393,0.059011681681816586
0.05º,Cape,CEC,0.5904035568237305,-0.42902280335760423
0.05º,Cape,CEC,0.6077516343858507,-0.4002413874741344
0.05º,Cape,CEC,0.6060947842068143,-0.4029901931495005
0.05º,Cape,CEC,1.6501967112223308,1.329232393391273
0.05º,Cape,CEC,0.539836565653483,-0.5129162259939257
0.05º,Cape,CEC,1.559708489312066,1.179107450841919
0.05º,Cape,CEC,1.929334004720052,1.792336532969619
0.05º,Cape,CEC,0.6955506006876627,-0.25457806805314565
0.05º,Cape,CEC,1.4835148917304144,1.0526980771345051
0.05º,Cape,CEC,0.7054883109198676,-0.23809085959455337
0.05º,Cape,CEC,0.8723155127631294,0.03868465398803956
0.05º,Cape,CEC,0.1920766830444336,-1.089869019357759
0.05º,Cape,CEC,1.0956318378448486,0.40917873338847655
0.05º,Cape,CEC,1.2525450388590496,0.6695063737177641
0.05º,Cape,CEC,0.4773031870524089,-0.6166625442629815
0.05º,Cape,CEC,0.5581157472398546,-0.48259005726641374
0.05º,Cape,CEC,0.6767285664876302,-0.2858048591568983
0.05º,Cape,CEC,2.311580843395657,2.4265050853449184
0.05º,Cape,CEC,1.9317067010062081,1.7962729667521227
0.05º,Cape,CEC,1.4447916348775227,0.9884540618622281
0.05º,Cape,CEC,1.7920523749457464,1.5645787502673882
0.05º,Cape,CEC,0.6369209289550781,-0.3518479216841551
0.05º,Cape,CEC,1.1588735050625272,0.5141001414717794
0.05º,Cape,CEC,0.9390365812513564,0.14937858035958154
0.05º,Cape,CEC,0.7573881149291992,-0.15198622707176757
0.05º,Cape,CEC,0.44364070892333984,-0.6725104489793201
0.05º,Cape,CEC,2.0262085596720376,1.9530567536750647
0.05º,Cape,CEC,0.8092452155219184,-0.06595244186844786
0.05º,Cape,CEC,0.5626593695746528,-0.4750519376351762
0.05º,Cape,CEC,1.779518233405219,1.5437839193053746
0.05º,Cape,CEC,0.6215899785359701,-0.3772828125717006
0.05º,Cape,CEC,1.7688639958699544,1.5261079525980725
0.05º,Cape,CEC,1.0543960995144315,0.340766373004458
0.05º,Cape,CEC,0.5505859586927626,-0.49508239106607627
0.05º,Cape,CEC,1.4844733344184027,1.0542881863269895
0.05º,Cape,CEC,1.8988036049736872,1.741684918746532
0.05º,Cape,CEC,0.5175246132744683,-0.5499329835160839
0.05º,Cape,CEC,0.3679092725118001,-0.798153071858318
0.05º,Cape,CEC,0.32392628987630206,-0.8711232618113418
0.05º,Cape,CEC,0.8496679306030274,0.001111068178841513
0.05º,Cape,CEC,0.5534621874491373,-0.4903105691903215
0.05º,Cape,CEC,0.7404258516099718,-0.18012755588283988
0.05º,Cape,CEC,0.24837522506713866,-0.9964666382705001
0.05º,Cape,CEC,1.5519986152648926,1.1663163452818774
0.05º,Cape,CEC,1.500921991136339,1.0815774135066665
0.05º,Cape,CEC,0.5264900207519532,-0.5350588788638376
0.05º,Cape,CEC,0.9870670182364327,0.22906371993670271
0.05º,Cape,CEC,1.2374327977498372,0.644434333617757
0.05º,Cape,CEC,0.24501927693684897,-1.002034341001558
0.05º,Cape,CEC,0.4744458728366428,-0.6214029858744071
0.05º,Cape,CEC,0.525690926445855,-0.5363846203168354
0.05º,Cape,CEC,1.0462696552276611,0.32728415448002113
0.05º,Cape,CEC,0.545634905497233,-0.5032964609289449
0.05º,Cape,CEC,0.11705207824707031,-1.2143389696697622
0.05º,Cape,CEC,0.296129756503635,-0.9172392411901948
0.05º,Cape,CEC,0.6303574244181315,-0.3627371371061211
0.05º,Cape,CEC,1.1151802274915907,0.4416105881724044
0.05º,Cape,CEC,0.578643004099528,-0.4485342078785198
0.05º,Cape,CEC,0.6489962471856011,-0.331814303856852
0.05º,Cape,CEC,0.8396096229553223,-0.015576218032317492
0.05º,Cape,CEC,1.1752198537190754,0.5412196339443975
0.05º,Cape,CEC,0.6828526920742459,-0.2756445976063128
0.05º,Cape,CEC,0.6903194189071655,-0.26325688666272296
0.05º,Cape,CEC,1.148737695482042,0.4972842752867803
0.05º,Cape,CEC,0.45730633205837673,-0.649838427751154
0.05º,Cape,CEC,0.6408190727233887,-0.3453806865356174
0.05º,Cape,CEC,1.5022194120619032,1.0837299062598762
0.05º,Cape,CEC,0.5298709869384766,-0.529449669799961
0.05º,Cape,CEC,0.7868149015638564,-0.10316556776738939
0.05º,Cape,CEC,0.5878915786743164,-0.4331903134202949
0.05º,Cape,CEC,0.7027916378445096,-0.24256478870893008
0.05º,Cape,CEC,0.21012486351860893,-1.059926094194605
0.05º,Cape,CEC,2.160661803351508,2.1761220881113146
0.05º,Cape,CEC,0.6711599826812744,-0.2950434463051734
0.05º,Cape,CEC,2.4053364859686956,2.582050858682283
0.05º,Cape,CEC,2.0579196082221136,2.005667129271581
0.05º,Cape,CEC,1.6833615832858615,1.384254742246041
0.05º,Cape,CEC,0.9484026167127821,0.16491734889628828
0.05º,Cape,CEC,1.3824576801723905,0.8850385988170814
0.05º,SWA,CEC,0.5858835644192166,-0.43652171963340497
0.05º,SWA,CEC,0.3622552023993598,-0.8075334854953754
0.05º,SWA,CEC,0.5293892754448785,-0.5302488556915071
0.05º,SWA,CEC,0.749548594156901,-0.16499242368730999
0.05º,SWA,CEC,0.4987288581000434,-0.5811161762693959
0.05º,SWA,CEC,0.4289139641655816,-0.69694292940633
0.05º,SWA,CEC,0.2536214192708333,-0.9877629132242346
0.05º,SWA,CEC,0.4241338306003147,-0.7048734341915337
0.05º,SWA,CEC,1.1837866306304932,0.5554323885384165
0.05º,SWA,CEC,0.6456407970852323,-0.33738118032884906
0.05º,SWA,CEC,0.26021819644504124,-0.9768184966650171
0.05º,SWA,CEC,1.575558238559299,1.205403057551068
0.05º,SWA,CEC,0.40589555104573566,-0.7351317441961823
0.05º,SWA,CEC,0.5257886250813802,-0.536222532901084
0.05º,SWA,CEC,0.8772017161051432,0.04679113437320755
0.05º,SWA,CEC,0.35881635877821183,-0.8132387164101016
0.05º,SWA,CEC,0.4436091317070855,-0.6725628373197691
0.05º,SWA,CEC,1.1093774371676974,0.4319834395158165
0.05º,SWA,CEC,1.5465208689371746,1.1572284625122933
0.05º,SWA,CEC,0.21529706319173178,-1.0513451301487937
0.05º,SWA,CEC,0.2653614679972331,-0.9682855259646507
0.05º,SWA,CEC,1.2815561294555664,0.7176373704060983
0.05º,SWA,CEC,0.33163007100423175,-0.8583422647398097
0.05º,SWA,CEC,0.740881601969401,-0.17937144094233398
0.05º,SWA,CEC,0,-1.40853481252266
0.05º,SWA,CEC,0.7010975943671333,-0.245375300114154
0.05º,SWA,CEC,0.626225577460395,-0.3695920987139207
0.05º,SWA,CEC,1.0951087209913466,0.40831085372501635
0.05º,SWA,CEC,0.5320207277933756,-0.52588313135413145
0.05º,SWA,CEC,0.35784657796223956,-0.8148476361812038
0.05º,SWA,CEC,0.29866695404052734,-0.913029890775065
0.05º,SWA,CEC,0.6096389558580186,-0.3971102172334112
0.05º,SWA,CEC,0.20724794599745008,-1.0646990587690608
0.05º,SWA,CEC,2.3468644618988037,2.4850425512039678
0.05º,SWA,CEC,0.40631580352783203,-0.7344345221887314
0.05º,SWA,CEC,1.097666581471761,0.4125544851011779
0.05º,SWA,CEC,0.25771405961778426,-0.9809729975424956
0.05º,SWA,CEC,0.7512876192728678,-0.16210728526691648
0.05º,SWA,CEC,0.3959663179185655,-0.7516048886707615
0.05º,SWA,CEC,0.4059252209133572,-0.7350825202521364
0.05º,SWA,CEC,0.5643978648715549,-0.47216767821378364
0.05º,SWA,CEC,0.6341463724772135,-0.3564510636516525
0.05º,SWA,CEC,0.5691587924957275,-0.4642690371423595
0.05º,SWA,CEC,0.2574908998277452,-0.9813432319216412
0.05º,SWA,CEC,0.6428123580084907,-0.34207371649473
0.05º,SWA,CEC,0.5219596227010092,-0.5425750586800147
0.05º,SWA,CEC,0.4158490498860677,-0.7186183415673657
0.05º,SWA,CEC,0.3754941092597114,-0.78556941006247
0.05º,SWA,CEC,3.9295598136054144,5.1108212849679004
0.05º,SWA,CEC,1.4024282031589084,0.9181707960549128
0.05º,SWA,CEC,0.19309584299723306,-1.0881781768797805
0.05º,SWA,CEC,0.43857500288221574,-0.6809147342259662
0.05º,SWA,CEC,0.7271475262112088,-0.2021570288414061
0.05º,SWA,CEC,0.7474729749891493,-0.16843599017292474
0.05º,SWA,CEC,1.0031496683756511,0.2557457220494842
0.05º,SWA,CEC,0.6888055801391602,-0.2657684285327927
0.05º,SWA,CEC,0.4701822068956163,-0.628476642433611
0.05º,SWA,CEC,0.6862492031521268,-0.2700095987117521
0.05º,SWA,CEC,0.49374029371473527,-0.5893924792615226
0.05º,SWA,CEC,0.7604671054416232,-0.1468780122783987
0.05º,SWA,CEC,1.4291631910536025,0.9625256130357218
0.05º,SWA,CEC,0.8934628168741862,0.07376919590659381
0.05º,SWA,CEC,0.2063240475124783,-1.0662318572266918
0.05º,SWA,CEC,0.6517793867323134,-0.32719692210554124
0.05º,SWA,CEC,0.3189542558458116,-0.8793721400346428
0.05º,SWA,CEC,0.21643606821695963,-1.0494554580968296
0.05º,SWA,CEC,0.42259735531277126,-0.7074225312939135
0.05º,SWA,CEC,0.3857492870754666,-0.7685555054025862
0.05º,SWA,CEC,0.3817034827338325,-0.7752677175726526
0.05º,SWA,CEC,0.33756107754177517,-0.8485023983250232
0.05º,SWA,CEC,0.33497630225287545,-0.8527906828504267
0.05º,SWA,CEC,0.3508078257242839,-0.8265253137069057
0.05º,SWA,CEC,0.32244332631429035,-0.8735835800146388
0.05º,SWA,CEC,3.1956512133280435,3.893226507137274
0.05º,SWA,CEC,0.4832174513075087,-0.6068504542166211
0.05º,SWA,CEC,0.39249610900878906,-0.7573621563263363
0.05º,SWA,CEC,0.5492163764105903,-0.4973546034831976
0.05º,SWA,CEC,1.1106913884480794,0.43416335703785164
0.05º,SWA,CEC,0.5799763997395834,-0.44632203109315444
0.05º,SWA,CEC,0.8504372702704536,0.0023874450479531005
0.05º,SWA,CEC,0.31967523362901473,-0.878175998194326
0.05º,SWA,CEC,0.44921133253309464,-0.6632684776848919
0.05º,SWA,CEC,0.45246124267578125,-0.6578766978138584
0.05º,SWA,CEC,0.728083504570855,-0.20060418920655648
0.05º,SWA,CEC,1.1394063631693523,0.4818030811846275
0.05º,SWA,CEC,0.22395430670844185,-1.0369822864753848
0.05º,SWA,CEC,0.6548305087619357,-0.3221349426596156
0.05º,SWA,CEC,0.21358797285291883,-1.0541806051256408
0.05º,SWA,CEC,2.4262563705444338,2.6167580990697257
0.05º,SWA,CEC,1.1071141106741769,0.42822845624133954
0.05º,SWA,CEC,1.1572028266059027,0.5113283939224915
0.05º,SWA,CEC,0.5351846483018663,-0.5206340130209309
0.05º,SWA,CEC,0.49381626976860893,-0.589266430804805
0.05º,SWA,CEC,0.42379910605294363,-0.705428760645995
0.05º,SWA,CEC,0.4495048522949219,-0.6627815122384374
0.05º,SWA,CEC,0.49657313028971356,-0.5846926474039349
0.05º,SWA,CEC,2.3611017227172852,2.5086629508240894
0.05º,SWA,CEC,0.9945899115668403,0.24154461419222617
0.05º,SWA,CEC,0.6267063352796767,-0.36879449502057604
0.05º,SWA,CEC,0.41076914469401044,-0.7270461839872338
0.05º,SWA,CEC,0.672638734181722,-0.29259011614393293
0.05º,SWA,CEC,1.0493666330973308,0.3324222112894681
0.05º,SWA,CEC,0.9569525188869901,0.17910210737213098
0.05º,SWA,CEC,0.4459029303656684,-0.6687572990456162
0.05º,SWA,CEC,0.3010001712375217,-0.9091589549752512
0.05º,SWA,CEC,0.47356435987684464,-0.6228654644119724
0.05º,SWA,CEC,1.0336821873982747,0.3064008522685747
0.05º,SWA,CEC,0.79111205206977,-0.0960363584713337
0.05º,SWA,CEC,0.3321664598253038,-0.8574523661513789
0.05º,SWA,CEC,0.3603063159518772,-0.810766795419994
0.05º,SWA,CEC,0.31923792097303605,-0.8789015239696033
0.05º,SWA,CEC,0.6419642766316732,-0.34348073019534353
0.05º,SWA,CEC,9.685039785173204,14.659479462077664
0.05º,SWA,CEC,0.5436613294813368,-0.5065707322070016
0.05º,SWA,CEC,0.4992908901638455,-0.5801837341293256
0.05º,SWA,CEC,0.5666894912719727,-0.46836574383553414
0.05º,SWA,CEC,0.12937821282280815,-1.1938892337154705
0.05º,SWA,CEC,0.8355250358581543,-0.022352772929243966
0.05º,SWA,CEC,1.999794324239095,1.9092340826893526
0.05º,SWA,CEC,0.44636058807373047,-0.6679980197087074
0.05º,SWA,CEC,0.5767117606268989,-0.4517382471364109
0.05º,SWA,CEC,0.9847197002834744,0.2251693902063386
0.05º,SWA,CEC,0.5063773261176215,-0.5684269466935495
0.05º,SWA,CEC,0.4391937255859375,-0.6798882391928079
0.05º,SWA,CEC,0.5397486156887479,-0.5130621398280618
0.05º,SWA,CEC,0.7071810828314887,-0.2352824577869315
0.05º,SWA,CEC,0.4454437361823188,-0.6695191274796275
0.05º,SWA,CEC,0.5981649292839898,-0.4161462590946829
0.05º,SWA,CEC,0.7190986209445529,-0.21551060586207293
0.05º,SWA,CEC,4.274172253078884,5.682552296867458
0.05º,SWA,CEC,0.9378556145562066,0.14741929158675232
0.05º,SWA,CEC,0.38623587290445965,-0.7677482327202325
0.05º,SWA,CEC,0.32790162828233504,-0.8645279565083844
0.05º,SWA,CEC,0.19295342763264975,-1.0884144518112011
0.05º,SWA,CEC,0.6560565100775825,-0.3201009389717166
0.05º,SWA,CEC,0.6532900068495009,-0.32469072015440154
0.05º,SWA,CEC,0.26983006795247394,-0.9608718725919296
0.05º,SWA,CEC,0.5900298224555122,-0.42964284925278307
0.05º,SWA,CEC,0.33080577850341797,-0.8597098113852863
0.05º,SWA,CEC,0.853893068101671,0.008120803930705606
0.05º,SWA,CEC,0.45763860430036274,-0.6492871698063536
0.05º,SWA,CEC,0.7041478686862521,-0.24031472706662962
0.05º,SWA,CEC,0.46829064687093097,-0.6316148446663408
0.05º,SWA,CEC,0.3161158031887478,-0.884081289281639
0.05º,SWA,CEC,0.5279355578952365,-0.5326606531499588
0.05º,SWA,CEC,0.3678823577033149,-0.7981977250075596
0.05º,SWA,CEC,0.45449336369832355,-0.6545052971462109
0.05º,SWA,CEC,0.518498526679145,-0.5483172075527755
0.05º,SWA,CEC,0.4395284652709961,-0.6793328876240895
0.05º,SWA,CEC,1.1850950453016493,0.5576031205208931
0.05º,SWA,CEC,0.3896198272705078,-0.7621340661019912
0.05º,SWA,CEC,0.2700988981458876,-0.9604258684989131
0.05º,SWA,CEC,0.8177839914957682,-0.051786142371622525
0.05º,SWA,CEC,2.1251362694634333,2.1171832713084906
0.05º,SWA,CEC,0.6808898713853624,-0.2789010252046531
0.05º,SWA,CEC,2.2694871690538196,2.356669361878871
0.05º,SWA,CEC,0.4423364003499349,-0.6746743687195403
0.05º,SWA,CEC,0.8013052410549588,-0.07912529669454575
0.05º,SWA,CEC,0.4859429995218913,-0.6023286196566996
0.05º,SWA,CEC,0.5939071443345811,-0.4232101587649777
0.05º,SWA,CEC,3.73976378970676,4.795939230901931
0.05º,SWA,CEC,0.3316637674967448,-0.8582863604033573
0.05º,SWA,CEC,0.7582461569044325,-0.15056268818993854
0.05º,SWA,CEC,0.8123463524712456,-0.06080748491684466
0.05º,SWA,CEC,0.42641724480523,-0.701085124297797
0.05º,SWA,CEC,0.5984085627964565,-0.41574205768271977
0.05º,SWA,CEC,0.15856191847059461,-1.145471859152669
0.05º,SWA,CEC,0.6745693418714735,-0.2893871316848427
0.05º,SWA,CEC,0.4532882372538249,-0.6565046682734774
0.05º,SWA,CEC,0.48553525076972115,-0.6030050972877311
0.05º,SWA,CEC,0.3849329418606228,-0.7699098670630506
0.05º,SWA,CEC,0.8548261097499302,0.009668771399665063
0.05º,SWA,CEC,0.5182385974460177,-0.5487484444625781
0.05º,SWA,CEC,0.7165794372558594,-0.2196900703111747
0.05º,SWA,CEC,0.760939810011122,-0.14609376936986643
0.05º,SWA,CEC,0.39194509718153214,-0.7582763152871896
0.05º,SWA,CEC,0.33349249098036027,-0.8552524074521249
0.05º,SWA,CEC,0.4183455573187934,-0.714476498275499
0.05º,SWA,CEC,0.637385368347168,-0.3510773911600357
0.05º,SWA,CEC,0.3130481508043077,-0.8891706934963906
0.05º,SWA,CEC,0.5211421118842231,-0.5439313541382809
0.05º,SWA,CEC,0.8068726857503256,-0.06988859939412255
0.05º,SWA,CEC,0.3904190593295627,-0.7608080961092534
0.05º,SWA,CEC,0.27899328867594403,-0.9456695848727368
0.05º,SWA,CEC,0.7020295461018881,-0.24382914087171048
0.05º,SWA,CEC,0.7465773688422309,-0.16992185008391195
0.05º,SWA,CEC,0.44285541110568577,-0.6738133012983365
0.05º,SWA,CEC,2.513753890991211,2.761921303219207
0.05º,SWA,CEC,0.7966406610276964,-0.08686409179767068
0.05º,SWA,CEC,0.5684629016452365,-0.46542355837998745
0.05º,SWA,CEC,1.0522696177164714,0.3372384226147644
0.05º,SWA,CEC,0.9445524215698242,0.1585296631573248
0.05º,SWA,CEC,0.4395814471774631,-0.6792449877240074
0.05º,SWA,CEC,0.7200180689493815,-0.21398519099604882
0.05º,SWA,CEC,0.22106022304958767,-1.0417837306174673
0.05º,SWA,CEC,0.2801680564880371,-0.9437205803882174
0.05º,SWA,CEC,1.3053302764892578,0.7570799893707213
0.05º,SWA,CEC,1.278934531741672,0.7132879954501377
0.05º,SWA,CEC,0.7174844741821289,-0.21818856421797295
0.05º,SWA,CEC,0.2741868760850694,-0.9536436880083814
0.05º,SWA,CEC,0.444477293226454,-0.6711225095570243
0.05º,SWA,CEC,0.4477214813232422,-0.6657402228751996
0.05º,SWA,CEC,0.7514127095540365,-0.1618997536028226
0.05º,SWA,CEC,0.5302897559271919,-0.5287549089897124
0.05º,SWA,CEC,0.5196526845296224,-0.5464023961293878
0.05º,SWA,CEC,0.33358224232991535,-0.8551035050213861
0.05º,SWA,CEC,1.0429234504699707,0.3217326165405883
0.05º,SWA,CEC,0.410026126437717,-0.7282788921859846
0.05º,SWA,CEC,1.4725302590264215,1.0344739666502918
0.05º,SWA,CEC,0.5738089879353842,-0.4565541068621069
0.05º,SWA,CEC,0.2114251454671224,-1.0577688548467907
0.05º,SWA,CEC,0.48598819308810765,-0.6022536410419296
0.05º,SWA,CEC,0.5149617724948459,-0.5541848774828535
0.05º,SWA,CEC,0.4083044793870714,-0.7311351994391513
0.05º,SWA,CEC,0.9954997168646919,0.24305403127643535
0.05º,SWA,CEC,0.6081188519795736,-0.3996321532666655
0.05º,SWA,CEC,0.6145141389634874,-0.3890220200274602
0.05º,SWA,CEC,0.3204986784193251,-0.8768098579472505
0.05º,SWA,CEC,2.401080025566949,2.5749891565094907
0.05º,SWA,CEC,0.3276461495293511,-0.8649518098265802
0.05º,SWA,CEC,1.3122837543487549,0.7686161920072413
0.05º,SWA,CEC,0.3415932125515408,-0.8418128643291779
0.05º,SWA,CEC,0.33647689819335935,-0.8503011115603826
0.05º,SWA,CEC,0.9510056177775065,0.16923587098731988
0.05º,SWA,CEC,0.6601024203830295,-0.3133885510018501
0.05º,SWA,CEC,0.5212436252170138,-0.5437629379297237
0.05º,SWA,CEC,0.3925722969902886,-0.7572357562700183
0.05º,SWA,CEC,1.253481970893012,0.671060795550815
0.05º,SWA,CEC,0.5611006418863932,-0.47763795269559056
0.05º,SWA,CEC,0.37699010637071395,-0.783087468483753
0.05º,SWA,CEC,0.6529402203030057,-0.3252710352947432
0.05º,SWA,CEC,0.3367468516031901,-0.8498532439894843
0.05º,SWA,CEC,0.521049075656467,-0.544085706362825
0.05º,SWA,CEC,1.1261287265353732,0.45977475092476205
0.05º,SWA,CEC,0.9071941375732422,0.09655021301086185
0.05º,SWA,CEC,0.47947237226698136,-0.6130637465538217
0.05º,SWA,CEC,1.2737459455217635,0.7046798452209443
0.05º,SWA,CEC,2.8185704549153647,3.2676287663693273
0.05º,SWA,CEC,1.2943738301595051,0.7389026416333511
0.05º,SWA,CEC,1.4343852996826172,0.9711893787874102
0.05º,SWA,CEC,0.7532398435804579,-0.15886843764859263
0.05º,SWA,CEC,0.6748491923014323,-0.28892284441260935
0.05º,SWA,CEC,0.9325722058614095,0.1386538256506691
0.05º,SWA,CEC,0.34704727596706814,-0.8327642728149304
0.05º,SWA,CEC,0.6924463907877604,-0.2597281231989536
0.05º,SWA,CEC,1.1756315231323242,0.5419026161680353
0.05º,SWA,CEC,0.5417628818088107,-0.5097203614267422
0.05º,SWA,CEC,0.2100023693508572,-1.0601293187635945
0.05º,SWA,CEC,0.38607947031656903,-0.7680077132252747
0.05º,SWA,CEC,0.25151793162027997,-0.9912527150572924
0.05º,SWA,CEC,0.2842266294691298,-0.9369871843422312
0.05º,SWA,CEC,0.33189625210232204,-0.8579006556417972
0.05º,SWA,CEC,0.28818109300401473,-0.9304265115999063
0.05º,SWA,CEC,0.500370979309082,-0.5783918067662526
0.05º,SWA,CEC,0.461977481842041,-0.6420887330604189
0.05º,SWA,CEC,1.4428555965423584,0.9852420676633795
0.05º,SWA,CEC,0.49330096774631077,-0.5901213452330031
0.05º,SWA,CEC,0.16783883836534289,-1.1300809382479002
0.05º,SWA,CEC,0.7661002477010092,-0.13753231910187358
0.05º,SWA,CEC,0.14762157864040798,-1.163622485320414
0.05º,SWA,CEC,1.1972445911831326,0.5777598861082112
0.05º,SWA,CEC,0.4552266862657335,-0.6532886746291751
0.05º,SWA,CEC,0.3460086186726888,-0.8344874624561393
0.05º,SWA,CEC,0.4997608396742079,-0.5794040620155976
0.05º,SWA,CEC,0.4343339072333442,-0.6879509454277352
0.05º,SWA,CEC,0.9957989586724175,0.2435504899120988
0.05º,SWA,CEC,0.7053082784016927,-0.23838954345503216
0.05º,SWA,CEC,0.40445560879177517,-0.7375206876806126
0.05º,SWA,CEC,0.9406543307834201,0.1520625159086871
0.05º,SWA,CEC,0.3711872100830078,-0.7927147929401409
0.05º,SWA,CEC,0.27174896664089626,-0.9576883140107573
0.05º,SWA,CEC,0.3831009334988064,-0.7729492698080881
0.05º,SWA,CEC,1.7986054950290256,1.5754507373089381
0.05º,SWA,CEC,0.30124473571777344,-0.9087532090364724
0.05º,SWA,CEC,0.5198610093858507,-0.5460567737222651
0.05º,SWA,CEC,0.3401355743408203,-0.8442311663802357
0.05º,SWA,CEC,0.4719899495442708,-0.625477497842811
0.05º,SWA,CEC,1.094577153523763,0.40742895402749285
0.05º,SWA,CEC,0.37142552269829643,-0.7923194191895718
0.05º,SWA,CEC,1.4326082865397136,0.9682412161386579
0.05º,SWA,CEC,0.1705863740709093,-1.1255226252294446
0.05º,SWA,CEC,1.4172526465521917,0.9427653638976738
0.05º,SWA,CEC,0.7953723271687826,-0.08896832750573506
0.05º,SWA,CEC,1.151434686448839,0.5017587318005576
0.05º,SWA,CEC,0.27004019419352215,-0.9605232615882039
0.05º,SWA,CEC,1.0492117745535714,0.3321652924386566
0.05º,SWA,CEC,0.9261625077989366,0.12801978363864125
0.05º,SWA,CEC,0.49747159745958114,-0.5832020408983434
0.05º,SWA,CEC,0.9575468169318305,0.1800880805513514
0.05º,SWA,CEC,2.404344286237444,2.5804047446963176
0.05º,SWA,CEC,0.7565013340541294,-0.1534574453708268
0.05º,SWA,CEC,0.22937583923339844,-1.0279876654997877
0.05º,SWA,CEC,0.6655753453572592,-0.30430866712317317
0.05º,SWA,CEC,0.9413629108005099,0.1532380891723846
0.05º,SWA,CEC,1.3833674324883356,0.8865479280013905
0.05º,SWA,CEC,1.050806787278917,0.3348115063734985
0.05º,SWA,CEC,0.5202629301283095,-0.5453899650802426
0.05º,SWA,CEC,1.161855591668023,0.5190475873478984
0.05º,SWA,CEC,0.17108072553362166,-1.1247024689331646
0.05º,SWA,CEC,0.2471684349907769,-0.9984687694546294
0.05º,SWA,CEC,1.7300070656670465,1.4616421658778886
0.05º,SWA,CEC,0.2993899981180827,-0.911830320838645
0.05º,SWA,CEC,0.4735832214355469,-0.6228341720475432
0.05º,SWA,CEC,0.13197400834825304,-1.18958266601085
0.05º,SWA,CEC,1.4692851172553167,1.029090097770265
0.05º,SWA,CEC,0.6365760167439779,-0.3524201500336892
0.05º,SWA,CEC,0.6565248701307509,-0.31932390385499115
0.05º,SWA,CEC,0.8181857003106011,-0.05111968532920029
0.05º,SWA,CEC,0.29636965857611763,-0.9168412304426232
0.05º,SWA,CEC,1.3342297871907551,0.8050258688694826
0.05º,SWA,CEC,0.5560568703545464,-0.48600584738360264
0.05º,SWA,CEC,0.5787942674424913,-0.44828325366378546
0.05º,SWA,CEC,0.23277992672390407,-1.022340096919515
0.05º,SWA,CEC,0.31521034240722656,-0.8855834985740415
0.05º,SWA,CEC,0.5979345109727647,-0.4165285357601398
0.05º,SWA,CEC,0.41685242123074,-0.7169536932596117
0.05º,SWA,CEC,0.7927168740166558,-0.09337387049784808
0.05º,SWA,CEC,0.4521530469258626,-0.6583880115326357
0.05º,SWA,CEC,0.24955664740668404,-0.9945065935585302
0.05º,SWA,CEC,0.9729303783840604,0.20561025603967853
0.05º,SWA,CEC,0.2846403121948242,-0.9363008619223904
0.05º,SWA,CEC,1.0573977364434137,0.3457462539437072
0.05º,SWA,CEC,0.2949441274007161,-0.9192062651542313
0.05º,SWA,CEC,0.8948284784952799,0.07603490373110904
0.05º,SWA,CEC,0.48751597934299046,-0.5997189595231632
0.05º,SWA,CEC,0.5357627868652344,-0.5196748493112354
0.05º,SWA,CEC,0.7868582407633463,-0.10309366564912235
0.05º,SWA,CEC,0.3688184420267741,-0.7966447095729098
0.05º,SWA,CEC,0.4240570068359375,-0.7050008890466527
0.05º,SWA,CEC,0.7310966915554471,-0.19560514608908935
0.05º,SWA,CEC,0.5364036560058594,-0.5186116121198429
0.05º,SWA,CEC,0.5806196000840929,-0.4452549263061583
0.05º,SWA,CEC,0.42817052205403644,-0.6981763408042814
0.05º,SWA,CEC,0.9224956300523546,0.12193623155396176
0.05º,SWA,CEC,0.5961325433519151,-0.4195180992618308
0.05º,SWA,CEC,0.08503659566243489,-1.2674544180921496
0.05º,SWA,CEC,0.7690699895222982,-0.13260535390247385
0.05º,SWA,CEC,1.0065432654486761,0.26137588644954013
0.05º,SWA,CEC,0.29906537797715926,-0.912368883526448
0.05º,SWA,CEC,0.40707556406656903,-0.7331740376215546
0.05º,SWA,CEC,1.1412503719329834,0.4848623932570335
0.05º,SWA,CEC,0.6341099209255643,-0.35651153878290887
0.05º,SWA,CEC,0.5281352996826172,-0.5323292705266494
0.05º,SWA,CEC,0.29973411560058594,-0.9112594109876121
0.05º,SWA,CEC,0.6029191546969943,-0.4082587373606193
0.05º,SWA,CEC,0.517489062415229,-0.549991964349039
0.05º,SWA,CEC,1.1387129889594183,0.48065273519225327
0.05º,SWA,CEC,0.9880651897854276,0.23071974149712032
0.05º,SWA,CEC,0.72467041015625,-0.20626670076984288
0.05º,SWA,CEC,0.6055548787117004,-0.40388592609379936
0.05º,SWA,CEC,0.5556052525838217,-0.48675510613190204
0.05º,SWA,CEC,0.3314798143174913,-0.8585915488564424
0.05º,SWA,CEC,0.5965147018432617,-0.41888407728253885
0.05º,SWA,CEC,0.6511256959703233,-0.3282814310727538
0.05º,SWA,CEC,0.9424138598971896,0.15498167159041237
0.05º,SWA,CEC,0.552446206410726,-0.491996137674295
0.05º,SWA,CEC,0.508705563015408,-0.5645642734843433
0.05º,SWA,CEC,0.5716377894083658,-0.4601562447674699
0.05º,SWA,CEC,0.29274622599283856,-0.9228527046092353
0.05º,SWA,CEC,1.2050240834554036,0.5906664921369603
0.05º,SWA,CEC,0.5069095823499892,-0.5675439042973252
0.05º,SWA,CEC,0.8935143152872721,0.07385463460947357
0.05º,SWA,CEC,0.44563452402750653,-0.669202599939432
0.05º,SWA,CEC,0.5075125164455838,-0.5665436034343913
0.05º,SWA,CEC,0.3730941348605686,-0.7895510997363873
0.05º,SWA,CEC,0.7751958635118272,-0.12244219165518579
0.05º,SWA,CEC,0.5507509443495009,-0.49480867077722074
0.05º,SWA,CEC,0.6928700341118706,-0.2590252755978974
0.05º,SWA,CEC,0.31194135877821183,-0.8910069224091047
0.05º,SWA,CEC,0.33263227674696183,-0.8566795502298573
0.05º,SWA,CEC,1.495226224263509,1.0721278226482445
0.05º,SWA,CEC,0.9113142225477431,0.10338566084084334
0.05º,SWA,CEC,0.4725990295410156,-0.6244670005914676
0.05º,SWA,CEC,0.4943765004475911,-0.5883369772613373
0.05º,SWA,CEC,0.5032539367675781,-0.5736088216031873
0.05º,SWA,CEC,0.6949982113308377,-0.2554945124114011
0.05º,SWA,CEC,1.6780635515848796,1.3754650159375352
0.05º,SWA,CEC,0.38248274061414933,-0.7739748858422456
0.05º,SWA,CEC,0.5013988282945421,-0.5766865487046606
0.05º,SWA,CEC,0.5818000793457031,-0.4432964462124099
0.05º,SWA,CEC,0.39180125130547416,-0.7585149635159125
0.05º,SWA,CEC,0.9163439273834229,0.11173021810538364
0.05º,SWA,CEC,0.910660637749566,0.10230132767343096
0.05º,SWA,CEC,0.9305681652492948,0.13532901193006516
0.05º,SWA,CEC,1.2391554514567058,0.6472923109690254
0.05º,SWA,CEC,0.13271299997965494,-1.1883566382045054
0.05º,SWA,CEC,1.091769642300076,0.40277113832214456
0.05º,SWA,CEC,0.9275487491062709,0.13031963429577414
0.05º,SWA,CEC,0.521204948425293,-0.5438271048567835
0.05º,SWA,CEC,0.24036682976616752,-1.0097530070275642
0.05º,SWA,CEC,0.3655335108439128,-0.8020945912778977
0.05º,SWA,CEC,0.556152449713813,-0.4858472759638546
0.05º,SWA,CEC,0.2791997061835395,-0.9453271268620171
0.05º,SWA,CEC,0.6686779657999674,-0.29916124897436774
0.05º,SWA,CEC,1.510444376203749,1.0973755746485154
0.05º,SWA,CEC,1.0213939348856609,0.28601396474284213
0.05º,SWA,CEC,1.3484578662448459,0.82863103543692
0.05º,SWA,CEC,0.31239181094699436,-0.8902595974586072
0.05º,SWA,CEC,0.44522688123914933,-0.6698789017706633
0.05º,SWA,CEC,0.553221066792806,-0.4907106016355948
0.05º,SWA,CEC,1.2301421165466309,0.6323386920671649
0.05º,SWA,CEC,1.236741065979004,0.6432867125222858
0.05º,SWA,CEC,0.7947013643052843,-0.0900814918403744
0.05º,SWA,CEC,0.41556866963704425,-0.7190835078386
0.05º,SWA,CEC,1.0574955410427518,0.34590851715925863
0.05º,SWA,CEC,0.8126683764987521,-0.060273229324145944
0.05º,SWA,CEC,0.33322980668809676,-0.8556882151567319
0.05º,SWA,CEC,0.6702130635579427,-0.29661443726938996
0.05º,SWA,CEC,0.29230478074815536,-0.9235850865767192
0.05º,SWA,CEC,4.50788328382704,6.0702917653146455
0.05º,SWA,CEC,0.3547489378187392,-0.8199867917394015
0.05º,SWA,CEC,0.7297193739149306,-0.19789019189162269
0.05º,SWA,CEC,0.5873482492234972,-0.4340917268956365
0.05º,SWA,CEC,0.4635505676269531,-0.6394788971270825
0.05º,SWA,CEC,0.7778553432888455,-0.11802996827066649
0.05º,SWA,CEC,0.7832568486531576,-0.10906857345730031
0.05º,SWA,CEC,1.795906702677409,1.5709732921985584
0.05º,SWA,CEC,1.1977257198757596,0.5785581051008564
0.05º,SWA,CEC,1.1521716117858887,0.502981331510799
0.05º,SWA,CEC,0.4608605702718099,-0.6439417508540489
0.05º,SWA,CEC,0.22137578328450522,-1.0412601988125787
0.05º,SWA,CEC,0.6908316082424588,-0.2624071363536546
0.05º,SWA,CEC,0.6710499657524956,-0.2952259704476938
0.05º,SWA,CEC,0.8005037307739258,-0.08045504638298727
0.05º,SWA,CEC,0.9694578382703993,0.1998491207885
0.05º,SWA,CEC,0.5358746846516927,-0.519489204722262
0.05º,SWA,CEC,0.5015284220377604,-0.5764715455490599
0.05º,SWA,CEC,0.4179420471191406,-0.7151459439145239
0.05º,SWA,CEC,0.32329993777804905,-0.8721624144301119
0.05º,SWA,CEC,0.501524395412869,-0.576478225941466
0.05º,SWA,CEC,0.4979845682779948,-0.5823509940657488
0.05º,SWA,CEC,0.8022808347429548,-0.07750673304869199
0.05º,SWA,CEC,1.0926310221354167,0.40420021489767877
0.05º,SWA,CEC,0.34693315294053817,-0.8329536091997072
0.05º,SWA,CEC,0.7713565826416016,-0.1288117700147323
0.05º,SWA,CEC,0.4262322319878472,-0.7013920707488835
0.05º,SWA,CEC,0.6948263910081651,-0.2557795717873673
0.05º,SWA,CEC,0.7111403147379557,-0.22871387405359925
0.05º,SWA,CEC,0.2899446487426758,-0.9275006755257748
0.05º,SWA,CEC,0.25023820665147567,-0.9933758492438747
0.05º,SWA,CEC,1.0054805543687608,0.25961279025369427
0.05º,SWA,CEC,0.5135466257731119,-0.5565326838140453
0.05º,SWA,CEC,0.5829554663764106,-0.44137959551134026
0.05º,SWA,CEC,2.5671224064297147,2.8504626088721676
0.05º,SWA,CEC,0.4362169901529948,-0.6848268071790184
0.05º,SWA,CEC,2.236615922715929,2.302134154270358
0.05º,SWA,CEC,0.3839029735989041,-0.7716186411206459
0.05º,SWA,CEC,1.1206420262654622,0.45067201307206384
0.05º,SWA,CEC,0.6574152310689291,-0.31784674603411206
0.05º,SWA,CEC,0.3361387252807617,-0.8508621590426263
0.05º,SWA,CEC,0.40458446078830296,-0.737306915123613
0.05º,SWA,CEC,0.5534746381971571,-0.4902899127138021
0.05º,SWA,CEC,0.9247022204928927,0.12559708659257943
0.05º,SWA,CEC,0.3261720869276259,-0.8673973608466632
0.05º,SWA,CEC,0.4732432895236545,-0.6233981378064697
0.05º,SWA,CEC,0.8762722015380859,0.04524901852616792
0.05º,SWA,CEC,0.49568525950113934,-0.5861656739295101
0.05º,SWA,CEC,0.822010358174642,-0.04477436734207633
0.05º,SWA,CEC,0.3675367567274306,-0.7987710960557949
0.05º,SWA,CEC,0.9419392347335815,0.15419424231050233
0.05º,SWA,CEC,0.4252389272054036,-0.7030400180756221
0.05º,SWA,CEC,1.0905705557929144,0.4007817877834871
0.05º,SWA,CEC,0.7374650637308756,-0.18503966599912575
0.05º,SWA,CEC,1.2450242723737444,0.6570290080153723
0.05º,SWA,CEC,0.1737521489461263,-1.1202704303997413
0.05º,SWA,CEC,0.7815583546956381,-0.11188646845413104
0.05º,SWA,CEC,0.3323343065049913,-0.8571738992679189
0.05º,SWA,CEC,0.307234976026747,-0.8988150705333943
0.05º,SWA,CEC,0.4828438229031033,-0.6074703243119998
0.05º,SWA,CEC,0.540461434258355,-0.5118795345723579
0.05º,SWA,CEC,0.21103297339545357,-1.0584194899071984
0.05º,SWA,CEC,0.6038892534044054,-0.4066492901901167
0.05º,SWA,CEC,0.5004913542005751,-0.5781920981932661
0.05º,SWA,CEC,0.8782707850138346,0.04856477855706339
0.05º,SWA,CEC,0.23553837670220268,-1.0177636765216427
0.05º,SWA,CEC,0.8590199682447646,0.016626613561946568
0.05º,SWA,CEC,0.7250488069322374,-0.20563891968345685
0.05º,SWA,CEC,0.6393365859985352,-0.34784021363981354
0.05º,SWA,CEC,2.0921213891771107,2.0624097670708554
0.05º,SWA,CEC,0.6302115576607841,-0.3629791380881755
0.05º,SWA,CEC,0.5429264704386393,-0.5077899038211399
0.05º,SWA,CEC,0.2703467475043403,-0.9600146727663292
0.05º,SWA,CEC,0.5109185112847222,-0.5608928704577159
0.05º,SWA,CEC,0.44423484802246094,-0.6715247394998
0.05º,SWA,CEC,0.800361262427436,-0.08069140921430791
0.05º,SWA,CEC,0.288032955593533,-0.9306722797205356
0.05º,SWA,CEC,1.6304558648003473,1.2964812422202974
0.05º,SWA,CEC,0.5574401219685873,-0.48371095679226006
0.05º,SWA,CEC,0.6103681988186307,-0.3959003630086816
0.05º,SWA,CEC,0.7269258499145508,-0.20252480202334952
0.05º,SWA,CEC,0.23936854468451607,-1.0114092169449103
0.05º,SWA,CEC,0.5045387479994032,-0.5714772490261972
0.05º,SWA,CEC,0.2378697395324707,-1.0138958172183317
0.05º,SWA,CEC,0.9353255165947808,0.14322171975823356
0.05º,SWA,CEC,0.5276117854648166,-0.5331978094393603
0.05º,SWA,CEC,1.1946389940049913,0.57343705692207525
0.05º,SWA,CEC,0.283705923292372,-0.9378510645602376
0.05º,SWA,CEC,0.36847466230392456,-0.7972150590620798
0.05º,SWA,CEC,0.8693062464396158,0.033692115463178525
0.05º,SWA,CEC,0.4706317053900825,-0.6277308996813147
0.05º,SWA,CEC,0.41750642988416886,-0.7158686568929986
0.05º,SWA,CEC,0.21788014305962455,-1.047059658420193
0.05º,SWA,CEC,0.3050132327609592,-0.9025010649434356
0.05º,SWA,CEC,0.4603525797526042,-0.6447845350960357
0.05º,SWA,CEC,0.2807483673095703,-0.9427578127826185
0.05º,SWA,CEC,0.9617787361145019,0.18710906749042602
0.05º,SWA,CEC,1.0628594292534723,0.3548075030435666
0.05º,SWA,CEC,0.5154719882541232,-0.5533384014450632
0.05º,SWA,CEC,0.860513793097602,0.01910495124476028
0.05º,SWA,CEC,0.3497650358412001,-0.8282553595403209
0.05º,SWA,CEC,0.49542789459228515,-0.5865926564841488
0.05º,SWA,CEC,0.5858221054077148,-0.43662368351750025
0.05º,SWA,CEC,0.5156252119276259,-0.5530841949340258
0.05º,SWA,CEC,7.534449524349636,11.09153180504989
0.05º,SWA,CEC,0.7008935080634223,-0.2457138905292701
0.05º,SWA,CEC,0.37632020314534503,-0.7841988748203906
0.05º,SWA,CEC,0.41706763373480904,-0.7165966438654783
0.05º,SWA,CEC,0.09881104363335504,-1.244601850469215
0.05º,SWA,CEC,0.4284208615620931,-0.6977610137763937
0.05º,SWA,CEC,0.4081091350979275,-0.7314592863707537
0.05º,SWA,CEC,0.4399841096666124,-0.6785769484833838
0.05º,SWA,CEC,0.5939020580715604,-0.4232185971553854
0.05º,SWA,CEC,0.3295391930474175,-0.8618111463966481
0.05º,SWA,CEC,0.4575035836961534,-0.6495111764231485
0.05º,SWA,CEC,0.542825804816352,-0.5079569136312957
0.05º,SWA,CEC,1.2122184965345595,0.6026024195691037
0.05º,SWA,CEC,0.3203197055392795,-0.877106783809728
0.05º,SWA,CEC,0.5908495055304633,-0.4282829498986135
0.05º,SWA,CEC,0.7142711215549045,-0.2235196931579501
0.05º,SWA,CEC,0.3235656950208876,-0.8717215085313001
0.05º,SWA,CEC,0.6556829876369901,-0.32072063326729505
0.05º,SWA,CEC,1.0368473264906142,0.31165199229947727
0.05º,SWA,CEC,0.8149233924018012,-0.056532033776853126
0.05º,SWA,CEC,0.7627984682718912,-0.1430101529750877
0.05º,SWA,CEC,0.4711764653523763,-0.626827112908671
0.05º,SWA,CEC,0.6930623054504395,-0.2587062868604996
0.05º,SWA,CEC,0.36026594373914933,-0.8108337751438565
0.05º,SWA,CEC,0.9031148486667209,0.0897824481039435
0.05º,SWA,CEC,0.7129905488755968,-0.22564423374293346
0.05º,SWA,CEC,1.468833499484592,1.0283408390219657
0.05º,SWA,CEC,0.4192769792344835,-0.7129312180320564
0.05º,SWA,CEC,0.8470075925191244,-0.0033025791840589685
0.05º,SWA,CEC,0.5983153449164497,-0.4158967112783499
0.05º,SWA,CEC,0.5840987099541558,-0.4394828914673696
0.05º,SWA,CEC,0.7618113623725044,-0.14464781601351653
0.05º,SWA,CEC,0.5354762607150607,-0.5201502119708793
0.05º,SWA,CEC,0.7470572789510092,-0.16912565278896857
0.05º,SWA,CEC,0.18886004553900826,-1.0952055980915412
0.05º,SWA,CEC,0.2341215345594618,-1.0201142956496372
0.05º,SWA,CEC,0.30527623494466144,-0.9020647298394282
0.05º,SWA,CEC,0.43746603859795463,-0.6827545670345839
0.05º,SWA,CEC,0.44588745964898,-0.6687829658164403
0.05º,SWA,CEC,1.0215883255004883,0.2863364694762431
0.05º,SWA,CEC,0.4063655005560981,-0.7343520720824545
0.05º,SWA,CEC,0.695613702138265,-0.25447337927214775
0.05º,SWA,CEC,0.3855525122748481,-0.7688819656314909
0.05º,SWA,CEC,0.8831599553426107,0.05667618133663618
0.05º,SWA,CEC,0.6532832251654731,-0.32470197134161205
0.05º,SWA,CEC,0.8383476999070909,-0.01766981785247208
0.05º,SWA,CEC,0.6502804756164551,-0.3296836981787629
0.05º,SWA,CEC,0.45303259955512154,-0.6569287852913733
0.05º,SWA,CEC,0.564295768737793,-0.47233706132124165
0.05º,SWA,CEC,2.08575439453125,2.0518465723782935
0.05º,SWA,CEC,1.028860092163086,0.29840073076250606
0.05º,SWA,CEC,0.2639780044555664,-0.9705807681555936
0.05º,SWA,CEC,0.6194514168633355,-0.380830804138613
0.05º,SWA,CEC,0.6411653624640571,-0.344806172788681
0.05º,SWA,CEC,0.6579412884182401,-0.31697398792619724
0.05º,SWA,CEC,0.23374758826361763,-1.0207346931444163
0.05º,SWA,CEC,1.0401486290825739,0.31712903507359064
0.05º,SWA,CEC,0.560597472720676,-0.4784727380466699
0.05º,SWA,CEC,0.6640369627210829,-0.3068609286219559
0.05º,SWA,CEC,1.6293404897054036,1.2946307735237694
0.05º,SWA,CEC,0.9516958660549588,0.17038103088558912
0.05º,SWA,CEC,0.5029008653428819,-0.5741945865373341
0.05º,SWA,CEC,1.4253182941012912,0.9561467172867665
0.05º,SWA,CEC,0.40234014723036027,-0.7410303548910891
0.05º,SWA,CEC,1.281153466966417,0.7169693311654746
0.05º,SWA,CEC,2.0262953440348306,1.953200733711399
0.05º,SWA,CEC,0.25848568810356987,-0.9796928233977005
0.05º,SWA,CEC,0.4901225831773546,-0.5953944602389261
0.05º,SWA,CEC,0.2692624198065864,-0.9618136321214087
0.05º,SWA,CEC,0.6453729205661349,-0.33782560222366415
0.05º,SWA,CEC,0.844357066684299,-0.007699947485464421
0.05º,SWA,CEC,0.6236587933131627,-0.37385053494468207
0.05º,SWA,CEC,0.36249234941270614,-0.8071400455426081
0.05º,SWA,CEC,0.41117318471272785,-0.726375859349208
0.05º,SWA,CEC,0.4370298385620117,-0.6834782469119595
0.05º,SWA,CEC,0.38121965196397567,-0.776070419460202
0.05º,SWA,CEC,0.7744759453667535,-0.12363657549750083
0.05º,SWA,CEC,0.4852950308057997,-0.6034036354347032
0.05º,SWA,CEC,0.7689537472195096,-0.13279820628325387
0.05º,SWA,CEC,0.3588676452636719,-0.8131536293068222
0.05º,SWA,CEC,1.168241818745931,0.5296426897041895
0.05º,SWA,CEC,0.5258861117892795,-0.5360607970849331
0.05º,SWA,CEC,0.7424501776695251,-0.17676908748799192
0.05º,SWA,CEC,0.624796019660102,-0.37196381381793486
0.05º,SWA,CEC,0.18803766038682726,-1.096569980340615
0.05º,SWA,CEC,0.9861087799072266,0.22747394978669003
0.05º,SWA,CEC,0.7632671991984049,-0.14223250255906172
0.05º,SWA,CEC,0.8811119927300347,0.053278498598864084
0.05º,SWA,CEC,1.08274417453342,0.3877973903431652
0.05º,SWA,CEC,1.0847856733534071,0.39118434929312734
0.05º,SWA,CEC,1.033232159084744,0.3056542305172779
0.05º,SWA,CEC,1.0633621745639377,0.3556415851954451
0.05º,SWA,CEC,0.5260569254557291,-0.5357774078070686
0.05º,SWA,CEC,0.47878138224283856,-0.6142101370506919
0.05º,SWA,CEC,0.3067915174696181,-0.8995507926970812
0.05º,SWA,CEC,0.22121959262424046,-1.0415193277180206
0.05º,SWA,CEC,0.20371426476372612,-1.070561630504934
0.05º,SWA,CEC,0.8096442222595215,-0.06529046772092988
0.05º,SWA,CEC,0.39587391747368705,-0.7517581860965045
0.05º,SWA,CEC,0.10766537984212239,-1.2299120191675008
0.05º,SWA,CEC,0.7711398866441515,-0.12917128060606795
0.05º,SWA,CEC,0.39017995198567706,-0.7612047883583237
0.05º,SWA,CEC,1.1851459079318576,0.5576875044249717
0.05º,SWA,CEC,0.46421771579318577,-0.6383720615852492
0.05º,SWA,CEC,0.6747341156005859,-0.2891137629955875
0.05º,SWA,CEC,1.0404815673828125,0.31768139804570616
0.05º,SWA,CEC,0.5905919075012207,-0.4287103192128125
0.05º,SWA,CEC,0.8247718811035156,-0.04019284874999916
0.05º,SWA,CEC,1.3084112803141277,0.7621915443602935
0.05º,SWA,CEC,0.6323876910739474,-0.3593688129349765
0.05º,SWA,CEC,0.35567135281032985,-0.8184564544789729
0.05º,SWA,CEC,0.18105898963080513,-1.1081479793796238
0.05º,SWA,CEC,0.7979657914903429,-0.08466562739671823
0.05º,SWA,CEC,1.0550960964626737,0.3419277064843422
0.05º,SWA,CEC,1.6993395487467449,1.4107630667133888
0.05º,SWA,CEC,0.4071097903781467,-0.7331172542861016
0.05º,SWA,CEC,5.3492045402526855,7.46609005397704
0.05º,SWA,CEC,2.5637139214409723,2.8448077446001885
0.05º,SWA,CEC,0.9297172758314345,0.1339173395347472
0.05º,SWA,CEC,0.517422252231174,-0.5501028061230425
0.05º,SWA,CEC,0.8869641621907552,0.06298756996232839
0.05º,SWA,CEC,0.8893542819552951,0.06695291025483022
0.05º,SWA,CEC,0.9143959681193033,0.10849844642901645
0.05º,SWA,CEC,0.3737063937717014,-0.788535328491039
0.05º,SWA,CEC,0.1900899675157335,-1.0931650898110363
0.05º,SWA,CEC,0.6781852510240343,-0.2833881393040422
0.05º,SWA,CEC,0.17820824517144096,-1.1128775214034394
0.05º,SWA,CEC,0.7112882137298584,-0.22846850148252013
0.05º,SWA,CEC,0.3251654836866591,-0.8690673710483223
0.05º,SWA,CEC,0.4787302017211914,-0.6142950483541713
0.05º,SWA,CEC,1.0555429458618164,0.34266905424163424
0.05º,SWA,CEC,0.42934396531846786,-0.6962295338172639
0.05º,SWA,CEC,0.07996919420030382,-1.2758615161355986
0.05º,SWA,CEC,0.5496005482143826,-0.4967172413077025
0.05º,SWA,CEC,0.42054871150425505,-0.7108213441732579
0.05º,SWA,CEC,0.3951321707831489,-0.7529887846976533
0.05º,SWA,CEC,0.6628492143419054,-0.30883146858199567
0.05º,SWA,CEC,0.4892358250088162,-0.5968656408665994
0.05º,SWA,CEC,0.5395699607001411,-0.5133585382911386
0.05º,SWA,CEC,0.4119219250149197,-0.7251336579612483
0.05º,SWA,CEC,0.758244514465332,-0.15056541308684113
0.05º,SWA,CEC,0.34221331278483075,-0.8407840838986175
0.05º,SWA,CEC,0.4867270257737901,-0.6010278769352853
0.05º,SWA,CEC,2.4686384201049805,2.6870722529019293
0.05º,SWA,CEC,0.5315286848280165,-0.5266994577261934
0.05º,SWA,CEC,0.3906414243910048,-0.7604391802286089
0.05º,SWA,CEC,1.053746223449707,0.33968819283005136
0.05º,SWA,CEC,0.43093638949924046,-0.6935876144203974
0.05º,SWA,CEC,0.6521485646565756,-0.3265844356017694
0.05º,SWA,CEC,0.3620520697699653,-0.80787049371229
0.05º,SWA,CEC,0.8916791280110677,0.07080995787043123
0.05º,SWA,CEC,0.24885866377088758,-0.9956645868422114
0.05º,SWA,CEC,1.0567935307820637,0.3447438434831711
0.05º,SWA,CEC,0.30377833048502606,-0.9045498358145481
0.05º,SWA,CEC,0.46578343709309894,-0.635774443738024
0.05º,SWA,CEC,0.19751156700981987,-1.0808522476073412
0.05º,SWA,CEC,1.42181216345893,0.9503298534989358
0.05º,SWA,CEC,0.9624293645222982,0.18818849584341385
0.05º,SWA,CEC,1.2389792336357965,0.6469999559013525
0.05º,SWA,CEC,0.603709856669108,-0.4069469192517946
0.05º,SWA,CEC,1.2683086395263672,0.6956590551893796
0.05º,SWA,CEC,0.5935166676839193,-0.42385798102858235
0.05º,SWA,CEC,0.6028074688381619,-0.40844403034999216
0.05º,SWA,CEC,0.16997718811035156,-1.1265332982805882
0.05º,SWA,CEC,0.16008996963500977,-1.1429367381344022
0.05º,SWA,CEC,0.3158128526475694,-0.8845839009103084
0.05º,SWA,CEC,0.582281748453776,-0.44249733064078384
0.05º,SWA,CEC,0.21881273057725695,-1.0455124443789485
0.05º,SWA,CEC,0.3302106062571208,-0.860697234912858
0.05º,SWA,CEC,0.5682648552788628,-0.4657521282064941
0.05º,SWA,CEC,0.2555231518215603,-0.9846078342106889
0.05º,SWA,CEC,1.797804143693712,1.574121251320197
0.05º,SWA,CEC,0.5380404790242513,-0.5158960326067076
0.05º,SWA,CEC,0.528230243259006,-0.5321717539057024
0.05º,SWA,CEC,0.4394310845269097,-0.6794944476404403
0.05º,SWA,CEC,0.8647645314534506,0.026157160228344144
0.05º,SWA,CEC,0.35065534379747176,-0.8267782896193421
0.05º,SWA,CEC,0.3772047890557183,-0.7827312980886205
0.05º,SWA,CEC,0.6540937423706055,-0.3233572786701567
0.05º,SWA,CEC,0.818993780348036,-0.04977903605314862
0.05º,SWA,CEC,0.35310109456380206,-0.8227206544317539
0.05º,SWA,CEC,0.5798143810696073,-0.4465908289876053
0.05º,SWA,CEC,1.3744174109564886,0.8716993494801277
0.05º,SWA,CEC,0.6516775555080838,-0.32736586571349896
0.05º,SWA,CEC,1.885866403579712,1.7202213892946436
0.05º,SWA,CEC,0.3943067126803928,-0.7543582651409318
0.05º,SWA,CEC,0.8714500533209907,0.03724880912019908
0.05º,SWA,CEC,0.7374751302931044,-0.18502296501811005
0.05º,SWA,CEC,0.2252790927886963,-1.034784393423783
0.05º,SWA,CEC,0.5142058266533746,-0.5554390332572243
0.05º,SWA,CEC,0.5725625356038412,-0.4586220399114375
0.05º,SWA,CEC,0.626413451300727,-0.3692804056682297
0.05º,SWA,CEC,0.4542681376139323,-0.6548789596214597
0.05º,SWA,CEC,0.30167611440022785,-0.9080375280500044
0.05º,SWA,CEC,1.681160608927409,1.3806032045968322
0.05º,SWA,CEC,0.4792832268608941,-0.6133775491971147
0.05º,SWA,CEC,0.5093253453572592,-0.5635360204531834
0.05º,SWA,CEC,0.6842741966247559,-0.2732862432871112
0.05º,SWA,CEC,0.1749190224541558,-1.1183345230003339
0.05º,SWA,CEC,0.5684622658623589,-0.46542461317878836
0.05º,SWA,CEC,1.2618492444356282,0.6849425630710748
0.05º,SWA,CEC,1.544480664389474,1.1538436508313186
0.05º,SWA,CEC,0.7864895926581489,-0.10370527315389326
0.05º,SWA,CEC,0.44072310129801434,-0.6773509206770391
0.05º,SWA,CEC,0.4504357443915473,-0.6612371109939955
0.05º,SWA,CEC,0.32133054733276367,-0.8754297416160621
0.05º,SWA,CEC,0.4714013205634223,-0.6264540657327227
0.05º,SWA,CEC,0.803518189324273,-0.0754538936679183
0.05º,SWA,CEC,0.935209592183431,0.14302939477685409
0.05º,SWA,CEC,0.34699397616916233,-0.832852700114413
0.05º,SWA,CEC,1.0065621270073786,0.2614071788139697
0.05º,SWA,CEC,0.43961959415011936,-0.6791816997959483
0.05º,SWA,CEC,0.5320253372192383,-0.52587548406282425
0.05º,SWA,CEC,0.9354406992594401,0.14341281414101192
0.05º,SWA,CEC,0.38723267449273,-0.7660944840000886
0.05º,SWA,CEC,1.1810308032565646,0.550860319185598
0.05º,SWA,CEC,1.1567764282226562,0.5106209755266313
0.05º,SWA,CEC,0.4656577640109592,-0.6359829423010187
0.05º,SWA,CEC,0.7826090918646919,-0.11014323763570363
0.05º,SWA,CEC,0.3993203904893663,-0.7460402975961664
0.05º,SWA,CEC,0.4336487452189128,-0.6890876669355963
0.05º,SWA,CEC,0.6082916259765625,-0.399345511692498
0.05º,SWA,CEC,0.5304757224188911,-0.5284463803404243
0.05º,SWA,CEC,0.744892438252767,-0.17271724270632163
0.05º,SWA,CEC,0.4357465108235677,-0.6856073582917472
0.05º,SWA,CEC,0.9163968827989366,0.11181807405551562
0.05º,SWA,CEC,0.5026701821221246,-0.5745773027022915
0.05º,SWA,CEC,2.3613897562026978,2.5091408142358906
0.05º,SWA,CEC,0.4660448498196072,-0.6353407456310192
0.05º,SWA,CEC,1.4216014014350042,0.9499801876964095
0.05º,SWA,CEC,0.27416419982910156,-0.9536813091656166
0.05º,SWA,CEC,0.3327585856119792,-0.8564699968680616
0.05º,SWA,CEC,1.297048568725586,0.743340180189094
0.05º,SWA,CEC,0.15434127383761936,-1.1524741409930062
0.05º,SWA,CEC,1.1634724934895833,0.5217301164986025
0.05º,SWA,CEC,0.3021290037367079,-0.9072861597041028
0.05º,SWA,CEC,0.5584690305921767,-0.48200394073266645
0.05º,SWA,CEC,1.048532591925727,0.331038491062376
0.05º,SWA,CEC,0.22497505611843532,-1.0352888070004038
0.05º,SWA,CEC,0.7215122646755643,-0.21150623801393437
0.05º,SWA,CEC,0.9639990594651964,0.190792706183145
0.05º,SWA,CEC,0.4812481138441298,-0.6101176935026713
0.05º,SWA,CEC,0.8084127638075087,-0.0673335250985372
0.05º,SWA,CEC,0.6120130750868056,-0.3931714227107339
0.05º,SWA,CEC,0.6260738372802734,-0.3698438440277557
0.05º,SWA,CEC,1.9044143676757812,1.750993483005262
0.05º,SWA,CEC,0.7733863194783529,-0.12544432484258844
0.05º,SWA,CEC,0.24784035152859157,-0.9973540229217885
0.05º,SWA,CEC,1.4817381434970431,1.0497503539852533
0.05º,SWA,CEC,0.2905333836873372,-0.926523931836063
0.05º,SWA,CEC,0.9997438854641385,0.25009534067240907
0.05º,SWA,CEC,0.7935033374362521,-0.09206908438103002
0.05º,SWA,CEC,0.3667898178100586,-0.8000103088471519
0.05º,SWA,CEC,0.32327455944485134,-0.8722045184822511
0.05º,SWA,CEC,0.17728572421603733,-1.1144080344636684
0.05º,SWA,CEC,0.5740568372938368,-0.45614291112952304
0.05º,SWA,CEC,0.2998035218980577,-0.9111442621185046
0.05º,SWA,CEC,0.7472752465142144,-0.16876403260003106
0.05º,SWA,CEC,0.8308055135938857,-0.03018272022875383
0.05º,SWA,CEC,0.3857482274373372,-0.7685572634005878
0.05º,SWA,CEC,0.5740954081217448,-0.4560789200022634
0.05º,SWA,CEC,0.7078409194946289,-0.23418775243130951
0.05º,SWA,CEC,0.2821069293551975,-0.9405038835447144
0.05º,SWA,CEC,0.7756862640380859,-0.12162859018002618
0.05º,SWA,CEC,0.40456951989067924,-0.7373317028954361
0.05º,SWA,CEC,0.48832469516330296,-0.5983772554483107
0.05º,SWA,CEC,0.44681676228841144,-0.6672412015690009
0.05º,SWA,CEC,0.10273541344536676,-1.2380911048701366
0.05º,SWA,CEC,0.533292293548584,-0.5237735337521618
0.05º,SWA,CEC,0.7643520567152235,-0.14043266420498132
0.05º,SWA,CEC,0.20758363935682508,-1.0641421250021408
0.05º,SWA,CEC,0.7506433063083224,-0.16317623595181444
0.05º,SWA,CEC,0.5402459038628472,-0.5122371113658917
0.05º,SWA,CEC,0.9204818937513564,0.11859533215164283
0.05º,SWA,CEC,0.5165649520026313,-0.5515251144062703
0.05º,SWA,CEC,0.9949232737223307,0.24209768036354243
0.05º,SWA,CEC,0.8708876503838433,0.03631575168082795
0.05º,SWA,CEC,0.35939386155870223,-0.8122806074992073
0.05º,SWA,CEC,1.045103496975369,0.325349433729265
0.05º,SWA,CEC,0.9014841715494791,0.08707706497921781
0.05º,SWA,CEC,0.5651902092827691,-0.47085313520805633
0.05º,SWA,CEC,0.6211750242445204,-0.37797124458914333
0.05º,SWA,CEC,4.264981587727864,5.667304477000023
0.05º,SWA,CEC,0.7918616400824653,-0.09479275068497268
0.05º,SWA,CEC,2.3052581681145563,2.4160154189187755
0.05º,SWA,CEC,0.228038575914171,-1.030206258977859
0.05º,SWA,CEC,1.866991360982259,1.6889066543408586
0.05º,SWA,CEC,4.403808063930935,5.897625244988847
0.05º,SWA,CEC,0.13551945156521267,-1.1837005804971585
0.05º,SWA,CEC,0.5432072745429145,-0.5073240343507049
0.05º,SWA,CEC,0.6576170391506619,-0.31751193531469946
0.05º,SWA,CEC,0.7943000793457031,-0.09074724568359589
0.05º,SWA,CEC,0.7409872478908963,-0.17919616854157022
0.05º,SWA,CEC,0.3347020679050022,-0.8532456527332516
0.05º,SWA,CEC,1.4687381850348578,1.028182707101718
0.05º,SWA,CEC,1.516862604353163,1.1080237685444565
0.05º,SWA,CEC,0.7926064597235786,-0.09355705388961906
0.05º,SWA,CEC,0.2803145514594184,-0.9434775371644905
0.05º,SWA,CEC,0.9488853878445096,0.16571829278583608
0.05º,SWA,CEC,0.38315984937879777,-0.7728515251191969
0.05º,SWA,CEC,1.5280283821953669,1.1265484087870508
0.05º,SWA,CEC,0.5398686726888021,-0.512862958654476
0.05º,SWA,CEC,2.2558935483296714,2.334116796614916
0.05º,SWA,CEC,0.8639980951944987,0.024885600273756914
0.05º,SWA,CEC,1.2108875910441081,0.6003943740790423
0.05º,SWA,CEC,0.539317872789171,-0.5137767660157291
0.05º,SWA,CEC,1.0976101557413738,0.4124608717075908
0.05º,SWA,CEC,0.6894039577907987,-0.2647756870612658
0.05º,SWA,CEC,0.4986775716145833,-0.5812012633726755
0.05º,SWA,CEC,0.0839236577351888,-1.2693008433932735
0.05º,SWA,CEC,0.4998769760131836,-0.5792113854346177
0.05º,SWA,CEC,0.48845789167616105,-0.5981562750995043
0.05º,SWA,CEC,0.7701265547010634,-0.1308524540950374
0.05º,SWA,CEC,0.5064200295342339,-0.5683560993740835
0.05º,SWA,CEC,0.3930513064066569,-0.7564410532733763
0.05º,SWA,CEC,0.3526352776421441,-0.8234934703532754
0.05º,SWA,CEC,0.5281312730577257,-0.5323359509190556
0.05º,SWA,CEC,0.5436215930514865,-0.5066366571320633
0.05º,SWA,CEC,0.5197586483425565,-0.5462265963292237
0.05º,SWA,CEC,0.48448509640163845,-0.6047473612072577
0.05º,SWA,CEC,0.5502189000447592,-0.4956913615738448
0.05º,SWA,CEC,0.3163583543565538,-0.8836788835390634
0.05º,SWA,CEC,0.9289077758789063,0.13257433454137338
0.05º,SWA,CEC,1.072762542300754,0.37123731286740497
0.05º,SWA,CEC,0.2814190122816298,-0.9416451758473797
0.05º,SWA,CEC,0.9640117883682251,0.19081382413413975
0.05º,SWA,CEC,0.451687494913737,-0.6591603879546567
0.05º,SWA,CEC,0.40580548180474174,-0.7352811740263219
0.05º,SWA,CEC,0.1528937021891276,-1.1548757420630482
0.05º,SWA,CEC,0.4359822803073459,-0.685216203736382
0.05º,SWA,CEC,0.3310731252034505,-0.8592662684894723
0.05º,SWA,CEC,1.0030042860243056,0.2555045247236589
0.05º,SWA,CEC,1.7646790610419378,1.5191649152903905
0.05º,SWA,CEC,0.612774478064643,-0.39190821324665465
0.05º,SWA,CEC,0.8418484793768989,-0.011861831954549783
0.05º,SWA,CEC,0.7485636605156792,-0.16662648282983547
0.05º,SWA,CEC,0.40811793009440106,-0.7314446949873401
0.05º,SWA,CEC,0.492962466345893,-0.5906829376946273
0.05º,SWA,CEC,0.6816553539699979,-0.27763104744826733
0.05º,SWA,CEC,0.614129278394911,-0.3896605249016562
0.05º,SWA,CEC,0.3875589370727539,-0.7655531964153833
0.05º,SWA,CEC,0.1991611056857639,-1.0781155721181863
0.05º,SWA,CEC,0.731530507405599,-0.19488542170721745
0.05º,SWA,CEC,2.9031127293904624,3.4078890547320717
0.05º,SWA,CEC,0.8427081108093262,-0.01043565607571835
0.05º,SWA,CEC,0.5514471530914307,-0.4936536221401924
0.05º,SWA,CEC,0.5687688191731771,-0.4649160243569134
0.05º,SWA,CEC,0.5820795694986979,-0.442832756659497
0.05º,SWA,CEC,1.7220163345336914,1.4483851029475119
0.05º,SWA,CEC,0.2782924652099609,-0.9468322895910622
0.05º,SWA,CEC,0.7982007132636176,-0.08427587923975431
0.05º,SWA,CEC,0.9227332009209527,0.12233037470592975
0.05º,SWA,CEC,1.0044593811035156,0.2579186075795126
0.05º,SWA,CEC,0.587851365407308,-0.43325702944445715
0.05º,SWA,CEC,1.2479725943671331,0.6619204365408817
0.05º,SWA,CEC,0.3719933827718099,-0.7913773080604922
0.05º,SWA,CEC,0.3334372838338216,-0.8553439991480106
0.05º,SWA,CEC,0.5989143371582031,-0.41490295016798223
0.05º,SWA,CEC,0.5853448443942599,-0.43741548581743955
0.05º,SWA,CEC,0.47131358252631295,-0.6265996279672585
0.05º,SWA,CEC,0.6326016320122613,-0.35901387313844507
0.05º,SWA,CEC,0.42138512929280597,-0.7094336810077911
0.05º,SWA,CEC,0.6005622016059028,-0.4121690523156698
0.05º,SWA,CEC,0.786635504828559,-0.10346319682906727
0.05º,SWA,CEC,0.5412750244140625,-0.5105297437066977
0.05º,SWA,CEC,0.2796219719780816,-0.9446265646583631
0.05º,SWA,CEC,0.2408116658528646,-1.009014999466475
0.05º,SWA,CEC,0.9280804528130425,0.1312017600216119
0.05º,SWA,CEC,1.6794936921861436,1.37783769794045
0.05º,SWA,CEC,0.6165131992763944,-0.3857054688974638
0.05º,SWA,CEC,0.9537325965033637,0.1737600788445437
0.05º,SWA,CEC,0.22048060099283853,-1.0427453555243653
0.05º,SWA,CEC,0.386420832739936,-0.767441374169046
0.05º,SWA,CEC,0.8834206263224283,0.05710864884503981
0.05º,SWA,CEC,1.2509765625,0.6669041850757347
0.05º,SWA,CEC,1.9994246694776747,1.9086208050864804
0.05º,SWA,CEC,3.63378545973036,4.620115346165186
0.05º,SWA,CEC,0.6300196117824979,-0.3632975868690442
0.05º,SWA,CEC,0.7115569644504123,-0.22802262923935393
0.05º,SWA,CEC,1.1755552291870117,0.5417760403119172
0.05º,SWA,CEC,0.5730551613701714,-0.45780474664047455
0.05º,SWA,CEC,0.7071382522583007,-0.23535351606615793
0.05º,SWA,CEC,0.2694594595167372,-0.9614867323930034
0.05º,SWA,CEC,0.6355351342095269,-0.3541470314707015
0.05º,SWA,CEC,0.31759410434299046,-0.8816287062695495
0.05º,SWA,CEC,0.9270954132080078,0.12956752507928623
0.05º,SWA,CEC,1.222367763519287,0.6194406123287235
0.05º,SWA,CEC,0.8016615973578559,-0.07853408196659387
0.05º,SWA,CEC,1.1933409372965496,0.5712835093700649
0.05º,SWA,CEC,0.3824947145250108,-0.7739550204648271
0.05º,SWA,CEC,0.8980134328206381,0.08131891832464222
0.05º,SWA,CEC,0.5413892534044054,-0.5103402315221208
0.05º,SWA,CEC,0.45005003611246747,-0.661877022266593
0.05º,SWA,CEC,0.38754812876383465,-0.765571127995
0.05º,SWA,CEC,0.6851179334852431,-0.2718864373783043
0.05º,SWA,CEC,0.3554026285807292,-0.818902282772189
0.05º,SWA,CEC,0.43467193179660374,-0.6873901440652116
0.05º,SWA,CEC,0.6758787367078993,-0.2872147735542146
0.05º,SWA,CEC,0.1922721332973904,-1.0895447566263563
0.05º,SWA,CEC,1.4899062580532498,1.0633017057811047
0.05º,SWA,CEC,0.23222711351182726,-1.0232572444769714
0.05º,SWA,CEC,0.751476075914171,-0.16179462532232455
0.05º,SWA,CEC,0.5670292112562392,-0.4678021296762079
0.05º,SWA,CEC,0.5878267288208008,-0.43329790289799536
0.05º,SWA,CEC,0.9168007108900282,0.11248804709394118
0.05º,SWA,CEC,4.1900332238939075,5.54296101464424
0.05º,SWA,CEC,1.5568049748738606,1.1742903605176216
0.05º,SWA,CEC,0.5057086944580078,-0.5695362434325851
0.05º,SWA,CEC,1.306934568617079,0.7597415983452062
0.05º,SWA,CEC,0.4958829879760742,-0.5858376315024039
0.05º,SWA,CEC,0.30960814158121747,-0.8948778582089185
0.05º,SWA,CEC,1.1633117463853624,0.5214634282017536
0.05º,SWA,CEC,1.5462752448187933,1.1568209585755125
0.05º,SWA,CEC,1.213819079928928,0.6052578755505826
0.05º,SWA,CEC,0.7589265505472819,-0.1494338776730848
0.05º,SWA,CEC,1.1647357940673828,0.5238260017161592
0.05º,SWA,CEC,1.8343613942464192,1.6347717428773192
0.05º,SWA,CEC,0.8021810319688585,-0.07767231134618939
0.05º,SWA,CEC,0.50615480211046,-0.5687961262738943
0.05º,SWA,CEC,1.0456338458591037,0.32622931172908626
0.05º,SWA,CEC,1.0779172897338867,0.379789322686129
0.05º,SWA,CEC,0.5872056749131944,-0.43432826552675735
0.05º,SWA,CEC,0.2946767807006836,-0.9196498080500453
0.05º,SWA,CEC,0.5620987150404189,-0.47598209437784456
0.05º,SWA,CEC,0.5386423534817166,-0.5148974897417753
0.05º,SWA,CEC,0.9517811669243706,0.17052254972472114
0.05º,SWA,CEC,0.9717298083835177,0.20361844430381884
0.05º,SWA,CEC,0.7984365887112088,-0.0838845488845889
0.05º,SWA,CEC,0.3522643513149685,-0.8241088575537499
0.05º,SWA,CEC,1.3075825373331706,0.7608166141232098
0.05º,SWA,CEC,0.43754662407769096,-0.6826208712865591
0.05º,SWA,CEC,0.6266442934672037,-0.36889742580357227
0.05º,SWA,CEC,0.5118121041191949,-0.5594103507429319
0.05º,SWA,CEC,0.6268275578816732,-0.3685933800491883
0.05º,SWA,CEC,0.8186601003011068,-0.05033262962386543
0.05º,SWA,CEC,1.0063110987345378,0.2609907090873808
0.05º,SWA,CEC,0.8778343200683594,0.04784065918018743
0.05º,SWA,CEC,0.6973850462171767,-0.2515346219127042
0.05º,SWA,CEC,1.0897613101535373,0.3994392047096338
0.05º,SWA,CEC,1.0055206086900499,0.2596792425781563
0.05º,SWA,CEC,0.3344624837239583,-0.8536431360814227
0.05º,SWA,CEC,0.9435123867458768,0.15680418811871402
0.05º,SWA,CEC,0.23903634813096789,-1.0119603493184248
0.05º,SWA,CEC,0.39909617106119794,-0.7464122899733137
0.05º,SWA,CEC,0.3954744338989258,-0.7524209513431233
0.05º,SWA,CEC,1.0534521738688152,0.339200348384596
0.05º,SWA,CEC,0.7347800996568468,-0.18949416923558438
0.05º,SWA,CEC,0.4888612959120009,-0.5974870052602795
0.05º,SWA,CEC,0.7074481419154576,-0.2348393920620036
0.05º,SWA,CEC,0.6927641762627496,-0.25920089959826137
0.05º,SWA,CEC,0.5408503214518229,-0.5112343493057556
0.05º,SWA,CEC,0.5712141460842557,-0.46085909236852596
0.05º,SWA,CEC,0.3920911153157552,-0.7580340631625636
0.05º,SWA,CEC,1.2986791398790147,0.7460453875140195
0.05º,SWA,CEC,0.4433920118543837,-0.6729230511103053
0.05º,SWA,CEC,0.34175099266899955,-0.8415510984267337
0.05º,SWA,CEC,1.3048038482666016,0.7562066159635059
0.05º,SWA,CEC,0.8184692519051688,-0.050649257621089606
0.05º,SWA,CEC,0.27183834711710614,-0.9575400268793188
0.05º,SWA,CEC,1.0408458179897733,0.3182857098587704
0.05º,SWA,CEC,1.9070095486111112,1.7552990310710417
0.05º,SWA,CEC,0.3661299811469184,-0.8011050142027738
0.05º,SWA,CEC,0.6798178354899088,-0.2806795917829136
0.05º,SWA,CEC,0.2722170088026259,-0.9569118062934324
0.05º,SWA,CEC,0.6748909420437283,-0.28885357929134453
0.05º,SWA,CEC,2.1880351305007935,2.2215359450632874
0.05º,SWA,CEC,1.0895649592081706,0.39911344767992984
0.05º,SWA,CEC,1.243436919318305,0.6543955018946566
0.05º,SWA,CEC,0.6562697092692057,-0.31974722977378645
0.05º,SWA,CEC,0.36799001693725586,-0.7980191124105929
0.05º,SWA,CEC,0.6179629431830512,-0.3833002639315184
0.05º,SWA,CEC,0.43497641881306964,-0.68688498333944
0.05º,SWA,CEC,0.7376503414577908,-0.18473228004853864
0.05º,SWA,CEC,1.4496784210205078,0.9965615091462972
0.05º,SWA,CEC,0.655677080154419,-0.3207304341061543
0.05º,SWA,CEC,0.34808243645562065,-0.831046884567127
0.05º,SWA,CEC,0.7252954906887479,-0.20522965774867463
0.05º,SWA,CEC,1.719419797261556,1.44407730464429
0.05º,SWA,CEC,0.8255864249335395,-0.03884147568613752
0.05º,SWA,CEC,0.29395855797661674,-0.9208413790955577
0.05º,SWA,CEC,0.7155478795369467,-0.2214014813657724
0.05º,SWA,CEC,0.6123991012573242,-0.39253098403873604
0.05º,SWA,CEC,0.7563865979512533,-0.15364779888301872
0.05º,SWA,CEC,0.3449833658006456,-0.8361884134226272
0.05º,SWA,CEC,0.3241309059990777,-0.8707837923972248
0.05º,SWA,CEC,0.31987349192301434,-0.8778470767682188
0.05º,SWA,CEC,0.6195980707804362,-0.3805874972151859
0.05º,SWA,CEC,0.4620952606201172,-0.6418933315825365
0.05º,SWA,CEC,0.7378585934638977,-0.18438677850377866
0.05º,SWA,CEC,0.73209105597602,-0.19395544076434929
0.05º,SWA,CEC,0.5650997161865234,-0.47100326823739647
0.05º,SWA,CEC,0.9817109107971191,0.2201776427805783
0.05º,SWA,CEC,0.3597569995456272,-0.8116781415840447
0.05º,SWA,CEC,0.498833073510064,-0.5809432771659346
0.05º,SWA,CEC,0.6758292516072592,-0.2872968720608912
0.05º,SWA,CEC,0.5674611197577583,-0.46708556969073894
0.05º,SWA,CEC,1.3863451215955946,0.8914880781858024
0.05º,SWA,CEC,0.756943596733941,-0.15272370723345607
0.05º,SWA,CEC,0.5790678660074869,-0.44782933857976176
0.05º,SWA,CEC,0.7283037503560384,-0.20023878932191527
0.05º,SWA,CEC,0.3965595033433702,-0.7506207613894427
0.05º,SWA,CEC,1.4487863116794162,0.9950814506287153
0.05º,SWA,CEC,1.3557791709899902,0.8407774831297598
0.05º,SWA,CEC,0.5011236402723525,-0.5771431007856868
0.05º,SWA,CEC,0.20264742109510633,-1.0723315828929862
0.05º,SWA,CEC,1.3371335135565863,0.80984331079338
0.05º,SWA,CEC,1.2091179953681097,0.5974585174163012
0.05º,SWA,CEC,0.7279514736599393,-0.2008232357575609
0.05º,SWA,CEC,0.8330828348795573,-0.026404518823526672
0.05º,SWA,CEC,1.5710205350603377,1.1978747575943827
0.05º,SWA,CEC,3.264641761779785,4.007685625728832
0.05º,SWA,CEC,0.8929385079277886,0.07289933849538177
0.05º,SWA,CEC,0.4450008074442546,-0.6702539706443135
0.05º,SWA,CEC,0.36695130666097003,-0.7997423899517018
0.05º,SWA,CEC,0.9567306306627061,0.17873398259058718
0.05º,SWA,CEC,0.3812283409966363,-0.7760560038765886
0.05º,SWA,CEC,1.3109427558051214,0.7663914015862141
0.05º,SWA,CEC,1.551359494527181,1.1652560087871873
0.05º,SWA,CEC,0.27081383599175346,-0.9592397472472057
0.05º,SWA,CEC,0.6411337322658963,-0.3448586490290299
0.05º,SWA,CEC,0.3259171379937066,-0.8678203351658582
0.05º,SWA,CEC,0.45232635074191624,-0.6581004909594672
0.05º,SWA,CEC,0.369373533460829,-0.7957237823197499
0.05º,SWA,CEC,0.30225520663791233,-0.9070767821421074
0.05º,SWA,CEC,0.3698195881313748,-0.7949837530609591
0.05º,SWA,CEC,0.4883475833468967,-0.5983392826914752
0.05º,SWA,CEC,0.5236638069152832,-0.5397477232339151
0.05º,SWA,CEC,0.5355337990654839,-0.5200547526793902
0.05º,SWA,CEC,0.5256754557291666,-0.5364102870876594
0.05º,SWA,CEC,0.44860680898030597,-0.6642714155448284
0.05º,SWA,CEC,0.5940755208333334,-0.42293081288251677
0.05º,SWA,CEC,0.7101449966430664,-0.2303651615765408
0.05º,SWA,CEC,0.527098125881619,-0.5340499989706557
0.05º,SWA,CEC,1.31040586744036,0.7655006742272971
0.05º,SWA,CEC,0.1784982681274414,-1.11239635735039
0.05º,SWA,CEC,0.17473072475857204,-1.1186469192452255
0.05º,SWA,CEC,0.8530367745293511,0.006700165745579342
0.05º,SWA,CEC,0.6750357415941026,-0.28861334886442036
0.05º,SWA,CEC,0.2360998789469401,-1.016832113380573
0.05º,SWA,CEC,0.6487622790866427,-0.33220246981561447
0.05º,SWA,CEC,0.7574561966790093,-0.15187327570016212
0.05º,SWA,CEC,0.24036049842834473,-1.0097635110656238
0.05º,SWA,CEC,0.2170957989162869,-1.0483609285410076
0.05º,SWA,CEC,0.26032935248480904,-0.9766340826746448
0.05º,SWA,CEC,0.8584540155198839,0.015687666829269902
0.05º,SWA,CEC,0.42086611853705513,-0.7102947484289949
0.05º,SWA,CEC,1.7534230550130208,1.5004905815179566
0.05º,SWA,CEC,0.392788569132487,-0.7568769488778833
0.05º,SWA,CEC,0.42560916476779515,-0.7024257735738486
0.05º,SWA,CEC,0.701902707417806,-0.24403957323250694
0.05º,SWA,CEC,0.7935809029473199,-0.09194039892730982
0.05º,SWA,CEC,0.4336504406399197,-0.6890848541387937
0.05º,SWA,CEC,4.953301429748535,6.809264994705939
0.05º,SWA,CEC,0.4776617685953776,-0.616067637739226
0.05º,SWA,CEC,0.5157757865058051,-0.5528343834179926
0.05º,SWA,CEC,0.7797587712605795,-0.11487207646031836
0.05º,SWA,CEC,0.6895070605807834,-0.26460463385570626
0.05º,SWA,CEC,0.3027261098225911,-0.9062955278301781
0.05º,SWA,CEC,0.3977850808037652,-0.7485874609007444
0.05º,SWA,CEC,0.4155445098876953,-0.7191235901930374
0.05º,SWA,CEC,0.686696900261773,-0.26926684455605876
0.05º,SWA,CEC,0.5508085886637369,-0.49471303568593156
0.05º,SWA,CEC,0.8192048602634006,-0.04942884285122181
0.05º,SWA,CEC,0.32186105516221786,-0.8745495999165405
0.05º,SWA,CEC,0.4875833723280165,-0.5996071508502588
0.05º,SWA,CEC,0.5376982159084744,-0.5164638659612376
0.05º,SWA,CEC,0.9689103232489692,0.19894076322105195
0.05º,SWA,CEC,1.3201143476698134,0.7816075774896198
0.05º,SWA,CEC,0.6151255501641167,-0.38800765518051317
0.05º,SWA,CEC,1.681611802842882,1.3813517601459306
0.05º,SWA,CEC,0.7873867882622613,-0.10221677624590367
0.05º,SWA,CEC,0.4673620859781901,-0.6331553783151789
0.05º,SWA,CEC,0.6754666434393989,-0.2878984589770529
0.05º,SWA,CEC,1.0922506120469835,0.4035690936150894
0.05º,SWA,CEC,0.31242624918619794,-0.8902024625235536
0.05º,SWA,CEC,0.40475908915201825,-0.7370171970529426
0.05º,SWA,CEC,0.3712058597140842,-0.792683852175312
0.05º,SWA,CEC,0.3894341256883409,-0.7624421552517789
0.05º,SWA,CEC,0.6980494923061795,-0.25043226926577505
0.05º,SWA,CEC,0.48035187191433376,-0.6116046082124595
0.05º,SWA,CEC,0.3152223163180881,-0.8855636331966231
0.05º,SWA,CEC,0.7951482137044271,-0.08934014408308218
0.05º,SWA,CEC,0.29371441735161674,-0.9212464218351358
0.05º,SWA,CEC,0.8583869934082031,0.015576473455666134
0.05º,SWA,CEC,2.093534787495931,2.0647546727053445
0.05º,SWA,CEC,0.29622120327419704,-0.9170875259626531
0.05º,SWA,CEC,0.1304729249742296,-1.192073045979975
0.05º,SWA,CEC,0.5072017775641547,-0.5670591363483726
0.05º,SWA,CEC,0.3521918190850152,-0.8242291925169623
0.05º,SWA,CEC,0.4317673577202691,-0.6922089923875104
0.05º,SWA,CEC,0.7933652665879991,-0.09229815152064383
0.05º,SWA,CEC,0.29996411005655926,-0.9108778375213558
0.05º,SWA,CEC,1.6574360529581706,1.3412428599386859
0.05º,SWA,CEC,1.7751706441243489,1.5365710293044408
0.05º,SWA,CEC,0.7532527181837294,-0.1588470779728727
0.05º,SWA,CEC,0.7694988250732422,-0.1318938921112097
0.05º,SWA,CEC,0.514713446299235,-0.5545968643145381
0.05º,SWA,CEC,0.46619627210828996,-0.6350895277165846
0.05º,SWA,CEC,0.5388578838772244,-0.5145399129482414
0.05º,SWA,CEC,0.40189621183607316,-0.7417668681538767
0.05º,SWA,CEC,0.6737817128499349,-0.2906938515994626
0.05º,SWA,CEC,0.4058506753709581,-0.7352061954115519
0.05º,SWA,CEC,0.4522686004638672,-0.6581963018505567
0.05º,SWA,CEC,0.4933932622273763,-0.5899682236070601
0.05º,SWA,CEC,0.4865772459242079,-0.6012763699528172
0.05º,SWA,CEC,0.5266689724392362,-0.5347619881613205
0.05º,SWA,CEC,0.4962414332798549,-0.585242951006963
0.05º,SWA,CEC,0.14115768008761936,-1.1743464489302258
0.05º,SWA,CEC,0.25072076585557723,-0.9925752569539272
0.05º,SWA,CEC,0.4469122886657715,-0.6670827180491529
0.05º,SWA,CEC,1.0231988694932725,0.28900845063893754
0.05º,SWA,CEC,1.3025248845418294,0.7524256896613759
0.05º,SWA,CEC,0.6025561226738824,-0.4088610274759815
0.05º,SWA,CEC,1.1626802020602756,0.5204156613927754
0.05º,SWA,CEC,0.9944766362508138,0.24135668420585077
0.05º,SWA,CEC,0.4278286827935113,-0.6987434709596109
0.05º,SWA,CEC,0.9220258924696181,0.12115691103983428
0.05º,SWA,CEC,2.5914093123541937,2.8907559230697846
0.05º,SWA,CEC,0.2097590764363607,-1.0605329551047713
0.05º,SWA,CEC,0.2955132590399848,-0.9182620444275497
0.05º,SWA,CEC,0.7657891909281412,-0.1380483794152555
0.05º,SWA,CEC,0.2942526075575087,-0.9203535346501022
0.05º,SWA,CEC,0.6923475795321994,-0.2598920565126067
0.05º,SWA,CEC,2.8807879553900824,3.370851025434094
0.05º,SWA,CEC,1.4525837898254395,1.0013816759670973
0.05º,SWA,CEC,0.7946011225382487,-0.09024779845132967
0.05º,SWA,CEC,0.7679911719428169,-0.13439517166794482
0.05º,SWA,CEC,0.2629593743218316,-0.9722707316345713
0.05º,SWA,CEC,0.4746861987643772,-0.6210042719276349
0.05º,SWA,CEC,0.8351278834872775,-0.023011670580259186
0.05º,SWA,CEC,0.5265225304497613,-0.5350049434851474
0.05º,SWA,CEC,1.1132087707519531,0.43833983289035083
0.05º,SWA,CEC,0.6014827092488607,-0.41064187945164404
0.05º,SWA,CEC,0.6732720269097222,-0.2915394486382521
0.05º,SWA,CEC,0.7247394323348999,-0.206152189175011
0.05º,SWA,CEC,0.26793842315673827,-0.9640102154644993
0.05º,SWA,CEC,0.3181534873114692,-0.880700659124483
0.05º,SWA,CEC,0.9369303385416666,0.14588420773171917
0.05º,SWA,CEC,0.6251406139797635,-0.3713921128678011
0.05º,SWA,CEC,0.5159418318006728,-0.5525589051311354
0.05º,SWA,CEC,0.8570575184292264,0.013370801262907036
0.05º,SWA,CEC,0.17023489210340711,-1.126105753166589
0.05º,SWA,CEC,2.853649003165109,3.325826009386545
0.05º,SWA,CEC,0.4325450261433919,-0.6909187976541059
0.05º,SWA,CEC,0.1715340084499783,-1.1239504476165767
0.05º,SWA,CEC,0.5342238744099935,-0.522227989809019
0.05º,SWA,CEC,1.1871537102593317,0.5610185590384817
0.05º,SWA,CEC,0.9198968675401475,0.11762474145493662
0.05º,SWA,CEC,0.23471376630995008,-1.0191317505665198
0.05º,SWA,CEC,0.3153652615017361,-0.8853264792662016
0.05º,SWA,CEC,0.37171702914767796,-0.7918357939393202
0.05º,SWA,CEC,0.6379750569661459,-0.3500990652721223
0.05º,SWA,CEC,0.5293494330512153,-0.5303149564163688
0.05º,SWA,CEC,0.6355521943834093,-0.35411872770287506
0.05º,SWA,CEC,0.3571946885850694,-0.8159291565518134
0.05º,SWA,CEC,0.2778121630350749,-0.9476291373452662
0.05º,SWA,CEC,0.36652353074815536,-0.8004520937449643
0.05º,SWA,CEC,0.3160230848524306,-0.8842351141067827
0.05º,SWA,CEC,0.5363200505574545,-0.5187503181621722
0.05º,SWA,CEC,0.47976864708794487,-0.6125722103125628
0.05º,SWA,CEC,0.6850502226087782,-0.2719987734506092
0.05º,SWA,CEC,1.1534416410658095,0.5050883800156661
0.05º,SWA,CEC,0.26405005984836155,-0.9704612242914821
0.05º,SWA,CEC,0.5445874532063802,-0.5050342419535672
0.05º,SWA,CEC,0.7360929912990994,-0.18731600971155077
0.05º,SWA,CEC,0.5613554848564996,-0.4772151541761958
0.05º,SWA,CEC,0.4588080512152778,-0.647346992983228
0.05º,SWA,CEC,0.40240520901150173,-0.7409224138137884
0.05º,SWA,CEC,1.085471683078342,0.39232247719938973
0.05º,SWA,CEC,0.3531716664632161,-0.8226035717648446
0.05º,SWA,CEC,0.48899194929334855,-0.5972702441066772
0.05º,SWA,CEC,0.2574477725558811,-0.9814147824403081
0.05º,SWA,CEC,0.7240350511338975,-0.207320796371627
0.05º,SWA,CEC,0.7280535168117948,-0.20065394055000282
0.05º,SWA,CEC,0.6042345894707574,-0.4060763586413818
0.05º,SWA,CEC,0.7681148317125108,-0.13419001330115335
0.05º,SWA,CEC,1.0958439509073894,0.4095306406384552
0.05º,SWA,CEC,0.7691678471035428,-0.13244300278702226
0.05º,SWA,CEC,0.402823978000217,-0.7402276530035398
0.05º,SWA,CEC,0.23597913318210179,-1.01703243725286
0.05º,SWA,CEC,4.813672171698676,6.577612367431072
0.05º,SWA,CEC,0.7180874082777235,-0.21718826335503905
0.05º,SWA,CEC,0.5365185207790799,-0.5184210451364648
0.05º,SWA,CEC,0.49762323167588973,-0.5829504713843086
0.05º,SWA,CEC,0.3255833519829644,-0.8683741045363752
0.05º,SWA,CEC,0.608637809753418,-0.3987711737453618
0.05º,SWA,CEC,0.2260717815823025,-1.033469279068705
0.05º,SWA,CEC,0.5296141306559244,-0.5298758085155589
0.05º,SWA,CEC,0.23887613084581164,-1.012226158616273
0.05º,SWA,CEC,0.7766889995998807,-0.11996499667107301
0.05º,SWA,CEC,0.428314208984375,-0.6979379562752588
0.05º,SWA,CEC,1.149985260433621,0.49935405423401275
0.05º,SWA,CEC,0.8294426600138346,-0.032443769358564814
0.05º,SWA,CEC,1.0767582257588704,0.3778663717319937
0.05º,SWA,CEC,0.16536426544189453,-1.134186390981133
0.05º,SWA,CEC,0.7232716878255209,-0.20858725813200926
0.05º,SWA,CEC,0.5794804890950521,-0.44714477415792253
0.05º,SWA,CEC,0.7557438214619955,-0.1547142004708143
0.05º,SWA,CEC,0.617328855726454,-0.3843522499357005
0.05º,SWA,CEC,0.486686282687717,-0.6010954719584484
0.05º,SWA,CEC,0.2325779596964518,-1.022675171338628
0.05º,SWA,CEC,0.42202896542019314,-0.7083655214219938
0.05º,SWA,CEC,0.6319304572211372,-0.3601273890726846
0.05º,SWA,CEC,0.7197191450330946,-0.2144811222323117
0.05º,SWA,CEC,0.5831758711073134,-0.4410139319269989
0.05º,SWA,CEC,0.5057222578260634,-0.5695137410581641
0.05º,SWA,CEC,0.49475447336832684,-0.5877098993741517
0.05º,SWA,CEC,0.5125187767876519,-0.5582379418756372
0.05º,SWA,CEC,1.1241641574435763,0.45651542262971917
0.05º,SWA,CEC,0.5909081565009223,-0.42818564470922266
0.05º,SWA,CEC,0.7557048797607422,-0.15477880689737467
0.05º,SWA,CEC,0.40105809105767143,-0.7431573566732749
0.05º,SWA,CEC,0.5782574547661675,-0.4491738554514169
0.05º,SWA,CEC,0.7920555538601346,-0.09447103705067228
0.05º,SWA,CEC,0.5716611014472114,-0.46011756881143373
0.05º,SWA,CEC,1.0010745260450575,0.25230294666297
0.05º,SWA,CEC,0.7990484237670898,-0.08286948083844134
0.05º,SWA,CEC,1.7751580344306097,1.5365501091282212
0.05º,SWA,CEC,0.21533658769395617,-1.0512795568233326
0.05º,SWA,CEC,0.45739173889160156,-0.6496967331122216
0.05º,SWA,CEC,0.3352288140190972,-0.8523717519266356
0.05º,SWA,CEC,0.8311811023288302,-0.02955959783707222
0.05º,SWA,CEC,0.22265799840291342,-1.0391329333306927
0.05º,SWA,CEC,0.7567169401380751,-0.1530997430060071
0.05º,SWA,CEC,0.77010620964898,-0.13088620765666897
0.05º,SWA,CEC,0.8302266862657335,-0.03114302663715044
QDS,Cape,CEC,1.9127834724220962,1.545027308666254
QDS,Cape,CEC,1.769733081257496,1.2944156975169938
QDS,Cape,CEC,1.6190630329388838,1.030455122130546
QDS,Cape,CEC,0.8701940336102753,-0.281497015389506
QDS,Cape,CEC,1.4358590608596484,0.7094979947998585
QDS,Cape,CEC,1.1514471409347031,0.21123350980148847
QDS,Cape,CEC,0.8592142571076182,-0.3007326110211424
QDS,Cape,CEC,1.2652729746570976,0.4106462855886843
QDS,Cape,CEC,1.3232778698664447,0.512265722799673
QDS,Cape,CEC,1.1863554114433115,0.27238970688262903
QDS,Cape,CEC,1.290525798783665,0.4548869960747248
QDS,Cape,CEC,0.8152838563361363,-0.3776947809679956
QDS,Cape,CEC,1.7483848989009858,1.2570155734633854
QDS,Cape,CEC,0.45614117001552223,-1.0068809475945397
QDS,Cape,CEC,1.2104675343691134,0.31463200993030915
QDS,Cape,CEC,2.759621206919352,3.0286119902358997
QDS,Cape,CEC,1.359738430233262,0.5761413941805293
QDS,Cape,CEC,1.194710102777714,0.2870263858803131
QDS,Cape,CEC,1.086129739186202,0.09680320901719955
QDS,Cape,CEC,1.2352114680485846,0.35798118944039836
QDS,Cape,CEC,0.9084015422397188,-0.21456084543100232
QDS,Cape,CEC,0.6398653984069824,-0.6850123772992033
QDS,Cape,CEC,0.7509951988855998,-0.4903228128883224
QDS,Cape,CEC,0.63727076848348,-0.6895579390426649
QDS,Cape,CEC,1.1662483094987415,0.23716384575182708
QDS,Cape,CEC,1.5532695309321087,0.9151907358759329
QDS,Cape,CEC,1.67723699481399,1.1323707491607489
QDS,Cape,CEC,1.027824960787412,-0.005341596972238727
QDS,Cape,CEC,1.1017490554020855,0.12416686716622392
QDS,Cape,CEC,0.8412049218287084,-0.33228337081446263
QDS,Cape,CEC,1.3385152022043862,0.5389601790380648
QDS,Cape,CEC,0.9904540048705206,-0.07081220069637421
QDS,Cape,CEC,1.7644270707942824,1.285120037294501
QDS,Cape,CEC,1.2216615729861793,0.33424297380290674
QDS,Cape,CEC,0.7747472522605183,-0.44871131979186324
QDS,Cape,CEC,0.9739819424166424,-0.0996697947016062
QDS,Cape,CEC,0.9549865233414033,-0.13294808593971566
QDS,Cape,CEC,0.5778044373352335,-0.7937376825363369
QDS,Cape,CEC,1.0120340313443947,-0.03300590629038156
QDS,Cape,CEC,0.8647447623107949,-0.29104365590432163
QDS,Cape,CEC,0.9496639898711562,-0.14227269300660347
QDS,Cape,CEC,1.199562220043607,0.29552686543574036
QDS,Cape,CEC,0.8763894473379278,-0.270643199448264
QDS,Cape,CEC,0.9707135510547851,-0.10539572679024266
QDS,Cape,CEC,0.647609391880197,-0.6714455868468895
QDS,Cape,CEC,1.0989863910147923,0.11932692392994465
QDS,Cape,CEC,1.856295613873984,1.4460655852772923
QDS,Cape,CEC,0.5373071287726822,-0.8646853791028686
QDS,Cape,CEC,0.5838906140420952,-0.7830752401771918
QDS,Cape,CEC,0.854928125805325,-0.30824153331432946
QDS,Cape,CEC,1.642411574580243,1.0713596984206852
QDS,Cape,CEC,0.9402821083596571,-0.1587089181861826
QDS,Cape,CEC,0.9094026094787622,-0.21280706432210114
QDS,Cape,CEC,0.8160720936964565,-0.37631385895002933
QDS,Cape,CEC,1.538325588271238,0.8890102723576357
QDS,Cape,CEC,1.7271601706963995,1.2198317301459909
QDS,Cape,CEC,0.9174332753349759,-0.19873804925375851
QDS,Cape,CEC,0.5689952648387236,-0.809170572263299
QDS,Cape,CEC,1.1808130645751953,0.26268000621799803
QDS,Cape,CEC,1.7576288625929088,1.273210178842496
QDS,Cape,CEC,1.3486934773608896,0.5567916153237353
QDS,Cape,CEC,1.3808130199112387,0.6130622081014793
QDS,Cape,CEC,0.7480938540150469,-0.49540571204427275
QDS,Cape,CEC,1.3521943286331641,0.5629247965796267
QDS,Cape,CEC,1.075539795425203,0.07825056581002221
QDS,Cape,CEC,1.1345571480857,0.18164373877235732
QDS,Cape,CEC,0.9622840435904747,-0.12016347701886498
QDS,Cape,CEC,1.7087388363898088,1.187559184559018
QDS,Cape,CEC,1.8561967941873894,1.4458924619417381
QDS,Cape,CEC,1.693959092034234,1.1616663819237367
QDS,Cape,CEC,1.8181654251946346,1.3792648730208568
QDS,Cape,CEC,1.4302675925360788,0.6997022376974019
QDS,Cape,CEC,1.3562655623753868,0.5700572373873533
QDS,Cape,CEC,0.9573886917255545,-0.12873969976123087
QDS,Cape,CEC,0.8361728678327622,-0.34109908357866664
QDS,Cape,CEC,1.093371145966077,0.10948951211163516
QDS,Cape,CEC,1.7976815608243766,1.3433789575011539
QDS,Cape,CEC,1.0530399089422287,0.03883275816708122
QDS,Cape,CEC,0.7462188697799144,-0.49869051830184774
QDS,Cape,CEC,0.9854354243808322,-0.07960430907135845
QDS,Cape,CEC,1.7183353296915693,1.204371390580671
QDS,Cape,CEC,2.3820504146152075,2.367141414644351
QDS,Cape,CEC,2.0914973174201124,1.8581181311729689
QDS,Cape,CEC,1.3071560932088788,0.4840217984744878
QDS,Cape,CEC,1.08740417443542,0.09903590665969973
QDS,Cape,CEC,0.9593450004043003,-0.1253124202837381
QDS,Cape,CEC,1.2398754228245128,0.3661520249844811
QDS,Cape,CEC,1.46576994694538,0.7618992171371112
QDS,Cape,CEC,0.6936024051275311,-0.5908699025884598
QDS,Cape,CEC,0.8572878774007161,-0.30410745759165253
QDS,Cape,CEC,0.9001581700642901,-0.22900250312496884
QDS,Cape,CEC,2.4941366555955677,2.563506578074282
QDS,Cape,CEC,3.210219328138564,3.8180199759130558
QDS,Cape,CEC,1.095320642259386,0.11290485689341545
QDS,Cape,CEC,1.4188905399977563,0.6797706496496765
QDS,Cape,CEC,1.4263529927572451,0.692844205715866
QDS,Cape,CEC,1.1113088208242883,0.1409147291969578
QDS,Cape,CEC,0.8072509983607702,-0.39176763643487295
QDS,Cape,CEC,0.8633930451529366,-0.29341174460363306
QDS,Cape,CEC,0.96515624515594,-0.11513163435135039
QDS,Cape,CEC,2.892020344204373,3.2605635482822666
QDS,Cape,CEC,2.7978596835666236,3.0956024134178923
QDS,Cape,CEC,1.0299633513556588,-0.0015953261566763793
QDS,Cape,CEC,1.4206428951687278,0.6828406206516963
QDS,Cape,CEC,0.9995135285888893,-0.05494071780966983
QDS,Cape,CEC,1.23425063279228,0.3562978912007281
QDS,Cape,CEC,0.8783327621538287,-0.2672386840672275
QDS,Cape,CEC,0.8641013698188625,-0.292170822546033
QDS,Cape,CEC,1.0325421781388542,0.002922549885115269
QDS,Cape,CEC,1.7149881723192006,1.1985074674202356
QDS,Cape,CEC,1.7186057366265193,1.2048451195728258
QDS,Cape,CEC,1.1592416445414226,0.22488878953253819
QDS,Cape,CEC,1.2625788540310328,0.40592642494914444
QDS,Cape,CEC,1.9917957597078342,1.6834498355538778
QDS,Cape,CEC,0.6291503045946697,-0.7037842723080698
QDS,Cape,CEC,0.6282339606423311,-0.7053896257250921
QDS,Cape,CEC,0.551092322031657,-0.8405349418722534
QDS,Cape,CEC,0.7810282067715865,-0.43770764397693457
QDS,Cape,CEC,1.268761030585219,0.41675705053527856
QDS,Cape,CEC,1.586962176428901,0.9742172656399529
QDS,Cape,CEC,1.6060690858629019,1.0076908781086402
QDS,Cape,CEC,0.9255663130018448,-0.18448968784322345
QDS,Cape,CEC,1.3534091949462899,0.565053134723862
QDS,Cape,CEC,1.2896667840745717,0.4533820784125351
QDS,Cape,CEC,1.1616642189025876,0.22913292517479494
QDS,Cape,CEC,1.1316915618048773,0.17662348549742674
QDS,Cape,CEC,0.8579793657575335,-0.3028960312559246
QDS,Cape,CEC,1.5351792746755155,0.8834982096992571
QDS,Cape,CEC,1.0392728544581427,0.014714098462987843
QDS,Cape,CEC,0.9039165235701061,-0.2224182007704423
QDS,Cape,CEC,1.5951699740752505,0.9885965999108527
QDS,Cape,CEC,1.4142780759737088,0.6716900213408419
QDS,Cape,CEC,2.107888452741835,1.8868339480127554
QDS,Cape,CEC,2.232207075754802,2.1046291609827636
QDS,Cape,CEC,1.3186404079861114,0.5041413004614193
QDS,Cape,CEC,0.9189956961737741,-0.19600082637364874
QDS,Cape,CEC,0.7852371067470977,-0.43033402412562466
QDS,Cape,CEC,1.418977949354384,0.6799237830980763
QDS,Cape,CEC,1.5430029953850644,0.8972046752058476
QDS,Cape,CEC,0.8312150955200195,-0.3497846614152068
QDS,Cape,CEC,0.37980250812712185,-1.14061951966749
QDS,Cape,CEC,0.8896659011722351,-0.24738402861568606
QDS,Cape,CEC,0.9849122575146667,-0.08052085106863813
QDS,Cape,CEC,1.1857586565612863,0.2713442452014133
QDS,Cape,CEC,1.2224820398149037,0.33568035899400733
QDS,Cape,CEC,1.2082355169285646,0.31072171312975344
QDS,Cape,CEC,1.241852267679542,0.36961528202333077
QDS,Cape,CEC,1.8006227938334147,1.3485317371416674
QDS,Cape,CEC,1.6098716269599063,1.0143525932079371
QDS,Cape,CEC,1.1851953167385527,0.270357323743524
QDS,Cape,CEC,1.5641400951809354,0.9342350013149929
QDS,Cape,CEC,0.5552675141228571,-0.83322037524776
QDS,Cape,CEC,1.0932536082797584,0.1092835964989669
QDS,Cape,CEC,1.668240464528402,1.1166096251870992
QDS,Cape,CEC,1.0202490403917102,-0.0186139382839149
QDS,Cape,CEC,0.3064394509350809,-1.2691450959490491
QDS,Cape,CEC,0.62117357539094,-0.7177587951400126
QDS,Cape,CEC,2.355739300423773,2.321046673728471
QDS,Cape,CEC,1.6923699185662993,1.1588822908076453
QDS,Cape,CEC,1.676760558892681,1.1315360756385267
QDS,Cape,CEC,1.2698863970711878,0.41872859291196096
QDS,Cape,CEC,1.5624901773472029,0.9313444914519347
QDS,Cape,CEC,2.05574710422092,1.795486925093497
QDS,Cape,CEC,1.651696919335259,1.0876267997559994
QDS,Cape,CEC,1.3049972279866537,0.4802396578791965
QDS,Cape,CEC,1.982697622511122,1.6675107052742446
QDS,Cape,CEC,1.4020845540364577,0.6503280512448485
QDS,Cape,CEC,1.217912415398492,0.3276747818821893
QDS,Cape,CEC,1.445463307698568,0.7263237843316556
QDS,Cape,CEC,1.335346425374349,0.5334087627833948
QDS,Cape,CEC,1.211865000430448,0.31708024665518836
QDS,Cape,CEC,1.3656000044989205,0.5864103529623158
QDS,Cape,CEC,1.727931795550468,1.2211835485248614
QDS,Cape,CEC,1.976557197358674,1.656753224444809
QDS,Cape,CEC,1.703147545378708,1.177763738092297
QDS,Cape,CEC,1.7877894189622658,1.3260488013960365
QDS,Cape,CEC,2.134242225223118,1.933003422472953
QDS,Cape,CEC,1.8640577676561143,1.459664190981835
QDS,Cape,CEC,1.2696010759141705,0.4182287355241346
QDS,Cape,CEC,2.0922478485107416,1.8594329951471875
QDS,Cape,CEC,3.2180593109130857,3.831754931116671
QDS,Cape,CEC,1.577471347384983,0.9575901740362561
QDS,Cape,CEC,1.2373296356201173,0.36169203135746186
QDS,Cape,CEC,0.95391447279188335,-0.13482622351949697
QDS,Cape,CEC,1.1527986486458481,0.21360123156871505
QDS,Cape,CEC,1.0114440442645363,-0.0340395113818241
QDS,Cape,CEC,2.754330798956187,3.019343664211121
QDS,Cape,CEC,2.471636119721428,2.5240876327555553
QDS,Cape,CEC,0.34834009901682494,-1.1957388728798557
QDS,Cape,CEC,0.7304683007134335,-0.5262841198162019
QDS,Cape,CEC,2.883310963577695,3.2453054850697547
QDS,Cape,CEC,1.5534198894576423,0.9154541506910007
QDS,Cape,CEC,0.9354961837094926,-0.1670934341434762
QDS,Cape,CEC,1.5687039919126597,0.9422305440307077
QDS,Cape,CEC,4.14018700952038,5.447240959165515
QDS,Cape,CEC,2.0475507789251335,1.7811276893643406
QDS,Cape,CEC,1.835816745565395,1.410188422414986
QDS,Cape,CEC,2.002744509379069,1.7026310749258196
QDS,Cape,CEC,1.9274991840786404,1.5708079316860888
QDS,Cape,CEC,0.9288382466634116,-0.17875754995934126
QDS,Cape,CEC,1.7881559880574533,1.326690997973023
QDS,Cape,CEC,2.043048837449815,1.7732406867686537
QDS,Cape,CEC,1.3616201951768663,0.5794380796385804
QDS,Cape,CEC,0.995249426099989,-0.06241104757353085
QDS,Cape,CEC,1.5035182740953232,0.8280309418267091
QDS,Cape,CEC,0.536214768916001,-0.8665990967894049
QDS,Cape,CEC,0.5950982281896804,-0.7634404931779075
QDS,Cape,CEC,0.8923969699187185,-0.24259943814275223
QDS,Cape,CEC,1.0784141653639912,0.08328620727548186
QDS,Cape,CEC,0.9973971351219527,-0.05864845165266544
QDS,Cape,CEC,1.3541679061383967,0.5663823295111176
QDS,Cape,CEC,1.539520764806742,0.8911041157559789
QDS,Cape,CEC,1.6747464598283108,1.1280075525256101
QDS,Cape,CEC,1.1310253129041556,0.17545627645257936
QDS,Cape,CEC,1.1081236733330622,0.13533463299431467
QDS,Cape,CEC,1.20622630737446,0.3072017560056148
QDS,Cape,CEC,1.307988410263685,0.48547994421176127
QDS,Cape,CEC,1.0649129596111941,0.05963329099458303
QDS,Cape,CEC,1.2107151884439074,0.31506587792735913
QDS,Cape,CEC,1.6413024307919195,1.0694165767729569
QDS,Cape,CEC,0.9053708714749679,-0.2198703120953979
QDS,Cape,CEC,0.8402972807362362,-0.3338734775920666
QDS,Cape,CEC,0.503928579921611,-0.9231616393723425
QDS,Cape,CEC,0.3629511415390745,-1.1701416209096882
QDS,Cape,CEC,0.5482804321107411,-0.8454611238820898
QDS,Cape,CEC,0.5094820229464739,-0.9134324992242034
QDS,Cape,CEC,0.3855976257374678,-1.130466987057795
QDS,Cape,CEC,0.47341947202329254,-0.9766108933231861
QDS,Cape,CEC,0.2913835710949364,-1.2955216634878732
QDS,Cape,CEC,0.18999756707085483,-1.473140959804402
QDS,Cape,CEC,0.25652050971984863,-1.3565986581725855
QDS,Cape,CEC,2.4197427493812853,2.433175045638305
QDS,Cape,CEC,1.546305537110732,0.9029904357061798
QDS,Cape,CEC,2.3455392096699144,2.3031770184490816
QDS,Cape,CEC,1.5967497592502171,0.9913642435694606
QDS,Cape,CEC,1.091046231587728,0.10541646810666137
QDS,Cape,CEC,1.4154801983303498,0.6737960332024221
QDS,Cape,CEC,1.3473083877563472,0.5543650610546103
QDS,Cape,CEC,0.9243640857272675,-0.18659588351173248
QDS,Cape,CEC,1.4582988315158418,0.7488104848405022
QDS,Cape,CEC,0.8369170973036025,-0.3397952594839989
QDS,Cape,CEC,0.8224032458552613,-0.36522224130374487
QDS,Cape,CEC,1.309716180165609,0.48850684400064864
QDS,Cape,CEC,2.074019728803727,1.8274989444199847
QDS,Cape,CEC,2.1690056737196386,1.9939059042200518
QDS,Cape,CEC,1.3529048517136366,0.5641695700647341
QDS,Cape,CEC,1.027723167463221,-0.005519929857399243
QDS,Cape,CEC,1.0767525097527566,0.08037513386619957
QDS,Cape,CEC,1.9354492565139438,1.5847357542215212
QDS,Cape,CEC,1.4214295752522121,0.6842188144586199
QDS,Cape,CEC,0.8196550920274525,-0.37003676332543367
QDS,Cape,CEC,0.7898121770222983,-0.42231890635170793
QDS,Cape,CEC,0.8730954498561303,-0.27641399119035015
QDS,Cape,CEC,0.9635652929567764,-0.11791884164696048
QDS,Cape,CEC,1.222638659757501,0.3359547432570133
QDS,Cape,CEC,1.4471375523865706,0.7292569126880517
QDS,Cape,CEC,1.549210033202024,0.9080788555216689
QDS,Cape,CEC,0.8865717922799197,-0.252804633258998
QDS,Cape,CEC,0.6095101757391627,-0.7381920379603438
QDS,Cape,CEC,0.8972399217225773,-0.23411501566475482
QDS,Cape,CEC,1.9267696379767718,1.5695298315529227
QDS,Cape,CEC,2.0079460991428264,1.7117437993344706
QDS,Cape,CEC,1.4348742039998372,0.7077726128391432
QDS,Cape,CEC,0.9871656799316404,-0.07657305464585291
QDS,Cape,CEC,2.189035034179687,2.028995569157817
QDS,Cape,CEC,0.8182035149468315,-0.37257979776190137
QDS,Cape,CEC,1.086621708340115,0.09766509538671002
QDS,Cape,CEC,1.1517296939426003,0.21172851763731254
QDS,Cape,CEC,0.9048853895399307,-0.22072083343220103
QDS,Cape,CEC,1.2391992017957896,0.36496734565489897
QDS,Cape,CEC,2.3119525358412,2.2443361416585135
QDS,Cape,CEC,2.9888747750388243,3.430243929864984
QDS,Cape,CEC,1.7508165178005373,1.2612755543355552
QDS,Cape,CEC,0.7873109974392354,-0.4267007513783586
QDS,Cape,CEC,0.5869858426110548,-0.7776526739596018
QDS,Cape,CEC,1.104743803525073,0.12941340054497252
QDS,Cape,CEC,0.964472706020882,-0.11632913435485165
QDS,Cape,CEC,0.7868172274374403,-0.4275657926738043
QDS,Cape,CEC,0.510855917451243,-0.9110255577780028
QDS,Cape,CEC,0.5930884633745469,-0.7669614230701729
QDS,Cape,CEC,0.5524649062331092,-0.838130295961372
QDS,Cape,CEC,0.5776568133589153,-0.7939963066634586
QDS,Cape,CEC,0.7080825331025395,-0.5655020013061154
QDS,Cape,CEC,1.1583524184464684,0.22333094419902894
QDS,Cape,CEC,0.9797384701963667,-0.08958486805612634
QDS,Cape,CEC,0.8529426461538934,-0.31171991775143876
QDS,Cape,CEC,0.9023580098716784,-0.2251485786867931
QDS,Cape,CEC,0.7025095838832993,-0.5752653145785676
QDS,Cape,CEC,0.677047292013017,-0.6198729939928916
QDS,Cape,CEC,0,-1.8059998636523327
QDS,Cape,CEC,1.0514129240833303,0.035982424844085974
QDS,Cape,CEC,1.0848053968825033,0.09448307863698174
QDS,Cape,CEC,0.9987333336502002,-0.05630755021749169
QDS,Cape,CEC,0.9475677565854005,-0.14594510799834903
QDS,Cape,CEC,0.8503725585552174,-0.3162224835162383
QDS,Cape,CEC,0.6430359352959526,-0.6794578775772228
QDS,Cape,CEC,1.0966458977593314,0.11522658711254913
QDS,Cape,CEC,1.1932539494832353,0.284475334322616
QDS,Cape,CEC,0.8715336269802518,-0.27915016649240365
QDS,Cape,CEC,0.9849036577012799,-0.08053591717975406
QDS,Cape,CEC,1.0271451657411286,-0.006532537663930558
QDS,Cape,CEC,1.4896425539854343,0.8037219095739124
QDS,Cape,CEC,1.6405616442614763,1.0681187844048226
QDS,Cape,CEC,1.5229754360346195,0.862118165652531
QDS,Cape,CEC,1.0641139253561276,0.05823345377361896
QDS,Cape,CEC,0.9254456736729766,-0.18470103725883485
QDS,Cape,CEC,0.6233448642134422,-0.7139548894977588
QDS,Cape,CEC,0.6692362689971922,-0.6335572142650849
QDS,Cape,CEC,0.6662379826439754,-0.6388099463097106
QDS,Cape,CEC,0.5132636150481211,-0.906807484908705
QDS,Cape,CEC,1.137756389890398,0.18724852696345623
QDS,Cape,CEC,0.7367870993841263,-0.5152141443865785
QDS,Cape,CEC,0.33501396451677606,-1.2190850798371384
QDS,Cape,CEC,0.3923976834654909,-1.1185538883989667
QDS,Cape,CEC,0.5849819176457988,-0.7811633729522888
QDS,Cape,CEC,0.3445371206956475,-1.2024013539571659
QDS,Cape,CEC,0.875450323376928,-0.2722884614221668
QDS,Cape,CEC,1.7676110873889213,1.29069815226652
QDS,Cape,CEC,0.695641161330105,-0.5872981823540169
QDS,Cape,CEC,0.622073389234997,-0.7161824010081429
QDS,Cape,CEC,0.2756075189004532,-1.323159909184699
QDS,Cape,CEC,0.4897931435269207,-0.9479256715454183
QDS,Cape,CEC,0.8483533465926024,-0.3197599639738802
QDS,Cape,CEC,0.648712558065142,-0.6695129374306683
QDS,Cape,CEC,1.0021826819940045,-0.05026459752915439
QDS,Cape,CEC,1.672329856024848,1.1237738767714602
QDS,Cape,CEC,1.2913131205240884,0.45626631400775547
QDS,Cape,CEC,2.1551356548733187,1.9696068600758998
QDS,Cape,CEC,2.039203739872685,1.766504416486653
QDS,Cape,CEC,1.5826310164840134,0.9666294571544488
QDS,Cape,CEC,0.7992290762492589,-0.40582133323718705
QDS,Cape,CEC,1.1198197178613574,0.15582506674599048
QDS,Cape,CEC,1.7662523242081107,1.2883177195592694
QDS,Cape,CEC,1.4141690812734855,0.6714990722829098
QDS,Cape,CEC,1.8084086184500097,1.3621718120509716
QDS,Cape,CEC,1.240521905186144,0.36728460480414443
QDS,Cape,CEC,0.8532954070442607,-0.3111019119258995
QDS,Cape,CEC,1.1114880142789898,0.14122866025317196
QDS,Cape,CEC,1.220919095819646,0.33294221959013204
QDS,Cape,CEC,1.9073478671757857,1.5355046098657885
QDS,Cape,CEC,2.453631148290152,2.492544518036655
QDS,Cape,CEC,2.788642803827921,3.079455256725203
QDS,Cape,CEC,2.1489515377226334,1.9587728347366349
QDS,Cape,CEC,1.5125534268333802,0.8438597289151603
QDS,Cape,CEC,1.6881147411891395,1.1514275970487946
QDS,Cape,CEC,0.6435969189730549,-0.6784750838777265
QDS,Cape,CEC,1.512014351469097,0.8429153166386607
QDS,Cape,CEC,2.47547119545214,2.5308063456505603
QDS,Cape,CEC,1.6600909754435214,1.1023324423497924
QDS,SWA,CEC,1.5775904040866429,0.9577987508292182
QDS,SWA,CEC,1.2968194325764975,0.4659128848679287
QDS,SWA,CEC,2.1487335205078124,1.9583908878924514
QDS,SWA,CEC,0.7933147154914011,-0.41618276927645803
QDS,SWA,CEC,1.0961564586053487,0.11436913307876045
QDS,SWA,CEC,2.2107826312112007,2.0670954323341517
QDS,SWA,CEC,2.7172706784088185,2.9544176165145792
QDS,SWA,CEC,1.0879281245545362,0.09995382084675357
QDS,SWA,CEC,1.8503585960547266,1.4356644560738503
QDS,SWA,CEC,1.839563704014012,1.4167527616388944
QDS,SWA,CEC,0.6871142957946793,-0.6022364952973718
QDS,SWA,CEC,1.3048796048851758,0.48003359262673706
QDS,SWA,CEC,1.492698685982544,0.809075982061552
QDS,SWA,CEC,0.757940485210323,-0.4781552865952345
QDS,SWA,CEC,0.7538037502515568,-0.48540247973098044
QDS,SWA,CEC,1.015624409671829,-0.026715881565888885
QDS,SWA,CEC,0.9725038135533783,-0.10225934550879402
QDS,SWA,CEC,1.380054024633236,0.6117325156209038
QDS,SWA,CEC,1.4702320250681231,0.7697163826709531
QDS,SWA,CEC,0.8467131158799835,-0.32263350285901987
QDS,SWA,CEC,0.8328988020114482,-0.34683495681751797
QDS,SWA,CEC,2.7139845026843012,2.9486605277982454
QDS,SWA,CEC,1.6688630181129533,1.1177002839093928
QDS,SWA,CEC,0.5563332071857587,-0.831353375421265
QDS,SWA,CEC,0.871092276619898,-0.2799233732203903
QDS,SWA,CEC,0.3993207449801483,-1.1064252980040103
QDS,SWA,CEC,0.2175150044759114,-1.4249328474977039
QDS,SWA,CEC,0.8805978904107604,-0.2632703800499656
QDS,SWA,CEC,1.8470625751508205,1.4298901194755036
QDS,SWA,CEC,2.2277835634019643,2.096879559260894
QDS,SWA,CEC,0.9567621411496436,-0.1298373608582554
QDS,SWA,CEC,0.8491229183817931,-0.3184117423827754
QDS,SWA,CEC,0.738294607472931,-0.5125731237792238
QDS,SWA,CEC,0.5326428922017415,-0.8728567083268461
QDS,SWA,CEC,0.920872927393232,-0.192712083598617
QDS,SWA,CEC,1.5446923936542711,0.9001643512939158
QDS,SWA,CEC,1.4821720850760471,0.7906343099233266
QDS,SWA,CEC,2.177508597541273,2.0088022734020643
QDS,SWA,CEC,1.49222003992538,0.8082374365771283
QDS,SWA,CEC,0.8807394287600155,-0.26302241740227583
QDS,SWA,CEC,0.897736179768226,-0.2332456155369167
QDS,SWA,CEC,0.7839872500027365,-0.43252366240525514
QDS,SWA,CEC,0.6940016223766187,-0.5901705093384457
QDS,SWA,CEC,0.6737742249170939,-0.6256071175533444
QDS,SWA,CEC,0.7613535068223353,-0.47217597512247206
QDS,SWA,CEC,0.8163895130422467,-0.3757577683793513
QDS,SWA,CEC,0.5216283798828822,-0.8921531580308983
QDS,SWA,CEC,1.993984104863982,1.6872836223814989
QDS,SWA,CEC,1.0020055098282663,-0.05057498746618969
QDS,SWA,CEC,1.15373171488444,0.21523588094966925
QDS,SWA,CEC,0.5843143505520292,-0.7823328913545651
QDS,SWA,CEC,0.40066999223497185,-1.104061536355984
QDS,SWA,CEC,0.39444877412584056,-1.1149605592873255
QDS,SWA,CEC,0.4728458107842338,-0.9776158969880062
QDS,SWA,CEC,0.6686349780657139,-0.6346106227030516
QDS,SWA,CEC,1.3832384394556698,0.6173113282527368
QDS,SWA,CEC,0.8685083975344555,-0.28445010044808805
QDS,SWA,CEC,0.7697455327999518,-0.4574738891377021
QDS,SWA,CEC,0.7250630221038058,-0.5357536890361192
QDS,SWA,CEC,0.7405731213952844,-0.5085813692621042
QDS,SWA,CEC,0.8315855864618058,-0.34913559411045236
QDS,SWA,CEC,1.0126393675266352,-0.03194541093148621
QDS,SWA,CEC,0.4373141685364739,-1.039864186125812
QDS,SWA,CEC,0.5264216211107043,-0.8837558240777926
QDS,SWA,CEC,0.44403204176161054,-1.0280950674345475
QDS,SWA,CEC,0.8471712324354382,-0.32183092324269047
QDS,SWA,CEC,0.5891262118021648,-0.7739029367720878
QDS,SWA,CEC,1.1259619479709202,0.16658570970037312
QDS,SWA,CEC,1.1167155019787776,0.15038675555120806
QDS,SWA,CEC,0.8966443503190932,-0.23515840399642204
QDS,SWA,CEC,1.639464160992904,1.0661960909545836
QDS,SWA,CEC,1.033717851379396,0.004982225238664329
QDS,SWA,CEC,0.5446912912596932,-0.8517489806575932
QDS,SWA,CEC,0.8547888223050037,-0.3084855807046932
QDS,SWA,CEC,1.2465780811805236,0.3778944885730644
QDS,SWA,CEC,0.5559790581404559,-0.8319738131712617
QDS,SWA,CEC,0.48520129945543083,-0.9559701755242862
QDS,SWA,CEC,0.4732987170749243,-0.9768224452939177
QDS,SWA,CEC,0.3725823677910699,-1.1532685658365405
QDS,SWA,CEC,0.6503540653652613,-0.6666371620773328
QDS,SWA,CEC,0.5203203964233398,-0.8944446291655375
QDS,SWA,CEC,0.5132322714063858,-0.9068623961919992
QDS,SWA,CEC,0.8776231469048396,-0.26848186711200944
QDS,SWA,CEC,1.1018640047681627,0.1243682482711526
QDS,SWA,CEC,0.6803907670898057,-0.6140155218880634
QDS,SWA,CEC,1.9159758448662696,1.5506200623463346
QDS,SWA,CEC,1.0363796536179333,0.009645466926643633
QDS,SWA,CEC,0.511515733063823,-0.9098696192839943
QDS,SWA,CEC,0.445756295522054,-1.0250743276140064
QDS,SWA,CEC,0.48120320638020864,-0.9629744803636434
QDS,SWA,CEC,0.3267863994174534,-1.2334990449342638
QDS,SWA,CEC,0.23020165761311834,-1.4027069552304898
QDS,SWA,CEC,0.34447765138414216,-1.2025055389219814
QDS,SWA,CEC,0.5122481070624458,-0.9085865649262647
QDS,SWA,CEC,0.9377247068617083,-0.16318925902648845
QDS,SWA,CEC,1.3754589403518522,0.6036823350813821
QDS,SWA,CEC,1.4629225140613686,0.7569107670050149
QDS,SWA,CEC,0.6260074591374889,-0.7092902590949981
QDS,SWA,CEC,0.7801416717876085,-0.43926077472244407
QDS,SWA,CEC,0.5029866602204063,-0.9248117992353836
QDS,SWA,CEC,0.6009613831837969,-0.7531687650999142
QDS,SWA,CEC,1.0475265799628362,0.029173894272528082
QDS,SWA,CEC,0.4109801292419437,-1.0859990897911667
QDS,SWA,CEC,0.48156951692369293,-0.9623327367463337
QDS,SWA,CEC,0.517259078555637,-0.8998077868389914
QDS,SWA,CEC,0.835966368781196,-0.3414608516213297
QDS,SWA,CEC,1.3123506249321837,0.4931221578216038
QDS,SWA,CEC,1.5011434745788568,0.8238705034795442
QDS,SWA,CEC,1.3590449417654826,0.5749264638276046
QDS,SWA,CEC,1.0364884987430298,0.009836153942205909
QDS,SWA,CEC,0.3476610299815303,-1.1969285416646194
QDS,SWA,CEC,0.7639349981943766,-0.4676534309571032
QDS,SWA,CEC,0.8670487781554934,-0.28700722427870706
QDS,SWA,CEC,1.8794904321715937,1.4867008518889702
QDS,SWA,CEC,0.8873952129908965,-0.25136207312790315
QDS,SWA,CEC,0.7322720453474254,-0.5231241190280432
QDS,SWA,CEC,0.3302872000800235,-1.2273659523420906
QDS,SWA,CEC,0.5899815898471408,-0.7724043902232255
QDS,SWA,CEC,0.7524859746297198,-0.48771110586638045
QDS,SWA,CEC,0.5084217834472659,-0.9152899448902896
QDS,SWA,CEC,1.1463190926445856,0.20224962353892803
QDS,SWA,CEC,1.1394537501864963,0.19022215181720817
QDS,SWA,CEC,0.6440792295667861,-0.6776301184499126
QDS,SWA,CEC,1.6275733177443057,1.0453643871039762
QDS,SWA,CEC,1.794236200796425,1.3373429919888282
QDS,SWA,CEC,1.284944248959638,0.44510861530469464
QDS,SWA,CEC,0.5773437572660903,-0.7945447532015227
QDS,SWA,CEC,0.8900961959929692,-0.2466301902135997
QDS,SWA,CEC,0.8357964589198432,-0.34175851864451723
QDS,SWA,CEC,1.0341269055876152,0.005698851969528866
QDS,SWA,CEC,1.1403704681526237,0.19182816047325094
QDS,SWA,CEC,1.2956614524346808,0.4638842062557493
QDS,SWA,CEC,0.9258221837031986,-0.18404142504442841
QDS,SWA,CEC,0.24797218322753878,-1.3715745688109748
QDS,SWA,CEC,0.6406315443250861,-0.683670157530713
QDS,SWA,CEC,0.5587159495883519,-0.8271790218413406
QDS,SWA,CEC,0.28566044277615027,-1.3055480772369599
QDS,SWA,CEC,1.1327135213216146,0.1784138680258056
QDS,SWA,CEC,1.1439031600952148,0.19801712376247438
QDS,SWA,CEC,0.8597489632500541,-0.2997958532342093
QDS,SWA,CEC,1.649601012865702,1.0839549573172782
QDS,SWA,CEC,5.589356579074153,7.986057649547445
QDS,SWA,CEC,1.3765215663556698,0.6055439616921015
QDS,SWA,CEC,0.5408247403745298,-0.8585228352345193
QDS,SWA,CEC,0.6817993587255478,-0.6115477941425412
QDS,SWA,CEC,0.9047268213544574,-0.22099863084411275
QDS,SWA,CEC,1.0684169192919661,0.06577191790675903
QDS,SWA,CEC,0.529113269624256,-0.8790402943603485
QDS,SWA,CEC,0.6908061088077607,-0.5957687659906721
QDS,SWA,CEC,1.547294070190853,0.9047222580791675
QDS,SWA,CEC,1.1620785590160039,0.22985881234323705
QDS,SWA,CEC,0.33407222959730415,-1.220734915978955
QDS,SWA,CEC,0.557207450866699,-0.8298217779496762
QDS,SWA,CEC,0.5831248241000705,-0.7844168363071309
QDS,SWA,CEC,0.6258457183837891,-0.7095736145653551
QDS,SWA,CEC,0.9698027335272895,-0.1069913984005775
QDS,SWA,CEC,1.2505101882086858,0.3847831917042929
QDS,SWA,CEC,1.2237277730305989,0.337862773216757
QDS,SWA,CEC,2.5542592997021147,2.6688361237219977
QDS,SWA,CEC,2.2345360742113005,2.108709359930809
QDS,SWA,CEC,2.0122165925093376,1.7192253253496785
QDS,SWA,CEC,0.5660965057575342,-0.8142489413453837
QDS,SWA,CEC,0.5999107024404736,-0.7550094646725897
QDS,SWA,CEC,1.9345843785780448,1.5832205647054456
QDS,SWA,CEC,1.375845027911811,0.6043587262793247
QDS,SWA,CEC,1.0264169036017528,-0.007808388408567649
QDS,SWA,CEC,0.5025718434651694,-0.9255385214380654
QDS,SWA,CEC,0.6277682664659286,-0.7062054806619495
QDS,SWA,CEC,0.9113007884555385,-0.20948162293220512
QDS,SWA,CEC,0.7121334393819172,-0.5584051724122933
QDS,SWA,CEC,0.8389085642496743,-0.33630638583715045
QDS,SWA,CEC,1.589944879743788,0.9794426975820717
QDS,SWA,CEC,1.4538223875893486,0.7409681516912908
QDS,SWA,CEC,2.8978283481565787,3.2707386566211785
QDS,SWA,CEC,1.174315495908461,0.25129684159421467
QDS,SWA,CEC,0.8916542888616581,-0.24390054955366608
QDS,SWA,CEC,2.11051251967748,1.8914310807933907
QDS,SWA,CEC,2.1084276564915974,1.8877785852092392
QDS,SWA,CEC,0.6316850068834091,-0.6993436984711637
QDS,SWA,CEC,0.5102163632710772,-0.9121460000375711
QDS,SWA,CEC,0.5906389278835716,-0.7712527922231188
QDS,SWA,CEC,0.45003896713256847,-1.0175714663942894
QDS,SWA,CEC,0.34119532479180237,-1.2082558842997708
QDS,SWA,CEC,0.6154001998901367,-0.7278732375001257
QDS,SWA,CEC,0.5631852171156138,-0.8193492611077584
QDS,SWA,CEC,0.863393580118815,-0.29341080739081177
QDS,SWA,CEC,0.9803353673761541,-0.08853915708183865
QDS,SWA,CEC,1.0738499425637604,0.07529009331663328
QDS,SWA,CEC,0.48841183653125486,-0.9503455990189282
QDS,SWA,CEC,0.8515260975701467,-0.3142015853648846
QDS,SWA,CEC,2.7431485142026633,2.999753292066065
QDS,SWA,CEC,2.838006538391113,3.1659361460853113
QDS,SWA,CEC,1.929265693426132,1.5739026995513212
QDS,SWA,CEC,1.075339946746826,0.07790044863196799
QDS,SWA,CEC,0.46362451977199926,-0.9937707818410871
QDS,SWA,CEC,0.499551876915825,-0.9308292352654552
QDS,SWA,CEC,0.36769966761271156,-1.1618226239449811
QDS,SWA,CEC,0.5210372034708658,-0.8931888467269077
QDS,SWA,CEC,0.8093273374769425,-0.388130074265627
QDS,SWA,CEC,0.9241074689229332,-0.18704545341684511
QDS,SWA,CEC,0.6700690354241264,-0.6320982812676571
QDS,SWA,CEC,0.8873613717820911,-0.2514213599274213
QDS,SWA,CEC,0.5228141085306804,-0.8900758664947388
QDS,SWA,CEC,0.4417708860124861,-1.0320564119700928
QDS,SWA,CEC,1.1956436027799338,0.28866179517671225
QDS,SWA,CEC,1.9318088872479162,1.5783581498017774
QDS,SWA,CEC,2.5074325794884653,2.5867998587244756
QDS,SWA,CEC,2.318052522114345,2.2550227771542684
QDS,SWA,CEC,1.3489740117390956,0.5572830866991897
QDS,SWA,CEC,0.4318816524081759,-1.0493814730652131
QDS,SWA,CEC,0.3635897254943846,-1.1690228783981056
QDS,SWA,CEC,0.45292549557156053,-1.0125145243137075
QDS,SWA,CEC,0.9759215248955623,-0.09627181804427791
QDS,SWA,CEC,0.7665761693318687,-0.4630263331302529
QDS,SWA,CEC,0.6473938009474013,-0.6718232830599319
QDS,SWA,CEC,0.7756866391499836,-0.44706559719058425
QDS,SWA,CEC,0.563341636657715,-0.8190752279286663
QDS,SWA,CEC,0.39288292143080006,-1.1177037944755115
QDS,SWA,CEC,0.5162473106384281,-0.9015803145879655
QDS,SWA,CEC,0.7967790990405617,-0.41011347624044586
QDS,SWA,CEC,1.2566848465408949,0.3956006460316325
QDS,SWA,CEC,1.0397829655625606,0.015607767922417701
QDS,SWA,CEC,1.0233424931343154,-0.013194483156760844
QDS,SWA,CEC,1.6493815449305942,1.083570468939685
QDS,SWA,CEC,1.3395146472113475,0.5407111181400869
QDS,SWA,CEC,0.6071659878322058,-0.7422988474798166
QDS,SWA,CEC,0.5421313773261175,-0.8562337230625172
QDS,SWA,CEC,0.7923827764723043,-0.41781544386872793
QDS,SWA,CEC,0.5837522506713868,-0.7833176405437687
QDS,SWA,CEC,0.6531951904296872,-0.6616597626862816
QDS,SWA,CEC,0.5037219301859532,-0.9235236714001835
QDS,SWA,CEC,0.3349822129143608,-1.2191407058313988
QDS,SWA,CEC,0.2979804801940921,-1.283964463227985
QDS,SWA,CEC,0.3426169988844136,-1.2057652372489107
QDS,SWA,CEC,0.5760447777642148,-0.7968204502000742
QDS,SWA,CEC,0.9596283552381722,-0.12481600771984737
QDS,SWA,CEC,0.6253978027960267,-0.7103583229900866
QDS,SWA,CEC,0.8568233657605714,-0.30492124082975847
QDS,SWA,CEC,1.0719143322400122,0.07189907552323542
QDS,SWA,CEC,0.6819816087979321,-0.611228508162961
QDS,SWA,CEC,0.9909614046464055,-0.06992328124431227
QDS,SWA,CEC,1.073065728779247,0.07391622024699447
QDS,SWA,CEC,0.7172724512809716,-0.5494020788782439
QDS,SWA,CEC,0.6620182249281138,-0.6462025879601256
QDS,SWA,CEC,0.5819082832336426,-0.7865481081203872
QDS,SWA,CEC,0.6327074432373045,-0.6975524805663313
QDS,SWA,CEC,0.5943120680914978,-0.7648177760166527
QDS,SWA,CEC,0.3566141849093969,-1.1812434074746696
QDS,SWA,CEC,0.4218003675672743,-1.0670429909112278
QDS,SWA,CEC,0.2049956597222222,-1.4468656303004084
QDS,SWA,CEC,0.4710509236653644,-0.9807603801944403
QDS,SWA,CEC,0.740995945400662,-0.5078406190666129
QDS,SWA,CEC,0.567481591966417,-0.8118223930251536
QDS,SWA,CEC,0.7389001803927956,-0.5115122136769857
QDS,SWA,CEC,0.6304165675440261,-0.7015658918108667
QDS,SWA,CEC,1.0043553520712938,-0.046458272050891765
QDS,SWA,CEC,0.9050690309903775,-0.22039910988153066
QDS,SWA,CEC,1.513872912104826,0.846171350205201
QDS,SWA,CEC,1.2796279571811602,0.43579494312877665
QDS,SWA,CEC,0.6332463117037412,-0.696608430756528
QDS,SWA,CEC,0.6333792093065058,-0.6963756059311251
QDS,SWA,CEC,0.7412013202243377,-0.5074808205716083
QDS,SWA,CEC,0.5028220007154675,-0.925100268099312
QDS,SWA,CEC,0.4414128981696237,-1.0326835749532988
QDS,SWA,CEC,0.37385559929741774,-1.151037977044898
QDS,SWA,CEC,0.34052210913764114,-1.2094352984793946
QDS,SWA,CEC,0.3664620759752061,-1.163990774844081
QDS,SWA,CEC,0.4570064883761938,-1.005364986493284
QDS,SWA,CEC,0.4458556450737851,-1.0249002760016785
QDS,SWA,CEC,0.5618340810139976,-0.8217163318480148
QDS,SWA,CEC,0.5963053003946938,-0.7613258096205322
QDS,SWA,CEC,0.6750469035990757,-0.6233774972610113
QDS,SWA,CEC,0.9092958844614307,-0.2129940370966991
QDS,SWA,CEC,1.2526185277717534,0.38847681582128074
QDS,SWA,CEC,0.6684753289367213,-0.6348903138322382
QDS,SWA,CEC,1.2147007897971334,0.3220482983765373
QDS,SWA,CEC,0.9683979233144371,-0.1094525014282287
QDS,SWA,CEC,0.6600175582038031,-0.6497075788033543
QDS,SWA,CEC,0.7137066565619574,-0.5556490352988763
QDS,SWA,CEC,0.9845280350579156,-0.08119397477100757
QDS,SWA,CEC,0.4289074918958878,-1.0545919387740654
QDS,SWA,CEC,0.23940434773763009,-1.3865846574846727
QDS,SWA,CEC,0.21816244337293808,-1.423798591912776
QDS,SWA,CEC,0.3294404432508681,-1.2288493952846695
QDS,SWA,CEC,0.2812352964613175,-1.3133005415154768
QDS,SWA,CEC,0.3423053190443252,-1.2063112727141156
QDS,SWA,CEC,0.34121767255995,-1.2082167329899738
QDS,SWA,CEC,0.9180986913045247,-0.19757229943052876
QDS,SWA,CEC,1.204999745686849,0.30505292860148414
QDS,SWA,CEC,1.4137977949778238,0.6708486115886334
QDS,SWA,CEC,1.0768669298923381,0.08057558781319683
QDS,SWA,CEC,0.7438378881324426,-0.5028617871948012
QDS,SWA,CEC,1.2312130976847129,0.3509763988158949
QDS,SWA,CEC,0.6699478516211883,-0.632310584553599
QDS,SWA,CEC,1.874884558253819,1.4786317688624462
QDS,SWA,CEC,1.3403158756538673,0.5421147993830655
QDS,SWA,CEC,1.4282152175903318,0.6961066586315312
QDS,SWA,CEC,1.573776484595405,0.9511171017913425
QDS,SWA,CEC,0.53854834450615785,-0.8625108791087215
QDS,SWA,CEC,0.38392783270941816,-1.1333923165003674
QDS,SWA,CEC,0.2849497053358287,-1.3067932262615307
QDS,SWA,CEC,0.3633977508544917,-1.1693592009583706
QDS,SWA,CEC,0.4256815041436089,-1.0602435834956525
QDS,SWA,CEC,0.4554400168524848,-1.0081093058144694
QDS,SWA,CEC,0.44853151957194015,-1.020212380961642
QDS,SWA,CEC,0.4991581429375543,-0.9315190223108125
QDS,SWA,CEC,0.8041203604804144,-0.3972522366287872
QDS,SWA,CEC,0.9857204394870333,-0.07910498785744625
QDS,SWA,CEC,1.50606569925944,0.8324938050140377
QDS,SWA,CEC,1.5698526964283959,0.9442429725678084
QDS,SWA,CEC,1.3610453041153736,0.5784309214338174
QDS,SWA,CEC,1.07393850307272,0.07544524348192724
QDS,SWA,CEC,1.1010828128555983,0.12299966925343236
QDS,SWA,CEC,1.336295242849023,0.5350710069344156
QDS,SWA,CEC,0.24958077748616514,-1.3687564541902608
QDS,SWA,CEC,1.0559866140759187,0.043995124485158035
QDS,SWA,CEC,0.851654008019975,-0.3139774975895676
QDS,SWA,CEC,0.7125898525857519,-0.5576055769170863
QDS,SWA,CEC,0.4713768690060351,-0.9801893528361293
QDS,SWA,CEC,1.776555079959688,1.30636723481861
QDS,SWA,CEC,1.5599702722054944,0.9269298409056094
QDS,SWA,CEC,1.2016169293721515,0.2991265341334474
QDS,SWA,CEC,0.9442012278238932,-0.15184296811626294
QDS,SWA,CEC,0.5484316359625924,-0.8451962281302088
QDS,SWA,CEC,0.3350170093112524,-1.2190797456269828
QDS,SWA,CEC,0.38019526587592245,-1.1399314428896712
QDS,SWA,CEC,0.5211788304646812,-0.8929407287818022
QDS,SWA,CEC,0.6793345303005646,-0.615865955160925
QDS,SWA,CEC,0.5922274737887915,-0.7684698005413021
QDS,SWA,CEC,0.6408242289225261,-0.6833325911877275
QDS,SWA,CEC,0.657680909898546,-0.6538011796086528
QDS,SWA,CEC,0.7031560007731122,-0.574132849459729
QDS,SWA,CEC,1.0061568790011932,-0.04330215648381597
QDS,SWA,CEC,1.26501102871365,0.41018737950400336
QDS,SWA,CEC,1.3419107564290371,0.5449088891957692
QDS,SWA,CEC,2.316823391384549,2.252869449015845
QDS,SWA,CEC,0.7219086701192974,-0.5412798342394547
QDS,SWA,CEC,0.9636543349920029,-0.1177628478903097
QDS,SWA,CEC,2.387167313339734,2.37610576785584
QDS,SWA,CEC,1.0771399689684007,0.08105392808337486
QDS,SWA,CEC,1.0455815221842861,0.025766325375355774
QDS,SWA,CEC,1.0056551234256486,-0.044181187796954305
QDS,SWA,CEC,0.4443441741320555,-1.0275482391762518
QDS,SWA,CEC,0.4589251991842878,-1.0020035751540264
QDS,SWA,CEC,0.5717685934097041,-0.8043119463220393
QDS,SWA,CEC,1.5742044015364214,0.951866774358842
QDS,SWA,CEC,1.2117859104495032,0.31694168801589356
QDS,SWA,CEC,0.8108142601749888,-0.3855251174390287
QDS,SWA,CEC,1.2071775217487115,0.308868199312332
QDS,SWA,CEC,2.8397996292114263,3.169077482335826
QDS,SWA,CEC,2.3770469490687054,2.358375786310655
QDS,SWA,CEC,1.0397060189423737,0.015472964261270542
QDS,SWA,CEC,0.6276901753743488,-0.7063422893355779
QDS,SWA,CEC,0.8969989734225805,-0.23453713573848733
QDS,SWA,CEC,0.7071472485860192,-0.5671405369134624
QDS,SWA,CEC,0.6245548333062071,-0.711835130849705
QDS,SWA,CEC,0.6034015019734704,-0.7488938931733353
QDS,SWA,CEC,0.7138937505086267,-0.5553212632807131
QDS,SWA,CEC,0.6427388000488283,-0.6799784322041958
QDS,SWA,CEC,0.6725629552205403,-0.6277291547440033
QDS,SWA,CEC,0.6709580951266817,-0.6305407274388887
QDS,SWA,CEC,0.7785379409790036,-0.44207036900961877
QDS,SWA,CEC,0.7707155651516384,-0.45577447840177926
QDS,SWA,CEC,0.7270993338690863,-0.5321862512392387
QDS,SWA,CEC,0.6744563462999125,-0.6244121013261549
QDS,SWA,CEC,1.3438018714057074,0.5482219550833451
QDS,SWA,CEC,1.0670461908976243,0.06337052320551159
QDS,SWA,CEC,0.740926852756076,-0.5079616632583647
QDS,SWA,CEC,0.6975032983645044,-0.5840358832538727
QDS,SWA,CEC,0.9387758502895982,-0.16134774887144568
QDS,SWA,CEC,0.9794214527534717,-0.09014025452854027
QDS,SWA,CEC,0.3130227294669137,-1.2576117752354514
QDS,SWA,CEC,0.6655955310643377,-0.6399354645564459
QDS,SWA,CEC,1.2911238273941148,0.4559346892152892
QDS,SWA,CEC,0.8852667035062696,-0.255091033160421
QDS,SWA,CEC,1.1643392129992662,0.233819277829448
QDS,SWA,CEC,0.8008150607535336,-0.4030428289028878
QDS,SWA,CEC,0.8768622451862966,-0.2698148995075019
QDS,SWA,CEC,0.8425332423618861,-0.32995627092866603
QDS,SWA,CEC,0.7089667328198745,-0.5639529617408613
QDS,SWA,CEC,0.8420955912272134,-0.33072299694100815
QDS,SWA,CEC,1.4031176965700034,0.6521380254278676
QDS,SWA,CEC,0.7702227229066722,-0.4566378943494595
QDS,SWA,CEC,0.9477050401669841,-0.14570459932665011
QDS,SWA,CEC,0.8795554276668666,-0.2650966824157502
QDS,SWA,CEC,1.1041109314212547,0.12830466469113755
QDS,SWA,CEC,4.337053590774536,5.792133767272424
QDS,SWA,CEC,2.0404647839069368,1.7687136539069852
QDS,SWA,CEC,0.82070591573362,-0.3681958132945215
QDS,SWA,CEC,0.4986916097005209,-0.9323363472075551
QDS,SWA,CEC,1.0818153317769372,0.08924474948984315
QDS,SWA,CEC,0.7226146973503962,-0.5400429370841207
QDS,SWA,CEC,0.6772004530164928,-0.6196046694847669
QDS,SWA,CEC,0.6694899495442708,-0.6331127884225339
QDS,SWA,CEC,0.5651091342502169,-0.8159787287457337
QDS,SWA,CEC,0.6172734620836045,-0.7245914481069756
QDS,SWA,CEC,0.547922545539008,-0.84608810944725
QDS,SWA,CEC,0.6770276853773327,-0.6199073430814754
QDS,SWA,CEC,0.7561111492580836,-0.48136012110558857
QDS,SWA,CEC,0.7241155963473851,-0.5374134950200659
QDS,SWA,CEC,0.4357091310289171,-1.0426760696337776
QDS,SWA,CEC,0.6501834275987411,-0.6669361043258816
QDS,SWA,CEC,0.7298254903157554,-0.5274102666803531
QDS,SWA,CEC,0.8764096662733287,-0.27060777766482597
QDS,SWA,CEC,0.8428009202745225,-0.3294873229418151
QDS,SWA,CEC,0.6237462615966801,-0.7132516768458715
QDS,SWA,CEC,0.6551615100436743,-0.6582149449372083
QDS,SWA,CEC,0.8275751622517897,-0.3561615020054379
QDS,SWA,CEC,0.49967154866831287,-0.9306195809579354
QDS,SWA,CEC,0.7050314700648275,-0.5708471934259969
QDS,SWA,CEC,0.9918073056607768,-0.06844133761341048
QDS,SWA,CEC,0.7161648839199367,-0.5513424387650331
QDS,SWA,CEC,0.6146541829165739,-0.7291801931411916
QDS,SWA,CEC,0.8169906560925474,-0.37470461901610574
QDS,SWA,CEC,1.0303051969740131,-9.964429206177744e-4
QDS,SWA,CEC,0.9081475793747674,-0.21500576586945336
QDS,SWA,CEC,1.0726395156900717,0.07316953267696008
QDS,SWA,CEC,0.5696806746761813,-0.8079697949549366
QDS,SWA,CEC,0.8689679247588508,-0.28364504946475916
QDS,SWA,CEC,0.7625498421386577,-0.4700801016428019
QDS,SWA,CEC,0.7393901817449828,-0.510653774721753
QDS,SWA,CEC,1.021106038609801,-0.01711255333530153
QDS,SWA,CEC,0.4977278812781911,-0.9340247140177689
QDS,SWA,CEC,1.5519462603330614,0.9128724830273117
QDS,SWA,CEC,0.5154912349912855,-0.9029048921339515
QDS,SWA,CEC,0.5678192392985024,-0.8112308648146728
QDS,SWA,CEC,0.6441662979125979,-0.6774775824222489
QDS,SWA,CEC,0.48491718080308704,-0.956467926230466
QDS,SWA,CEC,0.5132394154866533,-0.9068498803963313
QDS,SWA,CEC,0.49866441938612144,-0.932383982229339
QDS,SWA,CEC,0.3221617931789823,-1.2416009453269763
QDS,SWA,CEC,0.32895409478081583,-1.2297014347140445
QDS,SWA,CEC,0.3045333268907332,-1.2724844563934026
QDS,SWA,CEC,0.7794375991821288,-0.44049424754687194
QDS,SWA,CEC,0.7212282774183488,-0.5424718219691682
QDS,SWA,CEC,0.7185685390896269,-0.5471314478700122
QDS,SWA,CEC,1.0117005538940433,-0.03359012923751316
QDS,SWA,CEC,1.0789021174112954,0.08414105603012655
QDS,SWA,CEC,1.4610563871595597,0.7536414780106688
QDS,SWA,CEC,0.46274358113606795,-0.9953141082806516
QDS,SWA,CEC,0.8346841006808811,-0.3437072717249663
QDS,SWA,CEC,0.7772040176391598,-0.4444072845162895
QDS,SWA,CEC,1.3564591513739692,0.570396388161011
QDS,SWA,CEC,1.1131827714708113,0.14419772469886427
QDS,SWA,CEC,0.7350093714396153,-0.5183285662398284
QDS,SWA,CEC,0.865701548258464,-0.28936745169461464
QDS,SWA,CEC,0.4484375042385527,-1.0203770874960398
QDS,SWA,CEC,0.37610636393229196,-1.1470948368208733
QDS,SWA,CEC,0.6406708865695536,-0.6836012334041031
QDS,SWA,CEC,1.0271499252319343,-0.006524199457726754
QDS,SWA,CEC,0.7666904110378687,-0.46282619178308126
QDS,SWA,CEC,0.7548986265394427,-0.4834843534799274
QDS,SWA,CEC,0.4323098758919526,-1.0486312634619572
QDS,SWA,CEC,0.5379289638428455,-0.863595979154123
QDS,SWA,CEC,0.9884679597324995,-0.07429157581588665
QDS,SWA,CEC,0.6996533244409603,-0.5802692280588265
QDS,SWA,CEC,0.5596935458033409,-0.8254663598870654
QDS,SWA,CEC,0.9387007509697026,-0.1614793162261521
QDS,SWA,CEC,1.1970206980994254,0.2910743441667166
QDS,SWA,CEC,0.5507745448567651,-0.8410916593278142
QDS,SWA,CEC,0.6458692990409003,-0.6744940753302495
QDS,SWA,CEC,0.5574671533372667,-0.8293668022307106
QDS,SWA,CEC,0.7215953127543133,-0.5418288085796492
QDS,SWA,CEC,0.6358502006530764,-0.692046648020151
QDS,SWA,CEC,0.56082950592041,-0.8234762584072838
QDS,SWA,CEC,0.7037286292182077,-0.5731296551584276
QDS,SWA,CEC,0.40517381032307953,-1.096171246100957
QDS,SWA,CEC,0.40665994008382117,-1.0935676784302628
QDS,SWA,CEC,0.40550094180636914,-1.0955981407258693
QDS,SWA,CEC,0.8811849466959636,-0.26224190945109266
QDS,SWA,CEC,1.1416095097859702,0.19399885163659553
QDS,SWA,CEC,0.717878655327691,-0.5483400630976737
QDS,SWA,CEC,1.148383725484212,0.20586667734883377
QDS,SWA,CEC,1.3818747287326383,0.614922227889864
QDS,SWA,CEC,0.9485536660088432,-0.14421788203940772
QDS,SWA,CEC,0.7573597505357532,-0.47917268229236826
QDS,SWA,CEC,0.6915647379557291,-0.5944397149374778
QDS,SWA,CEC,0.8698815366956918,-0.28204448229683393
QDS,SWA,CEC,0.6383209101359049,-0.6877181839094803
QDS,SWA,CEC,1.1172631242540143,0.15134614125844734
QDS,SWA,CEC,0.6244317118326822,-0.7120508287628385
QDS,SWA,CEC,0.6081461800469289,-0.740581637564011
QDS,SWA,CEC,0.5182331297132706,-0.898101335511113
QDS,SWA,CEC,0.5491173850165492,-0.8439948565445943
QDS,SWA,CEC,0.6446701346503367,-0.676594905097336
QDS,SWA,CEC,0.8530292892456052,-0.3115681267312809
QDS,SWA,CEC,0.8475236426459419,-0.32121353177720224
QDS,SWA,CEC,0.6972018093532983,-0.5845640652897766
QDS,SWA,CEC,0.597926446218339,-0.7584857057699657
QDS,SWA,CEC,0.5443310431828571,-0.852380103370466
QDS,SWA,CEC,0.5375587404711314,-0.8642445776998174
QDS,SWA,CEC,0.736952818847391,-0.514923818569575
QDS,SWA,CEC,0.6726072696347699,-0.6276515198165011
QDS,SWA,CEC,2.2660505374272657,2.163919907324346
QDS,SWA,CEC,1.3943773398874124,0.6368256949098551
QDS,SWA,CEC,0.5041020063378596,-0.922857811656542
QDS,SWA,CEC,0.6887734229636915,-0.5993298514948447
QDS,SWA,CEC,0.5983300564024182,-0.7577786164870574
QDS,SWA,CEC,0.6667670737372505,-0.6378830255914174
QDS,SWA,CEC,0.7480346425374349,-0.4955094453069508
QDS,SWA,CEC,0.4677958975897894,-0.986462897485666
QDS,SWA,CEC,1.0927487097846142,0.10839905906915093
QDS,SWA,CEC,0.609524688720703,-0.7381666125025258
QDS,SWA,CEC,0.5493257353040905,-0.8436298453005212
QDS,SWA,CEC,0.5142054621378578,-0.9051574522545227
QDS,SWA,CEC,0.3181336127387152,-1.2486579605641712
QDS,SWA,CEC,0.9909275860256626,-0.06998252847154618
QDS,SWA,CEC,1.532502195570204,0.8788082042942097
QDS,SWA,CEC,0.6744311099582249,-0.6244563131608681
QDS,SWA,CEC,2.6657064141167535,2.8640815940349804
QDS,SWA,CEC,1.0425471708509655,0.020450410680922047
QDS,SWA,CEC,1.1806673669815069,0.2624247569425674
QDS,SWA,CEC,0.932570071220398,-0.17221972397271668
QDS,SWA,CEC,1.0499820576773746,0.03347567367467956
QDS,SWA,CEC,0.4804605172004231,-0.9642756060048521
QDS,SWA,CEC,0.5186789668384265,-0.8973202683687176
QDS,SWA,CEC,0.6666025211529334,-0.6381713071398896
QDS,SWA,CEC,0.7580606039407177,-0.47794484922202385
QDS,SWA,CEC,0.5983553749837992,-0.7577342605756876
QDS,SWA,CEC,0.4020117259591623,-1.101710937747933
QDS,SWA,CEC,0.46235936298766256,-0.9959872244351812
QDS,SWA,CEC,0.5733965418345564,-0.8014599249168641
QDS,SWA,CEC,0.619023271960977,-0.72152593623383
QDS,SWA,CEC,0.8579529499545084,-0.30294230940240174
QDS,SWA,CEC,1.2839002838931757,0.44327968100287474
QDS,SWA,CEC,0.7324039129332784,-0.5228930987010106
QDS,SWA,CEC,0.6058468922979632,-0.7446097859848078
QDS,SWA,CEC,0.51952098161431,-0.8958451330833282
QDS,SWA,CEC,0.589929704702737,-0.7724952883992311
QDS,SWA,CEC,0.6699135671916764,-0.6323706478365259
QDS,SWA,CEC,1.411956683020306,0.667623146560378
QDS,SWA,CEC,1.6280739151965267,1.0462413894876603
QDS,SWA,CEC,1.337973196434252,0.5380106329501466
QDS,SWA,CEC,1.0835603313253386,0.09230183409282335
QDS,SWA,CEC,0.926526771121555,-0.18280705031345248
QDS,SWA,CEC,0.6292232259114585,-0.7036565206218368
QDS,SWA,CEC,0.5826930745442708,-0.7851732232761637
QDS,SWA,CEC,0.6009886296590167,-0.753121031689349
QDS,SWA,CEC,0.6558072704739037,-0.6570836298773982
QDS,SWA,CEC,0.9738469568888338,-0.09990627738669727
QDS,SWA,CEC,0.5013313505384657,-0.9277117551387881
QDS,SWA,CEC,0.33523551940917923,-1.2186969352952668
QDS,SWA,CEC,0.32384338378906247,-1.2386549475659445
QDS,SWA,CEC,0.9430735863579641,-0.15381849605627404
QDS,SWA,CEC,1.0548041110568578,0.041923483964757674
QDS,SWA,CEC,0.7726256476508245,-0.45242818309526567
QDS,SWA,CEC,0.7837395562065971,-0.43295759999058303
QDS,SWA,CEC,1.2589579524691141,0.3995829262221738
QDS,SWA,CEC,0.9810438050921001,-0.0872980369706197
QDS,SWA,CEC,1.2321059095008033,0.35254052601514224
QDS,SWA,CEC,0.6546893957683019,-0.6590420473186447
QDS,SWA,CEC,0.6030116058278967,-0.7495769566758369
QDS,SWA,CEC,0.5658032541426401,-0.814762692192777
QDS,SWA,CEC,0.5681991638708362,-0.8105652706250126
QDS,SWA,CEC,0.4938848427868381,-0.9407573769639219
QDS,SWA,CEC,0.482195986641778,-0.9612352173050559
QDS,SWA,CEC,0.29994484393345316,-1.2805230719979674
QDS,SWA,CEC,0.3747497648371875,-1.1494714782417033
QDS,SWA,CEC,0.5568487110184513,-0.83045025837969
QDS,SWA,CEC,0.5725480213367122,-0.8029464576507257
QDS,SWA,CEC,0.5858061823769223,-0.7797193341726766
QDS,SWA,CEC,0.543956632097902,-0.85303603841873
QDS,SWA,CEC,0.8440805665929828,-0.3272454959676997
QDS,SWA,CEC,0.3396154961858322,-1.211023604045649
QDS,SWA,CEC,0.3119243201184059,-1.2595360910956872
QDS,SWA,CEC,0.4188031363152621,-1.072293874512024
QDS,SWA,CEC,1.017185825608734,-0.023980419184862246
QDS,SWA,CEC,1.4928880887697222,0.8094077989637252
QDS,SWA,CEC,1.5937386406792533,0.9860890306162685
QDS,SWA,CEC,1.762278987036811,1.2813567848702274
QDS,SWA,CEC,1.3545348336961536,0.567025154082766
QDS,SWA,CEC,0.9445034239027237,-0.15131354736052682
QDS,SWA,CEC,1.2229812282986117,0.3365548929896905
QDS,SWA,CEC,1.3456107033623586,0.5513908684100693
QDS,SWA,CEC,0.9247630140516492,-0.1858969964322044
QDS,SWA,CEC,0.9541941663953991,-0.13433622510680773
QDS,SWA,CEC,0.7081399239434134,-0.5654014576376953
QDS,SWA,CEC,0.610207990010579,-0.7369695291827105
QDS,SWA,CEC,1.081988830566406,0.08954870399711322
QDS,SWA,CEC,1.1644733344184024,0.2340542466727045
QDS,SWA,CEC,0.8454005940755209,-0.3249329247718647
QDS,SWA,CEC,0.5668346002366802,-0.8129558652126082
QDS,SWA,CEC,0.49047095669640406,-0.9467382029262871
QDS,SWA,CEC,0.9007735150705573,-0.22792447319315398
QDS,SWA,CEC,0.889733305204482,-0.24726594272314265
QDS,SWA,CEC,0.48474862057065177,-0.9567632288233662
QDS,SWA,CEC,0.4160954900888294,-1.077037430805049
QDS,SWA,CEC,0.844601920201228,-0.3263321306376428
QDS,SWA,CEC,1.9280420403253462,1.571758967733609
QDS,SWA,CEC,1.6706028050184247,1.1207482364237964
QDS,SWA,CEC,1.6316883018281723,1.0525734746340112
QDS,SWA,CEC,1.3931478141855311,0.6346716748153324
QDS,SWA,CEC,1.1536728117201063,0.2151326878245385
QDS,SWA,CEC,1.1293410788642033,0.17250564763661755
QDS,SWA,CEC,1.3135145992702908,0.4951613377346022
QDS,SWA,CEC,1.0579432974921332,0.04742306046949474
QDS,SWA,CEC,0.724643847147624,-0.5364880464207228
QDS,SWA,CEC,1.2083701748318147,0.31095762184564557
QDS,SWA,CEC,0.8903640407986109,-0.2461609498449901
QDS,SWA,CEC,0.8005194671707923,-0.4035606826704525
QDS,SWA,CEC,0.7418114409508638,-0.506411943115032
QDS,SWA,CEC,0.5092273475597426,-0.9138786679376839
QDS,SWA,CEC,0.7800831861885218,-0.43936323631025814
QDS,SWA,CEC,0.8346786478966001,-0.3437168245199135
QDS,SWA,CEC,0.4191495019367764,-1.0716870726308987
QDS,SWA,CEC,1.5271563442548108,0.8694427464285718
QDS,SWA,CEC,0.9078084099008918,-0.21559996073748977
QDS,SWA,CEC,0.7563924789681005,-0.48086725637926747
QDS,SWA,CEC,1.3331378172314357,0.5295394769982479
QDS,SWA,CEC,1.3341876146528453,0.5313786290691924
QDS,SWA,CEC,1.1933059413344769,0.2845664194395473
QDS,SWA,CEC,0.8922704127982812,-0.24282115500488027
QDS,SWA,CEC,0.8473256072291624,-0.32156047228159157
QDS,SWA,CEC,0.5497389560275603,-0.8429059192040879
QDS,SWA,CEC,0.513042428259756,-0.907194984564916
QDS,SWA,CEC,0.8431846854492657,-0.3288150003570085
QDS,SWA,CEC,0.7520192689127001,-0.48852873293277754
QDS,SWA,CEC,1.0188769410698961,-0.021017734728630364
QDS,SWA,CEC,0.393470738047645,-1.1166739918429671
QDS,SWA,CEC,0.4093954888493026,-1.0887752393609713
QDS,SWA,CEC,1.11950467807906,0.1552731449597243
QDS,SWA,CEC,1.5121074305640323,0.8430783829662405
QDS,SWA,CEC,1.566046922825001,0.9375755944037132
QDS,SWA,CEC,1.8402347564697272,1.4179283860864986
QDS,SWA,CEC,1.3937425901523972,0.63571366961252
QDS,SWA,CEC,0.8161470827980641,-0.3761824846879981
QDS,SWA,CEC,0.5813227872688227,-0.7875738451761921
QDS,SWA,CEC,0.7884658334526607,-0.4246775810005531
QDS,SWA,CEC,0.7575290101723784,-0.4788761544052941
QDS,SWA,CEC,0.971439990724836,-0.1041230688503932
QDS,SWA,CEC,2.5603005584081013,2.679419873723315
QDS,SWA,CEC,1.8617604006661308,1.4556394075605972
QDS,SWA,CEC,1.739898307058546,1.242147816461919
QDS,SWA,CEC,2.101152765713041,1.8750336211157743
QDS,SWA,CEC,0.7822180416470479,-0.4356231586937181
QDS,SWA,CEC,0.49697303900197765,-0.9353471308071628
HDS,Cape,CEC,1.2455470520457872,0.22338665305432345
HDS,Cape,CEC,1.2027277676937467,0.14663071598472058
HDS,Cape,CEC,2.0298208183456907,1.629240785424641
HDS,Cape,CEC,1.568613346084405,0.802500865488756
HDS,Cape,CEC,1.5389887669710018,0.7493971678312429
HDS,Cape,CEC,1.071628581789739,-0.08837183054066639
HDS,Cape,CEC,0.7764713008468789,-0.6174575923536301
HDS,Cape,CEC,0.7250879659987332,-0.709565063921932
HDS,Cape,CEC,0.8342638413111368,-0.5138612649956819
HDS,Cape,CEC,1.3879248998373432,0.4786068252399754
HDS,Cape,CEC,1.2824029996252964,0.2894529789133772
HDS,Cape,CEC,0.8329192658845312,-0.5162714908645071
HDS,Cape,CEC,1.1215668631960558,0.0011453027554837471
HDS,Cape,CEC,1.729152162077591,1.090275578309577
HDS,Cape,CEC,0.7937232806132389,-0.586532463797396
HDS,Cape,CEC,0.9884414792440419,-0.23748931591255482
HDS,Cape,CEC,2.029449736646777,1.6285756009415155
HDS,Cape,CEC,1.265332311221508,0.25885282515827274
HDS,Cape,CEC,1.7880013679874858,1.1957660369608492
HDS,Cape,CEC,2.0551578794705656,1.6746588697915017
HDS,Cape,CEC,1.156478078485785,0.06372558835229623
HDS,Cape,CEC,1.3981610313825412,0.49695565756187643
HDS,Cape,CEC,1.8744525359357675,1.3507345402192594
HDS,Cape,CEC,2.171708707859306,1.8835826802799394
HDS,Cape,CEC,1.2368021012997297,0.20771084484551156
HDS,Cape,CEC,0.8869044064356373,-0.41950013857456864
HDS,Cape,CEC,2.0009830329030054,1.5775474589676333
HDS,Cape,CEC,0.6654634647680278,-0.8164452823451153
HDS,Cape,CEC,2.533241360947055,2.531649970262273
HDS,Cape,CEC,2.6043855094574337,2.6591797939986397
HDS,Cape,CEC,1.774401766051441,1.1713879978093154
HDS,Cape,CEC,0.8558713237712497,-0.4751286568020108
HDS,Cape,CEC,1.2032794872231185,0.1476197037764915
HDS,Cape,CEC,2.0456338701214887,1.6575865559191372
HDS,Cape,CEC,2.0535209359063042,1.671724557854573
HDS,Cape,CEC,0.7740033730390974,-0.6218814895385762
HDS,Cape,CEC,1.0333569449771167,-0.15697585770256245
HDS,Cape,CEC,1.5166274320242104,0.7093132373326135
HDS,Cape,CEC,1.9254776637200954,1.4421999058004027
HDS,Cape,CEC,1.085575338602066,-0.06337149705982438
HDS,Cape,CEC,1.2434033001010263,0.21954385904562196
HDS,Cape,CEC,1.6744301467772058,0.9921833372486157
HDS,Cape,CEC,2.526839842266507,2.520174893730065
HDS,Cape,CEC,1.4105215182050996,0.5191125142926392
HDS,Cape,CEC,1.2473674986903793,0.22664990441887423
HDS,Cape,CEC,1.6150682408878425,0.8857738355083438
HDS,Cape,CEC,1.0521897031291572,-0.12321709640051416
HDS,Cape,CEC,1.3209327624141167,0.358519711173803
HDS,Cape,CEC,2.227712141833126,1.983971935234205
HDS,Cape,CEC,1.08297684747885,-0.06802943621382106
HDS,Cape,CEC,2.1074308406393287,1.768361045776612
HDS,Cape,CEC,2.616676354408264,2.6812118138199432
HDS,Cape,CEC,2.0536223830117115,1.671906407405689
HDS,Cape,CEC,1.725135465727912,1.083075427795409
HDS,Cape,CEC,1.1439033782632135,0.04118474224619288
HDS,Cape,CEC,0.8698449916312951,-0.45008008377871916
HDS,Cape,CEC,1.4591559383501567,0.6062924041147055
HDS,Cape,CEC,1.1730695913433686,0.09346679342046317
HDS,Cape,CEC,2.263629450928678,2.048355699661045
HDS,Cape,CEC,1.2147659942147013,0.1682099032890966
HDS,Cape,CEC,1.101136238535306,-0.03547772269866432
HDS,Cape,CEC,2.28235389952653,2.0819203100927286
HDS,Cape,CEC,3.2571348118506283,3.8292690454863667
HDS,Cape,CEC,1.7525636011011456,1.1322418784846797
HDS,Cape,CEC,1.5168734073638912,0.7097541617426992
HDS,Cape,CEC,1.025796303219265,-0.17052872650345885
HDS,Cape,CEC,0.8405362036784615,-0.5026177083031895
HDS,Cape,CEC,0.5552109380734209,-1.0140790384621223
HDS,Cape,CEC,0.7459241520302624,-0.6722150472645334
HDS,Cape,CEC,1.1637286379524694,0.07672261748451507
HDS,Cape,CEC,1.0933500940648058,-0.04943481759261664
HDS,Cape,CEC,0.9909272784456237,-0.2330333832651147
HDS,Cape,CEC,0.8881268592646074,-0.4173088242209807
HDS,Cape,CEC,1.6822848834709838,1.0062633874990865
HDS,Cape,CEC,1.356887225686725,0.4229700765193452
HDS,Cape,CEC,0.6925838584971405,-0.7678304755851457
HDS,Cape,CEC,0.43611213786278125,-1.2275702294609143
HDS,Cape,CEC,0.6673365634229004,-0.8130876493380678
HDS,Cape,CEC,1.0564260126328935,-0.11562327715302713
HDS,Cape,CEC,2.7446800258095143,2.910665479275337
HDS,Cape,CEC,1.7533982401845014,1.1337380152353826
HDS,Cape,CEC,1.1565969169010004,0.06393861278877969
HDS,Cape,CEC,0.5915468243269894,-0.9489449513130399
HDS,Cape,CEC,0.6069939757229987,-0.9212550775003726
HDS,Cape,CEC,0.7409844186013205,-0.6810697928295282
HDS,Cape,CEC,1.8300109329186447,1.2710705071539332
HDS,Cape,CEC,1.2408026231452167,0.21488200166572458
HDS,Cape,CEC,1.4409804667039854,0.5737118652524908
HDS,Cape,CEC,0.5492990411341163,-1.0246764409246325
HDS,Cape,CEC,0.45248509235436823,-1.198220802360089
HDS,Cape,CEC,0.9714321588707658,-0.2679794640765018
HDS,Cape,CEC,0.711700696265263,-0.7335624858486501
HDS,Cape,CEC,0.762634066213659,-0.6422616012668276
HDS,Cape,CEC,0.44773734467722753,-1.2067314028393705
HDS,Cape,CEC,0.4548458769588022,-1.193988965297072
HDS,Cape,CEC,1.2924756784866496,0.307508813253063
HDS,Cape,CEC,0.7127025476468147,-0.7317666117989285
HDS,Cape,CEC,1.0455237965698068,-0.13516610283824015
HDS,Cape,CEC,0.87925288249798506,-0.43321591871270654
HDS,Cape,CEC,1.3864143967485887,0.47589916485334494
HDS,Cape,CEC,1.3175381674122015,0.3524347117562129
HDS,Cape,CEC,1.5581847824206194,0.7838070879439726
HDS,Cape,CEC,1.5875288023865013,0.8364078678017767
HDS,Cape,CEC,2.068510638913168,1.6985944301118387
HDS,Cape,CEC,1.1314269929500473,0.018820131056518325
HDS,Cape,CEC,0.17719333061269715,-1.6916965215313942
HDS,SWA,CEC,2.317256447877381,2.1444850597219234
HDS,SWA,CEC,2.5830513645179938,2.620937158438865
HDS,SWA,CEC,1.6909088509078063,1.0217223264301736
HDS,SWA,CEC,2.060396264132012,1.6840489642198595
HDS,SWA,CEC,1.3914516774554275,0.4849287693128044
HDS,SWA,CEC,0.9674179622311614,-0.275175133722013
HDS,SWA,CEC,1.6228620838825525,0.899744730433023
HDS,SWA,CEC,1.6837538998900148,1.0088966807341235
HDS,SWA,CEC,0.7675117906036136,-0.633518010336159
HDS,SWA,CEC,0.45728190641983224,-1.1896222476641183
HDS,SWA,CEC,2.2780696779784493,2.074240605854023
HDS,SWA,CEC,1.655802299913705,0.9587918907722588
HDS,SWA,CEC,0.7552496632289656,-0.6554985523127577
HDS,SWA,CEC,0.5146290005170538,-1.086824407572679
HDS,SWA,CEC,0.4731178969466744,-1.161235358188811
HDS,SWA,CEC,0.7370872268371093,-0.6880557247601659
HDS,SWA,CEC,1.7337238356520088,1.0984705562147616
HDS,SWA,CEC,1.0948245105604522,-0.046791844421374795
HDS,SWA,CEC,0.5839898977971947,-0.9624911603620216
HDS,SWA,CEC,0.6892441530446405,-0.7738170824475019
HDS,SWA,CEC,0.7325267715845611,-0.6962305932025116
HDS,SWA,CEC,0.7456503256824148,-0.672705896148195
HDS,SWA,CEC,0.6025683661336069,-0.9291882276283664
HDS,SWA,CEC,1.0341048313792025,-0.15563522993443457
HDS,SWA,CEC,0.5192789383526802,-1.078489136647678
HDS,SWA,CEC,0.46632700839237884,-1.1734084017697077
HDS,SWA,CEC,0.562242604229185,-1.0014743877045584
HDS,SWA,CEC,0.9107673093101911,-0.37672456445991126
HDS,SWA,CEC,0.9814393976567656,-0.25004093469372196
HDS,SWA,CEC,0.8105856065111902,-0.5563058113659992
HDS,SWA,CEC,0.736008318317835,-0.6899897279940459
HDS,SWA,CEC,0.7075675849329137,-0.7409713166623381
HDS,SWA,CEC,0.5196222038708724,-1.0778738142080055
HDS,SWA,CEC,0.5202815686331854,-1.0766918663784737
HDS,SWA,CEC,0.8584427496657752,-0.4705192335683893
HDS,SWA,CEC,1.7237928925526027,1.0806687910728485
HDS,SWA,CEC,1.2347379354074537,0.20401071324064493
HDS,SWA,CEC,1.3621111132977441,0.4323341841824606
HDS,SWA,CEC,1.089506145305604,-0.05632530848999669
HDS,SWA,CEC,0.4456040557378378,-1.2105554413318604
HDS,SWA,CEC,0.4908433729886464,-1.1294614613525014
HDS,SWA,CEC,0.6366679423030147,-0.8680628500755658
HDS,SWA,CEC,0.8045655886332196,-0.5670970265951106
HDS,SWA,CEC,1.0939535845650559,-0.048353027470239396
HDS,SWA,CEC,1.0847957597043392,-0.0647689353804359
HDS,SWA,CEC,2.143222679983852,1.8325198987305065
HDS,SWA,CEC,1.4029142603702627,0.5054760835937415
HDS,SWA,CEC,1.3561007933733218,0.4215603530718256
HDS,SWA,CEC,0.9545599422088038,-0.29822384624980053
HDS,SWA,CEC,0.8414911510509198,-0.500905912285709
HDS,SWA,CEC,0.896540633129463,-0.4022266689009807
HDS,SWA,CEC,0.5284037976794771,-1.0621323212815375
HDS,SWA,CEC,0.5185827467176648,-1.0797370986847428
HDS,SWA,CEC,0.7844762167272327,-0.6031083375994315
HDS,SWA,CEC,0.6737710573781528,-0.8015534628009087
HDS,SWA,CEC,1.56407595448392,0.7943673399192103
HDS,SWA,CEC,2.068447153814536,1.698480629558906
HDS,SWA,CEC,1.9865563865669085,1.5516868969555524
HDS,SWA,CEC,1.1045135536709056,-0.029423698397813402
HDS,SWA,CEC,0.4110422091180467,-1.2725094642517119
HDS,SWA,CEC,0.6378993198606702,-0.8658555376518631
HDS,SWA,CEC,0.3388621615762701,-1.401896194334545
HDS,SWA,CEC,0.4008657047506148,-1.290751411557352
HDS,SWA,CEC,0.9736823397390874,-0.26394589033192145
HDS,SWA,CEC,1.1111381128956288,-0.017548809345809033
HDS,SWA,CEC,0.8244010030989554,-0.5315409483579238
HDS,SWA,CEC,1.6224273483424934,0.8989654429166705
HDS,SWA,CEC,1.2330505971815717,0.20098606608362724
HDS,SWA,CEC,0.6818890456781792,-0.7870015194763607
HDS,SWA,CEC,0.4898405668470591,-1.1312590468624284
HDS,SWA,CEC,0.6281693077087398,-0.8832971229497371
HDS,SWA,CEC,0.45024266031053334,-1.2022404859079119
HDS,SWA,CEC,0.6096847415126226,-0.9164317308998222
HDS,SWA,CEC,0.834607889636669,-0.5132445393305274
HDS,SWA,CEC,1.1466873841776568,0.04617522693093347
HDS,SWA,CEC,1.1536115231318484,0.058587129228497035
HDS,SWA,CEC,1.4323538535659004,0.5582481837554621
HDS,SWA,CEC,0.9153387447450524,-0.36853001343306196
HDS,SWA,CEC,0.7545777442720196,-0.6567030042309915
HDS,SWA,CEC,0.4470825809902611,-1.2079051029866934
HDS,SWA,CEC,0.4376914967430958,-1.2247391412570319
HDS,SWA,CEC,0.6506491523318818,-0.8430007572972338
HDS,SWA,CEC,0.8801896720462378,-0.4315366716000742
HDS,SWA,CEC,1.579749501234566,0.8224630399351011
HDS,SWA,CEC,1.8151457442908145,1.244423833812436
HDS,SWA,CEC,1.8274543992066434,1.2664877789817064
HDS,SWA,CEC,1.3737992559383672,0.4532858267556614
HDS,SWA,CEC,1.9722222987771876,1.5259922512605795
HDS,SWA,CEC,0.6842051813337537,-0.7828497181253072
HDS,SWA,CEC,0.7155098067389591,-0.7267344445061924
HDS,SWA,CEC,0.8123279878828262,-0.553182496323809
HDS,SWA,CEC,0.9299907853868274,-0.3422654196534194
HDS,SWA,CEC,1.237563926908705,0.20907645941346598
HDS,SWA,CEC,1.5221447040832121,0.7192032528563419
HDS,SWA,CEC,2.1556295944592594,1.8547599795985774
HDS,SWA,CEC,1.0253099059346398,-0.17140062055620794
HDS,SWA,CEC,1.5422717470151552,0.7552820912596232
HDS,SWA,CEC,1.4974561959184747,0.6749477355652254
HDS,SWA,CEC,0.7427110886264708,-0.6779746412454711
HDS,SWA,CEC,0.36498986900334707,-1.355060832712016
HDS,SWA,CEC,1.826281513802202,1.264385316979936
HDS,SWA,CEC,0.8272142656440223,-0.5264980195435578
HDS,SWA,CEC,1.1380291093362345,0.030654790078329476
HDS,SWA,CEC,1.4417441429675548,0.5750807972212311
HDS,SWA,CEC,1.3242377012776325,0.36444399700121927
HDS,SWA,CEC,0.8879638301001656,-0.4176010630212262
HDS,SWA,CEC,0.8805716874864368,-0.4308518877805582
HDS,SWA,CEC,0.9039877817365861,-0.3888772428541373
HDS,SWA,CEC,1.0813482803768582,-0.0709487328785293
HDS,SWA,CEC,1.1835594961378308,0.11227052833695991
HDS,SWA,CEC,1.4141460111406117,0.5256096184800921
HDS,SWA,CEC,1.0670854592180878,-0.09651562919321292
HDS,SWA,CEC,0.7455372427071014,-0.6729086036401147
HDS,SWA,CEC,0.7670689351113451,-0.6343118533162524
HDS,SWA,CEC,0.6364007119117578,-0.86854187534198
HDS,SWA,CEC,0.7417691538841316,-0.6796631114032686
HDS,SWA,CEC,0.9889394328773666,-0.23659670646516617
HDS,SWA,CEC,0.9088280943187415,-0.38020071465953614
HDS,SWA,CEC,0.8454398749867601,-0.4938276060853357
HDS,SWA,CEC,0.4841787139001914,-1.1414082316296048
HDS,SWA,CEC,0.8243645791543344,-0.53160624029457
HDS,SWA,CEC,0.7869261336076739,-0.5987167259985723
HDS,SWA,CEC,1.3279695241526532,0.3711334960455055
HDS,SWA,CEC,0.7575589843631576,-0.6513589663684377
HDS,SWA,CEC,0.9709374355859838,-0.26886628294534143
HDS,SWA,CEC,0.9292105680041841,-0.3436640024935814
HDS,SWA,CEC,0.7417063591215345,-0.6797756744906517
HDS,SWA,CEC,0.5958812077840169,-0.9411753290762946
HDS,SWA,CEC,0.8109271356794571,-0.5556936014296675
HDS,SWA,CEC,1.0506554487016464,-0.12596733237640254
HDS,SWA,CEC,0.836152878353492,-0.5104750615469489
HDS,SWA,CEC,0.5485600164950772,-1.0260011834920377
HDS,SWA,CEC,0.40403415485207833,-1.2850717893899974
HDS,SWA,CEC,0.5266746569379186,-1.0652319017615
HDS,SWA,CEC,0.8962726462427317,-0.40270705022740144
HDS,SWA,CEC,0.4347091147052574,-1.2300852261222484
HDS,SWA,CEC,0.5792021359649857,-0.9710734884288793
HDS,SWA,CEC,1.190365577034334,0.12447080503209638
HDS,SWA,CEC,0.6826908711186377,-0.7855642029966492
HDS,SWA,CEC,0.774337254288197,-0.6212829889206324
HDS,SWA,CEC,0.4269784572512127,-1.2439428574682292
HDS,SWA,CEC,0.9742100443617506,-0.26299995058955045
HDS,SWA,CEC,1.9671026288187172,1.5168149595076694
HDS,SWA,CEC,1.1862219935560767,0.11704320231727881
HDS,SWA,CEC,1.0362724521425035,-0.15174964974746052
HDS,SWA,CEC,0.8530438280105592,-0.48019709944313094
HDS,SWA,CEC,0.6052131589253746,-0.9244472901708866
HDS,SWA,CEC,1.0917981677585182,-0.052216731389277064
HDS,SWA,CEC,0.6940967014438999,-0.7651186208735403
HDS,SWA,CEC,0.4053377849660779,-1.28273496026017
HDS,SWA,CEC,0.3719489423622535,-1.3425863085605276
HDS,SWA,CEC,0.5114238312584872,-1.0925698508613928
HDS,SWA,CEC,0.506810569039342,-1.100839378714009
HDS,SWA,CEC,0.6312186684578256,-0.8778309750376179
HDS,SWA,CEC,0.39628254829524706,-1.2989669731621687
HDS,SWA,CEC,0.4085174339817363,-1.277035263419308
HDS,SWA,CEC,0.8766209208108325,-0.43793385570501536
HDS,SWA,CEC,0.7629315344369161,-0.6417283730130154
HDS,SWA,CEC,0.4469363992583982,-1.2081671418316062
HDS,SWA,CEC,0.43562700669314713,-1.2284398539324677
HDS,SWA,CEC,1.7684017060029678,1.1606325580941603
HDS,SWA,CEC,1.8325754240448058,1.2756674994314512
HDS,SWA,CEC,1.7132647758940434,1.0617965592750904
HDS,SWA,CEC,0.9262076916804235,-0.34904682450058644
HDS,SWA,CEC,0.7450412144002692,-0.6737977618332069
HDS,SWA,CEC,0.857602446754849,-0.4720255230434814
HDS,SWA,CEC,0.7074438571439493,-0.7411931055718731
HDS,SWA,CEC,0.7968696302346809,-0.5808924579636493
HDS,SWA,CEC,0.46881852035737887,-1.1689422286776627
HDS,SWA,CEC,0.8902860278035707,-0.4134383951139274
HDS,SWA,CEC,2.725981539500508,2.877147407683313
HDS,SWA,CEC,1.698021726750678,1.034472550046495
HDS,SWA,CEC,1.2325719950918466,0.20012814534916792
HDS,SWA,CEC,1.9020969752537558,1.400288727701023
HDS,SWA,CEC,0.9604509006297902,-0.2876639772402351
HDS,SWA,CEC,0.6323446720094534,-0.8758125513517308
HDS,SWA,CEC,0.7824209760878459,-0.6067924701945188
3QDS,Cape,CEC,1.2660524938047364,0.15995168754041514
3QDS,Cape,CEC,1.0253927130783342,-0.29255964519575145
3QDS,Cape,CEC,1.219757095352838,0.07290269086225062
3QDS,Cape,CEC,0.6394271258954651,-1.0182887292963272
3QDS,Cape,CEC,0.9689742274963574,-0.3986430299000728
3QDS,Cape,CEC,0.9701850646698617,-0.3963662990667982
3QDS,Cape,CEC,1.1914318541917917,0.019642887378800277
3QDS,Cape,CEC,0.8345809216867279,-0.6513420631127415
3QDS,Cape,CEC,0.9495881957975905,-0.43509448437242454
3QDS,Cape,CEC,1.6053199761483934,0.7978745682393984
3QDS,Cape,CEC,1.6505857311260037,0.8829875316535633
3QDS,Cape,CEC,1.52426557099381,0.6454683922263996
3QDS,Cape,CEC,2.098207235332401,1.7246479155300072
3QDS,Cape,CEC,1.7909837172414258,1.1469771339826307
3QDS,Cape,CEC,1.7778587356899906,1.1222982995049677
3QDS,Cape,CEC,1.2305866664560918,0.09326547702495248
3QDS,Cape,CEC,2.6011292593597877,2.67028957891093
3QDS,Cape,CEC,1.682234352482053,0.9424962696149333
3QDS,Cape,CEC,1.319828301896806,0.2610660595192188
3QDS,Cape,CEC,1.2910318022923317,0.2069201512381365
3QDS,Cape,CEC,1.4841038529244286,0.5699525228372766
3QDS,Cape,CEC,1.5667841491035237,0.7254158532786757
3QDS,Cape,CEC,2.35335959459641,2.2044095682367204
3QDS,Cape,CEC,2.7358974575244814,2.923693520266998
3QDS,Cape,CEC,1.747837351601379,1.065849247305563
3QDS,Cape,CEC,1.3645382798759522,0.34513399833675196
3QDS,Cape,CEC,1.022647649132943,-0.297721174640454
3QDS,Cape,CEC,0.9362076876007033,-0.4602537842711648
3QDS,Cape,CEC,1.135834498953598,-0.08489653021521333
3QDS,Cape,CEC,1.420388768947918,0.45014938216049905
3QDS,Cape,CEC,0.7641612357184085,-0.7837518320080832
3QDS,Cape,CEC,1.1048021543754283,-0.14324648615970062
3QDS,Cape,CEC,0.4332795646541922,-1.4059069154179642
3QDS,Cape,CEC,0.5005274967926908,-1.279460978735513
3QDS,Cape,CEC,1.0439364369710287,-0.2576919777057924
3QDS,Cape,CEC,1.5165203299270238,0.6309050557731065
3QDS,Cape,CEC,1.4499854222776047,0.5057998153252026
3QDS,Cape,CEC,0.901569607050773,-0.5253835867905604
3QDS,Cape,CEC,1.048255594882173,-0.2495706875725987
3QDS,Cape,CEC,1.2207374605861698,0.07474606650634094
3QDS,Cape,CEC,1.2573623813247532,0.14361171428823732
3QDS,Cape,CEC,0.9567698614996646,-0.4215908357432182
3QDS,Cape,CEC,1.1867452558961886,0.01083070100373926
3QDS,Cape,CEC,0.6168934829049242,-1.060658620892975
3QDS,Cape,CEC,0.5261954145469377,-1.2311977266188607
3QDS,Cape,CEC,0.4945332649132891,-1.2907319017301673
3QDS,Cape,CEC,1.5364550813039137,0.6683882649993957
3QDS,Cape,CEC,1.643423770399087,0.8695209341865542
3QDS,Cape,CEC,0.8483388709405739,-0.625473062759699
3QDS,Cape,CEC,0.5660096767790979,-1.1563351766314813
3QDS,Cape,CEC,0.7778862046537837,-0.7579448443761538
3QDS,Cape,CEC,1.5019299750820059,0.6034708875207945
3QDS,Cape,CEC,1.5602645198659997,0.7131570283669566
3QDS,Cape,CEC,0.2598651921669526,-1.7319770571464608
3QDS,SWA,CEC,2.4277139070161544,2.3442175947635584
3QDS,SWA,CEC,1.698973659947349,0.9739711022909132
3QDS,SWA,CEC,1.8866232728966466,1.3268076925462986
3QDS,SWA,CEC,1.9461150230495075,1.438669720622703
3QDS,SWA,CEC,1.0657875228243343,-0.21660549474064375
3QDS,SWA,CEC,1.7236631572229846,1.0203946354756508
3QDS,SWA,CEC,2.512815451424326,2.5042335856441778
3QDS,SWA,CEC,1.2879282486905201,0.2010845555588963
3QDS,SWA,CEC,1.033102608058333,-0.27806276980542016
3QDS,SWA,CEC,0.934388911964629,-0.46367361863045764
3QDS,SWA,CEC,0.8287283934444104,-0.6623465414963479
3QDS,SWA,CEC,0.9485333620807676,-0.4370778827183128
3QDS,SWA,CEC,0.6760857232620816,-0.9493597595260731
3QDS,SWA,CEC,0.6120193677666639,-1.0698233942110025
3QDS,SWA,CEC,0.8192611541734143,-0.6801477422076583
3QDS,SWA,CEC,1.6348187093705135,0.8533408827356527
3QDS,SWA,CEC,1.0856487651390463,-0.1792605042212525
3QDS,SWA,CEC,1.720905471738282,1.0152093738162933
3QDS,SWA,CEC,1.6654650427592912,0.9109650238504429
3QDS,SWA,CEC,0.9724602856179111,-0.3920882129638213
3QDS,SWA,CEC,1.1714398677324427,-0.017947940675049595
3QDS,SWA,CEC,1.0297362167174364,-0.2843925779170315
3QDS,SWA,CEC,0.7997329732345722,-0.7168664791560418
3QDS,SWA,CEC,1.207061386581394,0.04903101575785231
3QDS,SWA,CEC,1.896538043297386,1.345450383710853
3QDS,SWA,CEC,2.229894331564106,1.972258476962831
3QDS,SWA,CEC,1.18797081976947,0.013135122373932247
3QDS,SWA,CEC,0.6075594718730233,-1.07820931323995
3QDS,SWA,CEC,0.6838375979062001,-0.934783949991859
3QDS,SWA,CEC,0.7554448296199708,-0.8001412450141467
3QDS,SWA,CEC,1.3021636129713687,0.22785123690161274
3QDS,SWA,CEC,1.2630341131142788,0.15427624204295226
3QDS,SWA,CEC,0.6585438457898376,-0.98234366040764165
3QDS,SWA,CEC,0.514394224259195,-1.2533874432755487
3QDS,SWA,CEC,0.669285907178515,-0.9621454183056498
3QDS,SWA,CEC,1.1653147348916961,-0.029464996065801944
3QDS,SWA,CEC,1.8196898202633074,1.2009530700401019
3QDS,SWA,CEC,1.323990660196902,0.26889252016011506
3QDS,SWA,CEC,0.9611023791353452,-0.4134444253895346
3QDS,SWA,CEC,0.6468135416949237,-1.0044000901250134
3QDS,SWA,CEC,0.8761239910539401,-0.5732288460701321
3QDS,SWA,CEC,1.4411764093482013,0.48923627417701965
3QDS,SWA,CEC,1.9037105923928588,1.3589368904321313
3QDS,SWA,CEC,1.5335206233955676,0.662870619072204
3QDS,SWA,CEC,1.110069440085828,-0.13334243626187053
3QDS,SWA,CEC,0.6053524072945962,-1.0823592452759732
3QDS,SWA,CEC,0.7434051512061752,-0.8227793896525949
3QDS,SWA,CEC,1.3655778488148642,0.3470886944002084
3QDS,SWA,CEC,1.483571756734556,0.5689520251417486
3QDS,SWA,CEC,1.2099876271942511,0.054533210747118456
3QDS,SWA,CEC,1.281719031157317,0.1894093961586938
3QDS,SWA,CEC,1.5185723267714715,0.6347634147562682
3QDS,SWA,CEC,1.4796267982677334,0.5615343402754923
3QDS,SWA,CEC,1.265008691301424,0.15798903112785817
3QDS,SWA,CEC,0.8706651222510133,-0.5834931286593886
3QDS,SWA,CEC,0.5821408034271042,-1.1260039031798372
3QDS,SWA,CEC,0.9338231941599427,-0.46473733487327346
3QDS,SWA,CEC,0.7255991339530604,-0.8562599511889256
3QDS,SWA,CEC,0.9228485888471251,-0.48537282810511667
3QDS,SWA,CEC,0.763228271628433,-0.7855060795291087
3QDS,SWA,CEC,0.6001032098010697,-1.0922292839937906
3QDS,SWA,CEC,1.051596717850614,-0.24328839145015901
3QDS,SWA,CEC,1.8878316275549665,1.3290797555191969
3QDS,SWA,CEC,1.629984374691665,0.8442509084083452
3QDS,SWA,CEC,1.2386230650105228,0.1083762753863905
3QDS,SWA,CEC,1.2014548080350143,0.03848899530701284
3QDS,SWA,CEC,1.0245210294370297,-0.29419866740818945
3QDS,SWA,CEC,1.0584475895498884,-0.23040673306218137
3QDS,SWA,CEC,1.0554679657973953,-0.2360093040909725
3QDS,SWA,CEC,0.6515103726633451,-0.9955686633085271
3QDS,SWA,CEC,0.5029691504468288,-1.2748699500817877
3QDS,SWA,CEC,0.58017756557711,-1.1296953690878402
3QDS,SWA,CEC,0.4976186206813191,-1.284930523343042
3QDS,SWA,CEC,0.45547116970025336,-1.3641801559875462
3QDS,SWA,CEC,0.7091141718904144,-0.887256539528519
3QDS,SWA,CEC,1.2836350592201928,0.1930120937497696
3QDS,SWA,CEC,1.8899536910423862,1.333069860446346
3QDS,SWA,CEC,2.2032967781501265,1.9222472357552098
3QDS,SWA,CEC,1.6846980340357467,0.9471287172135073
3QDS,SWA,CEC,1.1023662214884673,-0.1478267580846872
3QDS,SWA,CEC,0.8843970949895241,-0.5576729718128877
3QDS,SWA,CEC,0.5849491953618686,-1.120723298446425
3QDS,SWA,CEC,0.42795517829375435,-1.4159183313707742
3QDS,SWA,CEC,0.7453224007379777,-0.8191743953398557
3QDS,SWA,CEC,1.0281450385524975,-0.28738446193630507
3QDS,SWA,CEC,0.42109015653813425,-1.4288265960360282
3QDS,SWA,CEC,0.34439179694567584,-1.5730421222577453
3QDS,SWA,CEC,0.8572868565574577,-0.6086482119907898
3QDS,SWA,CEC,0.585443242303883,-1.1197943445535463
3QDS,SWA,CEC,3.076590519817006,3.5642969115217413
3QDS,SWA,CEC,2.1369259801398224,1.7974505698073184
3QDS,SWA,CEC,0.9920864804091168,-0.3551851810791346
3QDS,SWA,CEC,0.9264409538623818,-0.4786181228701083
3QDS,SWA,CEC,0.3541529654622277,-1.5546882479163204
0.05º,Cape,Clay,0.9761331346299913,-0.056603477984330734
0.05º,Cape,Clay,1.9636475245157878,0.9312014921013072
0.05º,Cape,Clay,0.9650321536593967,-0.06770772546455997
0.05º,Cape,Clay,0.3003843095567491,-0.7325511449485301
0.05º,Cape,Clay,0.666544172498915,-0.366283537949936
0.05º,Cape,Clay,0.3642397986518012,-0.6686768661113008
0.05º,Cape,Clay,0.7917183770073785,-0.24107250041328213
0.05º,Cape,Clay,1.42836332321167,0.395759781203628
0.05º,Cape,Clay,5.576531410217285,4.545148483851955
0.05º,Cape,Clay,0.6179635789659288,-0.4148784265238064
0.05º,Cape,Clay,0.7803997463650174,-0.2523944616095953
0.05º,Cape,Clay,0.5091757093157087,-0.5236983074553072
0.05º,Cape,Clay,1.8016891479492188,0.7691954586115473
0.05º,Cape,Clay,1.8468246459960938,0.814344237965689
0.05º,Cape,Clay,1.20758056640625,0.17491205815746141
0.05º,Cape,Clay,2.1645840538872614,1.1321971478788952
0.05º,Cape,Clay,0.7901195949978299,-0.24267175287105966
0.05º,Cape,Clay,0.460078133477105,-0.57281033045898
0.05º,Cape,Clay,1.1355742812156677,0.10288458481918751
0.05º,Cape,Clay,1.924176534016927,0.8917188870999899
0.05º,Cape,Clay,0.9764237403869629,-0.05631278671541136
0.05º,Cape,Clay,2.0572020212809243,1.0247835176646511
0.05º,Cape,Clay,0.6775725682576498,-0.3552518970400658
0.05º,Cape,Clay,0.844802008734809,-0.18797324860732545
0.05º,Cape,Clay,0.8722869025336372,-0.16048026726464532
0.05º,Cape,Clay,1.0253156026204426,-0.007406537848942838
0.05º,Cape,Clay,0.5871715545654297,-0.4456795116050363
0.05º,Cape,Clay,0.7009571923149956,-0.3318603919602241
0.05º,Cape,Clay,0.6463239457872179,-0.386509714547102
0.05º,Cape,Clay,0.7394024531046549,-0.29340381849332425
0.05º,Cape,Clay,0.37932120429144967,-0.6535910227055707
0.05º,Cape,Clay,0.9718163808186849,-0.06092150201832752
0.05º,Cape,Clay,0.6647288004557291,-0.3680994441738654
0.05º,Cape,Clay,0.3641777038574219,-0.6687389791773307
0.05º,Cape,Clay,0.4173172844780816,-0.6155837620149512
0.05º,Cape,Clay,0.5659253597259521,-0.46693195822535427
0.05º,Cape,Clay,0.6867970360649956,-0.3460247148948568
0.05º,Cape,Clay,0.5884119669596354,-0.44443873421434543
0.05º,Cape,Clay,0.52600860595703125,-0.5068604576644203
0.05º,Cape,Clay,0.3674602508544922,-0.6654554662772091
0.05º,Cape,Clay,0.4626937442355686,-0.5701939500462161
0.05º,Cape,Clay,1.7623636457655165,0.729858384735928
0.05º,Cape,Clay,0.48646291097005206,-0.5464177891359611
0.05º,Cape,Clay,0.27107323540581596,-0.7618708440044486
0.05º,Cape,Clay,0.8781147003173828,-0.1546507546272611
0.05º,Cape,Clay,0.8167940775553385,-0.21598942123656384
0.05º,Cape,Clay,2.156522750854492,1.124133472774316
0.05º,Cape,Clay,1.0783632066514757,0.045656675659317386
0.05º,Cape,Clay,0.8007866541544596,-0.23200155488808658
0.05º,Cape,Clay,0.8482269710964627,-0.1845472784363095
0.05º,Cape,Clay,2.836488882700602,1.8042996874713706
0.05º,Cape,Clay,0.7120735380384657,-0.3207407752059772
0.05º,Cape,Clay,1.468393325805664,0.4358015627917031
0.05º,Cape,Clay,0.44898690117730033,-0.5839048263998325
0.05º,Cape,Clay,1.9172950320773654,0.8848353602499771
0.05º,Cape,Clay,0.7396475474039713,-0.293158652073995
0.05º,Cape,Clay,0.6876973046196831,-0.34512418143241785
0.05º,Cape,Clay,0.3763908386230469,-0.65652225064621
0.05º,Cape,Clay,1.5354673862457275,0.5028953600518945
0.05º,Cape,Clay,0.9578446282280816,-0.07489736585500636
0.05º,Cape,Clay,0.4359234703911675,-0.5969721011545873
0.05º,Cape,Clay,1.3908742268880208,0.3582596535580931
0.05º,Cape,Clay,0.6597614288330078,-0.37306827746626325
0.05º,Cape,Clay,1.207026269700792,0.17435759834790185
0.05º,Cape,Clay,2.9007414711846247,1.8685711825457103
0.05º,Cape,Clay,0.6045631832546658,-0.42828276535701637
0.05º,Cape,Clay,2.106482187906901,1.0740781851837924
0.05º,Cape,Clay,0.6560935974121094,-0.37673718816175067
0.05º,Cape,Clay,1.2251940833197699,0.19253075792129423
0.05º,Cape,Clay,0.8931173597063337,-0.13964368064363897
0.05º,Cape,Clay,1.7795738644070096,0.7470736675555468
0.05º,Cape,Clay,1.2373839787074499,0.2047242402361867
0.05º,Cape,Clay,2.27828492058648,1.2459314715291274
0.05º,Cape,Clay,1.0210160149468317,-0.011707390694037078
0.05º,Cape,Clay,1.025729285346137,-0.00699273339539277
0.05º,Cape,Clay,0.6279820336235894,-0.404857023894363
0.05º,Cape,Clay,0.52289793226454,-0.5099720466855311
0.05º,Cape,Clay,0.922872331407335,-0.10987995341895945
0.05º,Cape,Clay,2.850928170340402,1.8187432239313708
0.05º,Cape,Clay,0.7279366387261285,-0.3048730067352268
0.05º,Cape,Clay,4.370419820149739,3.338681990452911
0.05º,Cape,Clay,0.9782685173882378,-0.054467466880862105
0.05º,Cape,Clay,0.6938855912950304,-0.33893407382808244
0.05º,Cape,Clay,1.2561024257114954,0.22344819522080134
0.05º,Cape,Clay,1.042679680718316,0.009962649700838763
0.05º,Cape,Clay,0.32292408413357204,-0.7100047379496706
0.05º,Cape,Clay,2.446810722351074,1.4145068627089814
0.05º,Cape,Clay,0.8223920549665179,-0.21038979659734247
0.05º,Cape,Clay,1.1988872951931424,0.1662162289132889
0.05º,Cape,Clay,1.0537753634982638,0.02106159743140659
0.05º,Cape,Clay,1.6077603234185114,0.5752095697209031
0.05º,Cape,Clay,0.5132376352945963,-0.5196351862378744
0.05º,Cape,Clay,1.0042610168457031,-0.028467319022761756
0.05º,Cape,Clay,1.5032637459891183,0.47068224374074136
0.05º,Cape,Clay,0.586122194925944,-0.44672918002294276
0.05º,Cape,Clay,1.2847877078586154,0.2521419181310172
0.05º,Cape,Clay,0.5106951395670573,-0.5221784301053132
0.05º,Cape,Clay,3.369261529710558,2.3372291050396328
0.05º,Cape,Clay,2.840731620788574,1.8085436740026
0.05º,Cape,Clay,0.8974708557128906,-0.13528890360284843
0.05º,Cape,Clay,1.5903201633029513,0.557764277765986
0.05º,Cape,Clay,0.4940052032470703,-0.5388732775081976
0.05º,Cape,Clay,0.9426195356580946,-0.09012693847154948
0.05º,Cape,Clay,0.30381478203667533,-0.7291196630378666
0.05º,Cape,Clay,0.7354531969342913,-0.29735423674867506
0.05º,Cape,Clay,1.1668565538194444,0.1341760623612596
0.05º,Cape,Clay,1.1229416529337566,0.09024823933407582
0.05º,Cape,Clay,1.0069732666015625,-0.025754271176176666
0.05º,Cape,Clay,3.530329386393229,2.49834435660633
0.05º,Cape,Clay,0.8202523125542535,-0.21253016863767527
0.05º,Cape,Clay,1.2877481248643663,0.2551032062517351
0.05º,Cape,Clay,1.353268305460612,0.320642666432528
0.05º,Cape,Clay,0.22501246134440103,-0.8079451716394304
0.05º,Cape,Clay,0.47377120123969185,-0.5591132334544827
0.05º,Cape,Clay,0.7743265363905165,-0.25846945865128845
0.05º,Cape,Clay,0.3808339436848958,-0.6520778381822918
0.05º,Cape,Clay,0.8699544270833334,-0.16281342905551227
0.05º,Cape,Clay,0.5579310523139106,-0.47492861799546693
0.05º,Cape,Clay,0.5352052052815756,-0.49766115220242935
0.05º,Cape,Clay,0.3833736843532986,-0.6495373501846767
0.05º,Cape,Clay,0.8364319271511502,-0.19634579312216194
0.05º,Cape,Clay,0.9954013824462891,-0.03732956040629744
0.05º,Cape,Clay,0.5011942121717665,-0.531682153187846
0.05º,Cape,Clay,1.2025722927517362,0.16990231079767878
0.05º,Cape,Clay,0.4456159803602431,-0.5872767391243037
0.05º,Cape,Clay,0.7004896799723307,-0.3323280418703325
0.05º,Cape,Clay,0.2665061950683594,-0.7664392282124427
0.05º,Cape,Clay,1.4146466785007052,0.3820391003131381
0.05º,Cape,Clay,5.642598205142551,4.6112347192052985
0.05º,Cape,Clay,2.595748083932059,1.5634880497255603
0.05º,Cape,Clay,0.9319806780133929,-0.10076892664418291
0.05º,Cape,Clay,1.4658296373155382,0.43323711992561936
0.05º,Cape,Clay,0.9185555775960287,-0.11419797745295623
0.05º,Cape,Clay,0.753999286227756,-0.27880269019161164
0.05º,Cape,Clay,1.7413815392388239,0.7088701041374749
0.05º,Cape,Clay,0.8587377336290147,-0.17403342306834316
0.05º,Cape,Clay,1.0394003126356337,0.00668231665051382
0.05º,Cape,Clay,2.5823349952697754,1.5500710142063763
0.05º,Cape,Clay,0.6930033365885416,-0.33981658814167315
0.05º,Cape,Clay,2.2240506278143988,1.1916812200917413
0.05º,Cape,Clay,1.9587927924262152,0.9263453314867073
0.05º,Cape,Clay,0.7956186930338541,-0.23717103670265924
0.05º,Cape,Clay,1.9967714945475261,0.9643352089984379
0.05º,Cape,Clay,0.39089075724283856,-0.6420180653653008
0.05º,Cape,Clay,1.5795599619547527,0.5470009101839683
0.05º,Cape,Clay,1.2265711890326605,0.1939082688532453
0.05º,Cape,Clay,2.329310553414481,1.2969721188609533
0.05º,Cape,Clay,0.8646466996934679,-0.16812271826614864
0.05º,Cape,Clay,1.2673914167616103,0.23474050810329547
0.05º,Cape,Clay,1.5470209121704102,0.514452285649439
0.05º,Cape,Clay,4.093960672616959,3.062141493670782
0.05º,Cape,Clay,1.7584883371988933,0.7259819358437062
0.05º,Cape,Clay,0.2989635467529297,-0.7339723258176899
0.05º,Cape,Clay,1.579398473103841,0.5468393738142934
0.05º,Cape,Clay,1.030577129787869,-0.002143462455352465
0.05º,Cape,Clay,1.7367600335015192,0.7042472385029631
0.05º,Cape,Clay,2.7849063873291016,1.752702013736935
0.05º,Cape,Clay,0.3985184563530816,-0.6343881217729982
0.05º,Cape,Clay,1.1628170013427734,0.13013532122953916
0.05º,Cape,Clay,1.2790063222249348,0.24635883130066547
0.05º,Cape,Clay,0.48001713222927517,-0.5528654645738329
0.05º,Cape,Clay,1.0183849334716797,-0.014339246375811977
0.05º,Cape,Clay,0.30289310879177517,-0.7300416074889369
0.05º,Cape,Clay,0.5194833543565538,-0.513387629347211
0.05º,Cape,Clay,0.4211360083685981,-0.6117639144491115
0.05º,Cape,Clay,0.8568049536810981,-0.1759667717447657
0.05º,Cape,Clay,0.3802828788757324,-0.652629065144558
0.05º,Cape,Clay,0.39083078172471786,-0.6420780585314663
0.05º,Cape,Clay,0.687079111735026,-0.3457425562228921
0.05º,Cape,Clay,1.1580128139919705,0.1253297202267077
0.05º,Cape,Clay,1.2796058654785156,0.24695855097233213
0.05º,Cape,Clay,0.5331560770670573,-0.49971088338141295
0.05º,Cape,Clay,0.9572103288438585,-0.07553185188445076
0.05º,Cape,Clay,0.9965339236789279,-0.03619668591870953
0.05º,Cape,Clay,0.8237886958652072,-0.2089927447312834
0.05º,Cape,Clay,0.4676255120171441,-0.5652607310715417
0.05º,Cape,Clay,0.5018952687581381,-0.5309808903126699
0.05º,Cape,Clay,0.2515345679389106,-0.7814152608051919
0.05º,Cape,Clay,0.7645698123508029,-0.26822905364746635
0.05º,Cape,Clay,1.3819059795803494,0.349288767306502
0.05º,Cape,Clay,1.0978096856011286,0.06510887681595509
0.05º,Cape,Clay,0.6166835361056857,-0.4161588460419635
0.05º,Cape,Clay,0.49324819776746964,-0.5396305057397964
0.05º,Cape,Clay,0.5445621013641357,-0.48830150281443746
0.05º,Cape,Clay,0.2209142049153646,-0.8120446339973973
0.05º,Cape,Clay,2.926407708062066,1.8942449718196712
0.05º,Cape,Clay,0.6913690567016602,-0.3414513489221811
0.05º,Cape,Clay,0.8047671847873263,-0.22801985296759242
0.05º,Cape,Clay,1.1455905702379015,0.11290382117595688
0.05º,Cape,Clay,1.2654342651367188,0.23278278057843113
0.05º,Cape,Clay,1.0061730278862848,-0.026554745365011175
0.05º,Cape,Clay,2.4196853637695312,1.3873735223783135
0.05º,Cape,Clay,2.596822420756022,1.564562702677584
0.05º,Cape,Clay,1.4191943274603949,0.386588087437372
0.05º,Cape,Clay,1.5971605512830946,0.5646066785586277
0.05º,Cape,Clay,1.2436033089955647,0.21094540058800137
0.05º,Cape,Clay,2.2342315249972873,1.2018651130457985
0.05º,Cape,Clay,3.2553045484754772,2.2232385914907757
0.05º,Cape,Clay,1.4642872280544705,0.4316942568042375
0.05º,Cape,Clay,1.5229888492160373,0.49041315116099293
0.05º,Cape,Clay,0.92739380730523,-0.10535714705805203
0.05º,Cape,Clay,0.8322927686903212,-0.20048616954751386
0.05º,Cape,Clay,0.3941160837809245,-0.6387917897615206
0.05º,Cape,Clay,1.2494307623969183,0.2167745687416576
0.05º,Cape,Clay,0.959808349609375,-0.07293306664056211
0.05º,Cape,Clay,2.291783332824707,1.2594338557310705
0.05º,Cape,Clay,1.159613503350152,0.12693088059436344
0.05º,Cape,Clay,0.5773938496907552,-0.4554600936098727
0.05º,Cape,Clay,0.9560756683349609,-0.07666684627190319
0.05º,Cape,Clay,4.331842422485352,3.3000932412294604
0.05º,Cape,Clay,1.0429310268825955,0.010214069824768227
0.05º,Cape,Clay,0.7551216549343533,-0.27767999122337317
0.05º,Cape,Clay,0.23070971171061197,-0.8022462448336992
0.05º,Cape,Clay,1.1395611233181424,0.10687260006646569
0.05º,Cape,Clay,2.130669699774848,1.0982728143272995
0.05º,Cape,Clay,1.2885977427164714,0.2559530741074126
0.05º,Cape,Clay,1.1741375393337674,0.14145919033573046
0.05º,Cape,Clay,1.286214828491211,0.2535694586997705
0.05º,Cape,Clay,0.9862923092312283,-0.046441314003884536
0.05º,Cape,Clay,0.4887397766113281,-0.5441402535175385
0.05º,Cape,Clay,0.513098398844401,-0.519774463658972
0.05º,Cape,Clay,0.6492463747660319,-0.3835864256314553
0.05º,Cape,Clay,1.1837512122260199,0.15107569209105454
0.05º,Cape,Clay,1.357968224419488,0.32534396836202617
0.05º,Cape,Clay,0.7671186659071181,-0.26567945008043403
0.05º,Cape,Clay,0.834453855242048,-0.1983244470871173
0.05º,Cape,Clay,1.5184001922607422,0.485823143974381
0.05º,Cape,Clay,1.6249586741129558,0.5924129811012807
0.05º,Cape,Clay,0.6027885013156467,-0.43005796950354747
0.05º,Cape,Clay,1.446530236138238,0.4139320398195781
0.05º,Cape,Clay,0.7350546518961588,-0.297752899060336
0.05º,Cape,Clay,1.3561346266004775,0.32350983099926206
0.05º,Cape,Clay,1.6202227274576824,0.5876756408740861
0.05º,Cape,Clay,1.3393984900580511,0.3067687697793314
0.05º,Cape,Clay,1.5656248728434246,0.5330617206149454
0.05º,Cape,Clay,0.6059396531846788,-0.4269058903950247
0.05º,Cape,Clay,1.3437336815728083,0.31110523694214953
0.05º,Cape,Clay,0.7659043206108941,-0.2668941527027917
0.05º,Cape,Clay,3.6521093580457897,2.6201601625200035
0.05º,Cape,Clay,0.4590322706434462,-0.57385650104211
0.05º,Cape,Clay,3.211550235748291,2.1794714038758243
0.05º,Cape,Clay,2.9650988578796387,1.9329475066683495
0.05º,Cape,Clay,0.5939306683010526,-0.4389184089721982
0.05º,Cape,Clay,1.2992951075236003,0.26665358665844807
0.05º,Cape,Clay,1.1015699174669054,0.06887021514553454
0.05º,Cape,Clay,0.5312646230061849,-0.5016028940104778
0.05º,Cape,Clay,0.7375992668999566,-0.2952075352930327
0.05º,Cape,Clay,0.8019752502441406,-0.2308126090490826
0.05º,Cape,Clay,3.5826039844089084,2.550634336639015
0.05º,Cape,Clay,1.005677964952257,-0.027049953973358132
0.05º,Cape,Clay,1.589419682820638,0.5568635323135607
0.05º,Cape,Clay,1.048688464694553,0.01597320178665101
0.05º,Cape,Clay,0.8304148779975044,-0.20236461281744592
0.05º,Cape,Clay,1.0699838002522786,0.037274803585077
0.05º,Cape,Clay,0.8728504180908203,-0.1599165858906752
0.05º,Cape,Clay,1.1145699818929036,0.08187410489434074
0.05º,Cape,Clay,0.8702604505750868,-0.1625073155150787
0.05º,Cape,Clay,0.7301398383246528,-0.30266915883609424
0.05º,Cape,Clay,0.6633160909016927,-0.36951256942354
0.05º,Cape,Clay,0.3351915147569444,-0.6977336975840215
0.05º,Cape,Clay,0.6033628251817491,-0.42948347664026837
0.05º,Cape,Clay,1.1526499854193792,0.1199653136195943
0.05º,Cape,Clay,0.9230931599934896,-0.10965905985307865
0.05º,Cape,Clay,1.1352424621582031,0.10255266812259076
0.05º,Cape,Clay,0.7142194112141927,-0.3185942705981793
0.05º,Cape,Clay,1.0108214484320746,-0.021904957002220518
0.05º,Cape,Clay,0.2861016591389974,-0.7468379980953309
0.05º,Cape,Clay,0.4428096771240234,-0.5900838681268753
0.05º,Cape,Clay,1.7730718340192522,0.7405697239184142
0.05º,Cape,Clay,0.7989457448323568,-0.23384300590538307
0.05º,Cape,Clay,0.497394773695204,-0.5354827096649187
0.05º,Cape,Clay,0.7651394738091363,-0.2676592245638892
0.05º,Cape,Clay,1.092723634507921,0.06002132913114519
0.05º,Cape,Clay,2.79850180943807,1.7663014363551754
0.05º,Cape,Clay,2.4109944237603083,1.3786800250239921
0.05º,Cape,Clay,0.24201944139268664,-0.7909331872168169
0.05º,Cape,Clay,0.6980982886420356,-0.33472013687743246
0.05º,Cape,Clay,0.9507410261366103,-0.0820030582108186
0.05º,Cape,Clay,1.1522840923733182,0.1195993129079888
0.05º,Cape,Clay,5.8338264465332035,4.8025192302981115
0.05º,Cape,Clay,0.583014170328776,-0.44983811916922295
0.05º,Cape,Clay,0.8425801595052084,-0.19019575162526556
0.05º,Cape,Clay,0.667303466796875,-0.3655240202264835
0.05º,Cape,Clay,0.3467227088080512,-0.6861991104312991
0.05º,Cape,Clay,0.5139493942260742,-0.5189232178683826
0.05º,Cape,Clay,2.869330088297526,1.8371505567290807
0.05º,Cape,Clay,0.2583925459120009,-0.7745552648436749
0.05º,Cape,Clay,3.5705880437578474,2.5386148602476433
0.05º,Cape,Clay,1.1231953757149833,0.09050203677428191
0.05º,Cape,Clay,0.7015558878580729,-0.3312615202485033
0.05º,Cape,Clay,0.9922343360053169,-0.04049753876380388
0.05º,Cape,Clay,0.6787484486897787,-0.35407567060024886
0.05º,Cape,Clay,2.5436206817626954,1.511345308852179
0.05º,Cape,Clay,0.8458833694458008,-0.18689156970146514
0.05º,Cape,Clay,0.9304146236843533,-0.10233544179119591
0.05º,Cape,Clay,1.2898837195502386,0.25723942934519006
0.05º,Cape,Clay,0.21566751268174914,-0.8172928700919362
0.05º,Cape,Clay,0.4204629262288411,-0.6124371946460764
0.05º,Cape,Clay,0.8989395565456815,-0.1338197705987537
0.05º,Cape,Clay,1.2013882531060114,0.16871792274338357
0.05º,Cape,Clay,0.5335521697998047,-0.4993146740967382
0.05º,Cape,Clay,5.152577209472656,4.121069532827597
0.05º,Cape,Clay,0.6091299057006836,-0.423714699134002
0.05º,Cape,Clay,1.2392330169677734,0.2065738225836777
0.05º,Cape,Clay,0.5716847313774956,-0.46117089185484506
0.05º,Cape,Clay,1.7948902977837458,0.7623946078562499
0.05º,Cape,Clay,2.5703504350450306,1.538082927475141
0.05º,Cape,Clay,0.5821772681342231,-0.4506752676257133
0.05º,Cape,Clay,0.5993193520439996,-0.43352813958673814
0.05º,Cape,Clay,4.103745857874553,3.0719295582596717
0.05º,Cape,Clay,0.5068547990587022,-0.5260199006497707
0.05º,Cape,Clay,0.9930722978379991,-0.039659330357381235
0.05º,Cape,Clay,0.2446880340576172,-0.7882638093074404
0.05º,Cape,Clay,0.7487691243489584,-0.28403439106720724
0.05º,Cape,Clay,0.9046537611219618,-0.1281038845941066
0.05º,Cape,Clay,0.6481793721516927,-0.38465374221573356
0.05º,Cape,Clay,1.2478933334350586,0.21523668738495733
0.05º,Cape,Clay,1.378366470336914,0.3457482165478099
0.05º,Cape,Clay,2.171748267279731,1.1393634693708319
0.05º,Cape,Clay,1.3931908077663846,0.36057691609997644
0.05º,Cape,Clay,1.9839568667941623,0.9515168104877753
0.05º,Cape,Clay,0.8940546247694228,-0.1387061397864226
0.05º,Cape,Clay,1.2258277469211154,0.1931646079807793
0.05º,Cape,Clay,0.5976452297634549,-0.4352027544846986
0.05º,Cape,Clay,0.8696348402235243,-0.16313310995507863
0.05º,Cape,Clay,1.105979601542155,0.07328119678858974
0.05º,Cape,Clay,1.2340106964111328,0.20134996533758068
0.05º,Cape,Clay,0.4198390112982856,-0.6130612931661846
0.05º,Cape,Clay,0.7919559478759766,-0.24083485963847184
0.05º,Cape,Clay,1.3228229795183455,0.2901883818269881
0.05º,Cape,Clay,1.0720933278401692,0.03938495191019874
0.05º,Cape,Clay,2.200665579901801,1.1682892910319265
0.05º,Cape,Clay,1.8721637725830078,0.8396908206955644
0.05º,Cape,Clay,1.2134483125474718,0.18078153090729143
0.05º,Cape,Clay,2.8205779393514,1.7883840622611793
0.05º,Cape,Clay,1.9348843892415364,0.9024298931553547
0.05º,Cape,Clay,0.30654748280843097,-0.7263861581575891
0.05º,Cape,Clay,1.2160530090332031,0.18338699383575324
0.05º,Cape,Clay,3.7139408111572267,2.6820098097926452
0.05º,Cape,Clay,0.43493207295735675,-0.5979637903111997
0.05º,Cape,Clay,0.6921715206570096,-0.3406486488384887
0.05º,Cape,Clay,1.2063713073730469,0.17370244329477863
0.05º,Cape,Clay,0.9985398054122925,-0.03419021394633587
0.05º,Cape,Clay,1.2809535132514105,0.24830659529616658
0.05º,Cape,Clay,1.9550984700520833,0.9226499220429136
0.05º,Cape,Clay,0.6105870140923394,-0.4222571619821661
0.05º,Cape,Clay,1.0164528952704535,-0.01627185308728207
0.05º,Cape,Clay,0.7279457516140408,-0.3048638911658094
0.05º,Cape,Clay,0.4354110293918186,-0.597484692941823
0.05º,Cape,Clay,0.8802619934082031,-0.15250282968655401
0.05º,Cape,Clay,1.185130649142795,0.15245553491285663
0.05º,Cape,Clay,0.815980487399631,-0.2168032507945448
0.05º,Cape,Clay,0.9358630710177951,-0.096885391229557
0.05º,Cape,Clay,1.6252037684122722,0.59265814752061
0.05º,Cape,Clay,0.6327668295966254,-0.40007081997529165
0.05º,Cape,Clay,0.4072856903076172,-0.6256183080235546
0.05º,Cape,Clay,0.8526053958468967,-0.18016756531625583
0.05º,Cape,Clay,0.65422821044921875,-0.3786031240224822
0.05º,Cape,Clay,1.0842553774515789,0.051550580255085854
0.05º,Cape,Clay,1.6239865620930989,0.5914405830334352
0.05º,Cape,Clay,0.5178595648871528,-0.5150118966233896
0.05º,Cape,Clay,0.8927565680609809,-0.1400045784534279
0.05º,Cape,Clay,0.9847518073187934,-0.047982269215388486
0.05º,Cape,Clay,0.511938730875651,-0.5209344728648254
0.05º,Cape,Clay,0.8822678460015191,-0.15049638686280353
0.05º,Cape,Clay,0.37657907274034286,-0.6563339611402452
0.05º,Cape,Clay,0.848766114976671,-0.18400797591078116
0.05º,Cape,Clay,1.373059802585178,0.3404399872871058
0.05º,Cape,Clay,0.4592475891113281,-0.5736411192158769
0.05º,Cape,Clay,1.1887876722547743,0.15611363411903517
0.05º,Cape,Clay,1.5778259701199002,0.5452664081148356
0.05º,Cape,Clay,2.51532777150472,1.4830440732881616
0.05º,Cape,Clay,0.9566410912407769,-0.07610125698805502
0.05º,Cape,Clay,0.45738813612196183,-0.5755011193569879
0.05º,Cape,Clay,0.34732098049587673,-0.6856006626995511
0.05º,Cape,Clay,0.7446119520399306,-0.28819278664140735
0.05º,Cape,Clay,1.2045425838894315,0.171873181701703
0.05º,Cape,Clay,0.4107078552246094,-0.6221951361203598
0.05º,Cape,Clay,1.146688461303711,0.11400203530076032
0.05º,Cape,Clay,1.3801475101047092,0.3475297803939343
0.05º,Cape,Clay,0.4730377197265625,-0.5598469307975856
0.05º,Cape,Clay,0.8478014204237196,-0.1849729543291008
0.05º,Cape,Clay,0.2119747797648112,-0.8209866896108314
0.05º,Cape,Clay,0.6993678410847982,-0.33345021086360466
0.05º,Cape,Clay,0.7716299162970649,-0.26116687223637286
0.05º,Cape,Clay,0.6623573303222656,-0.3704716121222391
0.05º,Cape,Clay,0.6571581098768446,-0.37567236245981306
0.05º,Cape,Clay,0.6198209126790365,-0.41302054628255996
0.05º,Cape,Clay,0.6096852620442709,-0.42315917937451014
0.05º,Cape,Clay,0.59215333726671,-0.4406962629935599
0.05º,Cape,Clay,0.6587575276692709,-0.3740724740320761
0.05º,Cape,Clay,1.022387186686198,-0.010335815481706619
0.05º,Cape,Clay,2.1333404117160373,1.1009443121365405
0.05º,Cape,Clay,0.8377778795030382,-0.19499944471821906
0.05º,Cape,Clay,0.6990282270643446,-0.3337899248168905
0.05º,Cape,Clay,0.594811757405599,-0.438037060603533
0.05º,Cape,Clay,0.7149907218085395,-0.31782273304249514
0.05º,Cape,Clay,0.4736546410454644,-0.5592298279470302
0.05º,Cape,Clay,2.187262852986654,1.1548826203088658
0.05º,Cape,Clay,0.568312508719308,-0.4645441068035187
0.05º,Cape,Clay,1.2361653645833333,0.20350526752981615
0.05º,Cape,Clay,0.4008685217963325,-0.6320373648132558
0.05º,Cape,Clay,0.7781685723198785,-0.2546262921869393
0.05º,Cape,Clay,0.6097240447998047,-0.42312038520698986
0.05º,Cape,Clay,0.5565560658772787,-0.4763040090275535
0.05º,Cape,Clay,0.690155029296875,-0.34266573355955904
0.05º,Cape,Clay,2.2906214396158853,1.258271620630359
0.05º,Cape,Clay,1.0329032474093967,1.8333963592091204e-4
0.05º,Cape,Clay,2.267080201043023,1.234723454950531
0.05º,Cape,Clay,1.3116774029201932,0.27903952559675305
0.05º,Cape,Clay,1.7436248991224501,0.7111141241390396
0.05º,Cape,Clay,0.4901858435736762,-0.5426937610439966
0.05º,Cape,Clay,1.6197713216145833,0.5872241022029479
0.05º,Cape,Clay,3.829057057698568,2.7971599297663814
0.05º,Cape,Clay,0.30615594651963973,-0.7267778096575551
0.05º,Cape,Clay,0.40430164337158203,-0.6286032330277616
0.05º,Cape,Clay,1.5574428770277235,0.524877317213083
0.05º,Cape,Clay,1.7909501393636067,0.7584532900281743
0.05º,Cape,Clay,0.3634317186143663,-0.6694851839296342
0.05º,Cape,Clay,0.42257605658637154,-0.6103234424911849
0.05º,Cape,Clay,0.5605716705322266,-0.4722872227643019
0.05º,Cape,Clay,0.7439914279513888,-0.28881349332173256
0.05º,Cape,Clay,1.5992717742919922,0.566718522803641
0.05º,Cape,Clay,1.0188810560438368,-0.013842977817532869
0.05º,Cape,Clay,1.5390260484483507,0.5064550694056119
0.05º,Cape,Clay,0.7915291256374783,-0.24126180747118176
0.05º,Cape,Clay,0.8043951458401151,-0.22839200138880503
0.05º,Cape,Clay,1.4535013834635417,0.4209052384338592
0.05º,Cape,Clay,0.7577340867784288,-0.275066790660406
0.05º,Cape,Clay,0.756561279296875,-0.27623994324541945
0.05º,Cape,Clay,1.2848856184217665,0.2522398575047571
0.05º,Cape,Clay,0.3715549045138889,-0.6613596077490117
0.05º,Cape,Clay,1.1288180881076388,0.09612640367335017
0.05º,Cape,Clay,0.7154712677001953,-0.3173420457482201
0.05º,Cape,Clay,0.73210695054796,-0.30070146778186685
0.05º,Cape,Clay,0.7050928388323102,-0.32772352851179054
0.05º,Cape,Clay,0.5759163962470161,-0.4569379818004078
0.05º,Cape,Clay,0.7670023176405165,-0.265795832582995
0.05º,Cape,Clay,0.7430530124240451,-0.2897521849817325
0.05º,Cape,Clay,2.1203325589497886,1.0879326317557323
0.05º,Cape,Clay,0.5480155944824219,-0.48484699349149574
0.05º,Cape,Clay,0.6287293963962131,-0.40410944120714765
0.05º,Cape,Clay,1.2682325575086806,0.2355818963595149
0.05º,Cape,Clay,0.7681696150037978,-0.26462819173762925
0.05º,Cape,Clay,0.891632080078125,-0.14112939732153076
0.05º,Cape,Clay,0.6508269839816623,-0.3820053513150158
0.05º,Cape,Clay,1.4746947818332248,0.44210487304880275
0.05º,Cape,Clay,0.48500484890407985,-0.5478762802427359
0.05º,Cape,Clay,1.3700779808892145,0.3374572881777566
0.05º,Cape,Clay,2.3443494372897677,1.3120154279901166
0.05º,Cape,Clay,4.838727951049805,3.807127922960384
0.05º,Cape,Clay,0.7288792928059896,-0.30393007527549787
0.05º,Cape,Clay,0.6856185065375434,-0.34720359120950434
0.05º,Cape,Clay,0.415500005086263,-0.6174015761487588
0.05º,Cape,Clay,1.2525045606825087,0.21984927150512626
0.05º,Cape,Clay,0.2922276390923394,-0.7407102155470117
0.05º,Cape,Clay,1.0665068626403809,0.03379684286988434
0.05º,Cape,Clay,0.5863699913024902,-0.4464813107312863
0.05º,Cape,Clay,0.4279082162039621,-0.6049897138635393
0.05º,Cape,Clay,0.5086358388264974,-0.5242383368036462
0.05º,Cape,Clay,0.8059177398681641,-0.22686895933115617
0.05º,Cape,Clay,0.7033162646823459,-0.3295006254260577
0.05º,Cape,Clay,1.2083015441894531,0.1756332480913638
0.05º,Cape,Clay,0.4701697031656901,-0.5627157912842113
0.05º,Cape,Clay,0.8815618242536273,-0.15120261636051924
0.05º,Cape,Clay,1.0896178351508246,0.05691461587972267
0.05º,Cape,Clay,1.6417457792494032,0.6092050259129524
0.05º,Cape,Clay,1.2686199612087674,0.23596941405474522
0.05º,Cape,Clay,0.6899674733479818,-0.3428533446975671
0.05º,Cape,Clay,0.6679481930202908,-0.36487910428970577
0.05º,Cape,Clay,0.881585439046224,-0.15117899461917197
0.05º,Cape,Clay,0.5593340131971571,-0.47352524428516896
0.05º,Cape,Clay,1.0424320432874892,0.009714939401672047
0.05º,Cape,Clay,0.1555614471435547,-0.8774166220888948
0.05º,Cape,Clay,0.4977116584777832,-0.5351657316376797
0.05º,Cape,Clay,0.7166752285427518,-0.3161377306351985
0.05º,Cape,Clay,0.453463872273763,-0.5794265379360797
0.05º,Cape,Clay,1.30377197265625,0.2711317691272077
0.05º,Cape,Clay,1.6215066644880507,0.5889599557082441
0.05º,Cape,Clay,0.4537527296278212,-0.5791375955845485
0.05º,Cape,Clay,1.126688003540039,0.09399569231954284
0.05º,Cape,Clay,0.6391118367513021,-0.3937239457759765
0.05º,Cape,Clay,1.1815147399902344,0.14883856176404944
0.05º,Cape,Clay,0.9278291066487631,-0.10492171962588401
0.05º,Cape,Clay,0.3748452928331163,-0.6580682512193914
0.05º,Cape,Clay,0.6885517968071831,-0.3442694378070521
0.05º,Cape,Clay,0.3112928867340088,-0.7216393578772491
0.05º,Cape,Clay,1.0990289052327473,0.06632845520800087
0.05º,Cape,Clay,0.5033560858832465,-0.5295196433360712
0.05º,Cape,Clay,0.8700459798177084,-0.16272184938136594
0.05º,Cape,Clay,0.3136914571126302,-0.7192400817093582
0.05º,Cape,Clay,1.2062259250217013,0.17355701816407398
0.05º,Cape,Clay,1.3710984124077692,0.3384780199625126
0.05º,Cape,Clay,1.065824720594618,0.03311450010099893
0.05º,Cape,Clay,1.226297590467665,0.1936345897807387
0.05º,Cape,Clay,1.2494653065999348,0.21680912310944894
0.05º,Cape,Clay,1.3083035680982802,0.2756646980099681
0.05º,Cape,Clay,1.4924102359347873,0.45982553999611797
0.05º,Cape,Clay,2.016326586405436,0.9838960550231309
0.05º,Cape,Clay,0.9570229848225912,-0.07571925103247236
0.05º,Cape,Clay,0.7612116071912978,-0.2715882469727505
0.05º,Cape,Clay,0.9032024807400174,-0.12955559202131509
0.05º,Cape,Clay,1.1321801079644098,0.09948941281839062
0.05º,Cape,Clay,1.403643290201823,0.3710324742216692
0.05º,Cape,Clay,0.05279827117919922,-0.9802100365434575
0.05º,Cape,Clay,1.223449495103624,0.1907856563528392
0.05º,Cape,Clay,0.8082379235161675,-0.22454809295950331
0.05º,Cape,Clay,1.9189226362440321,0.886463443345912
0.05º,Cape,Clay,0.12696800231933594,-0.9060184806526967
0.05º,Cape,Clay,2.3883502748277454,1.3560292129568061
0.05º,Cape,Clay,0.6625612046983507,-0.3702676777552744
0.05º,Cape,Clay,0.9452830420600044,-0.08746264832184787
0.05º,Cape,Clay,0.691749095916748,-0.34107119787897994
0.05º,Cape,Clay,0.48609235551622176,-0.5467884536272686
0.05º,Cape,Clay,0.8916299608018663,-0.1411315172213953
0.05º,Cape,Clay,1.3385361565483942,0.30590618252446716
0.05º,Cape,Clay,0.6869023640950521,-0.34591935587159117
0.05º,Cape,Clay,0.4503898620605469,-0.5825014526895346
0.05º,Cape,Clay,0.6733826228550502,-0.35944307535145625
0.05º,Cape,Clay,0.8935254414876302,-0.13923547878258782
0.05º,Cape,Clay,0.4739886389838325,-0.5588957317283852
0.05º,Cape,Clay,1.1835546228620741,0.15087904487987414
0.05º,Cape,Clay,0.6025590896606445,-0.43028744866387936
0.05º,Cape,Clay,1.761832555135091,0.7293271378298846
0.05º,Cape,Clay,0.6492598397391183,-0.3835729566962448
0.05º,Cape,Clay,2.5763219197591147,1.5440561693233383
0.05º,Cape,Clay,0.7257510291205512,-0.30705925946548407
0.05º,Cape,Clay,0.4657766554090712,-0.5671101317133301
0.05º,Cape,Clay,1.0219662984212239,-0.010756827594796155
0.05º,Cape,Clay,3.028904808892144,1.996772232846246
0.05º,Cape,Clay,1.453708701663547,0.42111261763810365
0.05º,Cape,Clay,1.2507072024875217,0.21805138443004507
0.05º,Cape,Clay,3.723256746927897,2.6913284868160057
0.05º,Cape,Clay,1.2932951185438368,0.2606518321570733
0.05º,Cape,Clay,0.7493709988064237,-0.2834323395056897
0.05º,Cape,Clay,1.1252676645914714,0.09257493543035607
0.05º,Cape,Clay,0.8099109649658203,-0.2228745592104737
0.05º,Cape,Clay,0.7007560729980469,-0.33206157045736495
0.05º,Cape,Clay,0.7455405848366874,-0.28726388059060337
0.05º,Cape,Clay,0.23525571823120117,-0.7976989006318602
0.05º,Cape,Clay,0.35173252650669645,-0.6811878185730438
0.05º,Cape,Clay,0.49057579040527344,-0.542303699468929
0.05º,Cape,Clay,1.1948235829671223,0.16215132092311307
0.05º,Cape,Clay,1.6353514989217122,0.6028088640417877
0.05º,Cape,Clay,0.7604844570159912,-0.27231561111500824
0.05º,Cape,Clay,0.7798455556233724,-0.25294881542416164
0.05º,Cape,Clay,1.764777077568902,0.7322725267016188
0.05º,Cape,Clay,0.33482593960232204,-0.6980993803106474
0.05º,Cape,Clay,0.6039163801405165,-0.4289297587956613
0.05º,Cape,Clay,3.7074158986409507,2.6754829772938327
0.05º,Cape,Clay,0.8182154761420356,-0.21456760439744468
0.05º,Cape,Clay,1.0133841037750244,-0.019341547587320613
0.05º,Cape,Clay,1.846407996283637,0.8139274656523284
0.05º,Cape,Clay,0.8993968963623047,-0.13336229620799497
0.05º,Cape,Clay,0.8423811594645182,-0.19039481022254204
0.05º,Cape,Clay,0.4792041778564453,-0.5536786581618546
0.05º,Cape,Clay,0.4808788299560547,-0.5520035132889279
0.05º,Cape,Clay,0.9644279479980469,-0.06831210891592843
0.05º,Cape,Clay,0.43608644273546004,-0.5968090808550074
0.05º,Cape,Clay,0.5828056335449219,-0.4500467173158895
0.05º,Cape,Clay,1.8126247194078233,0.7801342479073523
0.05º,Cape,Clay,2.092643313937717,1.0602352390686178
0.05º,Cape,Clay,0.46582913398742676,-0.5670576376929356
0.05º,Cape,Clay,0.661945070539202,-0.3708839932144516
0.05º,Cape,Clay,0.607105467054579,-0.42573973347956406
0.05º,Cape,Clay,1.7800543043348525,0.7475542488548286
0.05º,Cape,Clay,0.4559149742126465,-0.5769747147502974
0.05º,Cape,Clay,0.5256120893690321,-0.507257090929068
0.05º,Cape,Clay,0.864812003241645,-0.1679573660767177
0.05º,Cape,Clay,0.9660326639811198,-0.06670692073853025
0.05º,Cape,Clay,0.7346369425455729,-0.29817073132362865
0.05º,Cape,Clay,2.60149966345893,1.569241321678532
0.05º,Cape,Clay,1.0345452626546223,0.0018258380509342702
0.05º,Cape,Clay,0.8492088317871094,-0.18356512882908743
0.05º,Cape,Clay,1.5131028493245442,0.4805242422730806
0.05º,Cape,Clay,0.7436981201171875,-0.28910688746297913
0.05º,Cape,Clay,0.8783033159044054,-0.15446208353932075
0.05º,Cape,Clay,0.745942645602756,-0.2868617015164889
0.05º,Cape,Clay,0.5477501551310221,-0.48511251094952423
0.05º,Cape,Clay,0.5357571707831489,-0.4971090242827208
0.05º,Cape,Clay,1.4679282903671265,0.4353363905145614
0.05º,Cape,Clay,0.45215916633605957,-0.5807316277889097
0.05º,Cape,Clay,0.24630016750759548,-0.7866512014805165
0.05º,Cape,Clay,0.5440758599175347,-0.4887878873395983
0.05º,Cape,Clay,0.45357788933648,-0.5793124873233696
0.05º,Cape,Clay,1.6356315612792969,0.6030890088088813
0.05º,Cape,Clay,1.4791914621988933,0.4466028765812956
0.05º,Cape,Clay,0.4220150841606988,-0.6108845799853176
0.05º,Cape,Clay,0.7986758550008138,-0.23411297515312696
0.05º,Cape,Clay,0.4846297370062934,-0.5482515025187522
0.05º,Cape,Clay,1.6913844214545355,0.6588582744941736
0.05º,Cape,Clay,0.42345564705984934,-0.6094435931945666
0.05º,Cape,Clay,0.4620463053385417,-0.5708415794548203
0.05º,Cape,Clay,0.8494569990370009,-0.18331688855495462
0.05º,Cape,Clay,0.42507525852748324,-0.6078235051495494
0.05º,Cape,Clay,1.0593174828423395,0.02660534756705658
0.05º,Cape,Clay,0.6625885433620877,-0.3702403310470223
0.05º,Cape,Clay,1.8000272115071614,0.7675330331378075
0.05º,Cape,Clay,0.5456659528944228,-0.4871973264712651
0.05º,Cape,Clay,0.5524616241455078,-0.4803996555657645
0.05º,Cape,Clay,0.31534719467163086,-0.7175838569427221
0.05º,Cape,Clay,0.7528404659695096,-0.2799618514375193
0.05º,Cape,Clay,1.1541494793362088,0.12146524876872031
0.05º,Cape,Clay,0.7237864600287544,-0.30902440663987407
0.05º,Cape,Clay,1.1811661190456815,0.14848983823633952
0.05º,Cape,Clay,0.31132147047254777,-0.7216107657278267
0.05º,Cape,Clay,1.8069676293267145,0.7744754932040536
0.05º,Cape,Clay,1.6363519032796223,0.6038095627728242
0.05º,Cape,Clay,0.5999942355685763,-0.4328530574748886
0.05º,Cape,Clay,0.41405465867784286,-0.6188473478563467
0.05º,Cape,Clay,1.6767698923746746,0.6442394450285925
0.05º,Cape,Clay,0.9144304593404134,-0.11832430954170582
0.05º,Cape,Clay,0.7481457846505302,-0.2846579141859238
0.05º,Cape,Clay,1.4109530978732638,0.37834443283429703
0.05º,Cape,Clay,0.7304363250732422,-0.3023725848450509
0.05º,Cape,Clay,0.5213041305541992,-0.5115663173786272
0.05º,Cape,Clay,0.6904846827189127,-0.34233598313563635
0.05º,Cape,Clay,1.9629788398742676,0.9305326106965612
0.05º,Cape,Clay,1.0917769538031683,0.05907436986167367
0.05º,Cape,Clay,1.0858674049377441,0.05316308208701651
0.05º,Cape,Clay,1.0618538326687283,0.02914244372488825
0.05º,Cape,Clay,0.7717736562093099,-0.26102309002806323
0.05º,Cape,Clay,0.7844963073730469,-0.24829669517151984
0.05º,Cape,Clay,0.4946763780381944,-0.5382019052211109
0.05º,Cape,Clay,1.0320717692375183,-6.483832018537675e-4
0.05º,Cape,Clay,1.5665615929497614,0.5339987163550537
0.05º,Cape,Clay,0,-1.0330238438326593
0.05º,Cape,Clay,0.5041806962754991,-0.5286947902987948
0.05º,Cape,Clay,0.8837572733561198,-0.14900652123803407
0.05º,Cape,Clay,1.3368574778238933,0.3042270098417979
0.05º,Cape,Clay,1.1415922376844618,0.10890431209660097
0.05º,Cape,Clay,0.5340762668185763,-0.4987904228602478
0.05º,Cape,Clay,2.6566689809163413,1.624426872936135
0.05º,Cape,Clay,0.8136486477322049,-0.2191357766154523
0.05º,Cape,Clay,6.802427291870117,5.771405090446037
0.05º,Cape,Clay,0.7567068735758463,-0.27609430612472846
0.05º,Cape,Clay,1.4797080357869465,0.44711960217326696
0.05º,Cape,Clay,1.1764280531141493,0.14375037810928035
0.05º,Cape,Clay,2.5804595947265625,1.548195061818785
0.05º,Cape,Clay,1.2642097473144531,0.23155790243672394
0.05º,Cape,Clay,1.092223882675171,0.05952143024434818
0.05º,Cape,Clay,0.30607011583116317,-0.7268636656020673
0.05º,Cape,Clay,0.9790452321370443,-0.053690523580523376
0.05º,Cape,Clay,0.6721046447753907,-0.3607214294814596
0.05º,Cape,Clay,0.8516963322957357,-0.18107689636313234
0.05º,Cape,Clay,1.5198535919189453,0.487276971301454
0.05º,Cape,Clay,2.594191687447684,1.5619311952650725
0.05º,Cape,Clay,0.49136098225911456,-0.5415182765691323
0.05º,Cape,Clay,0.39334646860758465,-0.6395616313973133
0.05º,Cape,Clay,0.8188604627336774,-0.21392242801582653
0.05º,Cape,Clay,1.139703220791287,0.10701473935238032
0.05º,Cape,Clay,0.960121578640408,-0.07261974544058919
0.05º,Cape,Clay,0.37201033698187935,-0.660904041268131
0.05º,Cape,Clay,1.848059790475028,0.8155797458910026
0.05º,Cape,Clay,0.7235984802246094,-0.3092124417578551
0.05º,Cape,Clay,0.37127325269911027,-0.6616413424410035
0.05º,Cape,Clay,2.98951598576137,1.9573718193911036
0.05º,Cape,Clay,0.8044136895073785,-0.22837345226499073
0.05º,Cape,Clay,1.0982084274291992,0.06550773597546038
0.05º,Cape,Clay,0.7605980767144097,-0.27220195798352287
0.05º,Cape,Clay,1.8542856640285916,0.821807451433649
0.05º,Cape,Clay,0.5803371005588107,-0.4525159766780574
0.05º,Cape,Clay,0.3179022471110026,-0.715028052668586
0.05º,Cape,Clay,0.40271547105577254,-0.6301898720813455
0.05º,Cape,Clay,0.013334274291992188,-1.0196856458752217
0.05º,Cape,Clay,0.7329853905571831,-0.29982276928803225
0.05º,Cape,Clay,1.058751318189833,0.02603901631825575
0.05º,Cape,Clay,1.4498953289455838,0.41729812281942186
0.05º,Cape,Clay,0.9180698394775391,-0.11468385850189931
0.05º,Cape,Clay,0.5563702053493924,-0.47648992424567
0.05º,Cape,Clay,0.9725157419840494,-0.06022193506304311
0.05º,Cape,Clay,1.3441637886895075,0.3115354706196495
0.05º,Cape,Clay,0.9230130513509115,-0.1097391920679567
0.05º,Cape,Clay,3.2022655275132923,2.170183963576967
0.05º,Cape,Clay,0.6939688788519965,-0.3388507617634076
0.05º,Cape,Clay,1.3703748914930556,0.3377542861487728
0.05º,Cape,Clay,0.7688004970550537,-0.26399712404671644
0.05º,Cape,Clay,0.8566758897569444,-0.1760958736465137
0.05º,Cape,Clay,0.6751980251736112,-0.3576271388432431
0.05º,Cape,Clay,2.4580105675591364,1.4257100035178896
0.05º,Cape,Clay,0.6667046017116971,-0.3661230615301934
0.05º,Cape,Clay,0.7592309315999349,-0.27356950538611075
0.05º,Cape,Clay,0.8442488776312934,-0.18852654247195952
0.05º,Cape,Clay,0.6128916210598416,-0.41995187687451724
0.05º,Cape,Clay,0.5480524698893229,-0.48481010723385354
0.05º,Cape,Clay,0.47083282470703125,-0.5620524746166098
0.05º,Cape,Clay,2.775725173950195,1.74351809874796
0.05º,Cape,Clay,0.2316204071044922,-0.801335281463927
0.05º,Cape,Clay,0.308860354953342,-0.7240726054404687
0.05º,Cape,Clay,0.29465293884277344,-0.7382842021420797
0.05º,Cape,Clay,0.6278678046332465,-0.40497128649705944
0.05º,Cape,Clay,0.7996480729844835,-0.23314047109028835
0.05º,Cape,Clay,0.6349894205729166,-0.397847574992399
0.05º,Cape,Clay,1.0675615734524198,0.034851864034948644
0.05º,Cape,Clay,0.23883295059204102,-0.7941206156555801
0.05º,Cape,Clay,0.8730191124810113,-0.15974784186146113
0.05º,Cape,Clay,1.2243008613586426,0.19163727312590484
0.05º,Cape,Clay,0.5194169150458442,-0.513454088207963
0.05º,Cape,Clay,0.6172599792480469,-0.4155822332788199
0.05º,Cape,Clay,0.6200406816270616,-0.4128007126666115
0.05º,Cape,Clay,1.2598823971218533,0.22722927890340466
0.05º,Cape,Clay,4.3201775550842285,3.2884249413927846
0.05º,Cape,Clay,1.309994591606988,0.2773562191093481
0.05º,Cape,Clay,0.8581439124213325,-0.1746274190103756
0.05º,Cape,Clay,1.0254745483398438,-0.007247545359105382
0.05º,Cape,Clay,1.5581811269124348,0.525615784330881
0.05º,Cape,Clay,0.8851447635226779,-0.14761862279674695
0.05º,Cape,Clay,0.3854554494222005,-0.6474549725477801
0.05º,Cape,Clay,0.9057070868355888,-0.1270502489350252
0.05º,Cape,Clay,0.3295341067843967,-0.7033927702723001
0.05º,Cape,Clay,0.9219861030578613,-0.11076644254479606
0.05º,Cape,Clay,1.1325450473361545,0.0998544595750571
0.05º,Cape,Clay,0.6346730126274956,-0.3981640760421686
0.05º,Cape,Clay,0.4453548855251736,-0.5875379107876099
0.05º,Cape,Clay,1.4781458112928603,0.44555691798815206
0.05º,Cape,Clay,1.2000906202528212,0.1674199080563511
0.05º,Cape,Clay,0.8786367416381836,-0.15412855969363917
0.05º,Cape,Clay,0.7338381873236762,-0.298969721582558
0.05º,Cape,Clay,1.4654189215766058,0.4328262833318795
0.05º,Cape,Clay,0.3766765594482422,-0.6562364457464783
0.05º,Cape,Clay,0.3491518232557509,-0.683769281206611
0.05º,Cape,Clay,0.6650981903076172,-0.3677299456274833
0.05º,Cape,Clay,0.4129749933878581,-0.6199273308423152
0.05º,Cape,Clay,0.7095184855990939,-0.3232965794801132
0.05º,Cape,Clay,1.2504389021131728,0.21778300510719964
0.05º,Cape,Clay,0.6905723147922092,-0.34224832527623933
0.05º,Cape,Clay,1.6865046289232042,0.6539770460636761
0.05º,Cape,Clay,0.4954547882080078,-0.5374232660008806
0.05º,Cape,Clay,1.8892611132727728,0.8567931923486504
0.05º,Cape,Clay,0.4697835710313585,-0.563102037039523
0.05º,Cape,Clay,1.7624967363145616,0.7299915144474184
0.05º,Cape,Clay,0.8941867828369141,-0.13857394283087246
0.05º,Cape,Clay,0.4239059024386936,-0.6089932053262122
0.05º,Cape,Clay,0.8580621083577474,-0.17470924714514519
0.05º,Cape,Clay,0.29182476467556423,-0.7411132085112528
0.05º,Cape,Clay,1.2519857618543837,0.21933032001829703
0.05º,Cape,Clay,0.651853985256619,-0.38097804784067973
0.05º,Cape,Clay,1.83648681640625,0.8040033664266656
0.05º,Cape,Clay,0.634892569647895,-0.3979444544162065
0.05º,Cape,Clay,1.576083289252387,0.5435232144562585
0.05º,Cape,Clay,0.7531180911593967,-0.2796841445552701
0.05º,Cape,Clay,2.137086656358507,1.1046916591270146
0.05º,Cape,Clay,0.682153065999349,-0.3506700514679322
0.05º,Cape,Clay,0.8779851065741645,-0.15478038650397516
0.05º,Cape,Clay,0.23164473639594185,-0.8013109450134824
0.05º,Cape,Clay,0.7414688534206815,-0.29133681013044493
0.05º,Cape,Clay,0.4230904049343533,-0.609808942794071
0.05º,Cape,Clay,1.3410630755954318,0.30843384512790173
0.05º,Cape,Clay,0.9157274034288194,-0.11702698382212945
0.05º,Cape,Clay,0.7887306213378906,-0.24406113524225198
0.05º,Cape,Clay,1.6109479268391926,0.578398111107095
0.05º,Cape,Clay,0.6216983795166016,-0.41114252699260084
0.05º,Cape,Clay,0.6021690368652344,-0.4306776162339403
0.05º,Cape,Clay,0.3566000196668837,-0.6763188931328312
0.05º,Cape,Clay,0.400257322523329,-0.6326487439341771
0.05º,Cape,Clay,1.2133496602376301,0.18068284956859898
0.05º,Cape,Clay,0.7261579301622179,-0.3066522386915004
0.05º,Cape,Clay,0.8347267574734158,-0.19805146455313738
0.05º,Cape,Clay,0.5890483856201172,-0.4438021282850365
0.05º,Cape,Clay,0.5907408396402994,-0.44210917625324814
0.05º,Cape,Clay,0.33329518636067706,-0.6996305839827748
0.05º,Cape,Clay,0.20217247009277345,-0.8307918836530948
0.05º,Cape,Clay,1.167832374572754,0.13515217025386791
0.05º,Cape,Clay,0.4346027374267578,-0.5982932227501427
0.05º,Cape,Clay,0.7323700057135688,-0.30043833521118596
0.05º,Cape,Clay,0.645348866780599,-0.38748508047475766
0.05º,Cape,Clay,0.23001639048258463,-0.8029397700743699
0.05º,Cape,Clay,0.4203474256727431,-0.6125527291886914
0.05º,Cape,Clay,0.3636132346259223,-0.6693036145062399
0.05º,Cape,Clay,1.0196908315022786,-0.013032964079308118
0.05º,Cape,Clay,1.2117472754584417,0.1790799932810517
0.05º,Cape,Clay,0.7383719550238715,-0.29443461980243657
0.05º,Cape,Clay,1.4817073610093858,0.44911951570543485
0.05º,Cape,Clay,1.052617073059082,0.019902966160465024
0.05º,Cape,Clay,0.7373252444797092,-0.2954816383455124
0.05º,Cape,Clay,1.4916619194878473,0.45907700335396373
0.05º,Cape,Clay,1.176056120130751,0.14337833568306088
0.05º,Cape,Clay,4.086337498256138,3.054516076159328
0.05º,Cape,Clay,0.5024049546983507,-0.5304710543952581
0.05º,Cape,Clay,0.7330076429578993,-0.299800510339455
0.05º,Cape,Clay,1.033125983344184,4.0614111167964757e-4
0.05º,Cape,Clay,1.1295110914442275,0.09681961092904122
0.05º,Cape,Clay,0.9392424689398872,-0.09350499890562775
0.05º,Cape,Clay,0.490422354804145,-0.5424571802191186
0.05º,Cape,Clay,2.3243469662136502,1.292007071104028
0.05º,Cape,Clay,0.26983070373535156,-0.763113741295004
0.05º,Cape,Clay,0.7611856460571289,-0.2716142157460906
0.05º,Cape,Clay,1.0453717973497179,0.012655558498710993
0.05º,Cape,Clay,2.6816045973036022,1.6493698267318098
0.05º,Cape,Clay,0.4901421864827474,-0.5427374309812054
0.05º,Cape,Clay,0.17993778652615017,-0.853033109867461
0.05º,Cape,Clay,1.1683718363444011,0.13569179076437607
0.05º,Cape,Clay,0.8402712080213759,-0.19250538252763663
0.05º,Cape,Clay,0.5611610412597656,-0.4716976786119849
0.05º,Cape,Clay,2.5644265280829535,1.5321572773789016
0.05º,Cape,Clay,0.9542145199245877,-0.07852854233290565
0.05º,Cape,Clay,0.313945558336046,-0.7189859057156047
0.05º,Cape,Clay,0.6711824205186632,-0.3616439251064948
0.05º,Cape,Clay,1.7760986751980252,0.7435974557577423
0.05º,Cape,Clay,1.3818927341037326,0.3492755179323488
0.05º,Cape,Clay,1.9383710225423176,0.9059175524124276
0.05º,Cape,Clay,1.0148849487304688,-0.017840261002031132
0.05º,Cape,Clay,0.2848377227783203,-0.7481023063745177
0.05º,Cape,Clay,2.00856441921658,0.976131603784426
0.05º,Cape,Clay,0.48900413513183594,-0.5438758172084409
0.05º,Cape,Clay,0.48238054911295575,-0.5505013522449442
0.05º,Cape,Clay,1.2847279442681208,0.2520821369548385
0.05º,Cape,Clay,0.8538718753390842,-0.17890071315723158
0.05º,Cape,Clay,0.9288758171929253,-0.10387470108280829
0.05º,Cape,Clay,0.8825409147474501,-0.1502232377652629
0.05º,Cape,Clay,0.5508706834581163,-0.4819910643940435
0.05º,Cape,Clay,0.7744524214002821,-0.25834353659933723
0.05º,Cape,Clay,1.0093732561383928,-0.023353575432483595
0.05º,Cape,Clay,0.7808430989583334,-0.2519509785579422
0.05º,Cape,Clay,1.3542001512315538,0.32157478640294784
0.05º,Cape,Clay,0.5445032119750977,-0.4883604095319222
0.05º,Cape,Clay,0.4181533389621311,-0.6147474615184066
0.05º,Cape,Clay,0.9101628197564019,-0.12259320489634297
0.05º,Cape,Clay,0.5081888834635416,-0.524685423685069
0.05º,Cape,Clay,1.2676202985975478,0.2349694572886613
0.05º,Cape,Clay,1.0339552561442058,0.0012356579286580557
0.05º,Cape,Clay,0.41183916727701825,-0.6210634911746932
0.05º,Cape,Clay,0.9075749715169271,-0.12518181462088196
0.05º,Cape,Clay,2.121611065334744,1.0892115143464876
0.05º,Cape,Clay,0.4478321075439453,-0.5850599598359978
0.05º,Cape,Clay,0.9977922439575195,-0.03493799537416354
0.05º,Cape,Clay,0.416010750664605,-0.6168906802814146
0.05º,Cape,Clay,0.8123048146565756,-0.22048000511953078
0.05º,Cape,Clay,0.8813266754150391,-0.15143783439262729
0.05º,Cape,Clay,0.8731772104899088,-0.15958969733156958
0.05º,Cape,Clay,0.40281592475043404,-0.6300893888277682
0.05º,Cape,Clay,1.167467541164822,0.13478722949219457
0.05º,Cape,Clay,1.2719009399414063,0.23925135822896712
0.05º,Cape,Clay,0.6031553480360243,-0.4296910148370027
0.05º,Cape,Clay,1.7229690551757812,0.690452202124726
0.05º,Cape,Clay,1.2316913604736328,0.1990299469258736
0.05º,Cape,Clay,1.0252884758843317,-0.007433672567208245
0.05º,Cape,Clay,0.4430781470404731,-0.5898153192120406
0.05º,Cape,Clay,0.5298069847954644,-0.5030609611372798
0.05º,Cape,Clay,0.791707780626085,-0.24108309991260463
0.05º,Cape,Clay,1.328976525200738,0.29634373821568766
0.05º,Cape,Clay,1.3201344807942708,0.28749909200102713
0.05º,Cape,Clay,0.818261464436849,-0.21452160257038505
0.05º,Cape,Clay,0.7948664029439291,-0.2379235481570595
0.05º,Cape,Clay,1.3552138010660808,0.3225887345081375
0.05º,Cape,Clay,0.4313968022664388,-0.6015001012701628
0.05º,Cape,Clay,0.5095091925726997,-0.5233647260694864
0.05º,Cape,Clay,0.56393920050727,-0.4689187018796139
0.05º,Cape,Clay,0.9490123324924045,-0.08373226053029005
0.05º,Cape,Clay,1.4762803713480632,0.44369092912992397
0.05º,Cape,Clay,0.6946235232883029,-0.3381959246952641
0.05º,Cape,Clay,0.3943452835083008,-0.6385625225911752
0.05º,Cape,Clay,1.8536886639065213,0.8212102756418198
0.05º,Cape,Clay,0.9067050086127387,-0.12605203351525857
0.05º,Cape,Clay,1.5535661909315321,0.5209994903859493
0.05º,Cape,Clay,1.000383800930447,-0.032345675824861586
0.05º,Cape,Clay,0.8796645270453559,-0.1531004718563534
0.05º,Cape,Clay,1.0828099250793457,0.050104702552504626
0.05º,Cape,Clay,0.407840092976888,-0.62506374221900185
0.05º,Cape,Clay,0.35499212476942277,-0.6779272611600262
0.05º,Cape,Clay,1.0468887752956815,0.014172982821719044
0.05º,Cape,Clay,0.5080297258165147,-0.5248446281648927
0.05º,Cape,Clay,0.7003657023111979,-0.33245205601240563
0.05º,Cape,Clay,1.3690249125162761,0.33640390993508734
0.05º,Cape,Clay,0.42771297030978733,-0.6051850172096271
0.05º,Cape,Clay,2.685949683189392,1.6537161911771203
0.05º,Cape,Clay,0.7827324337429471,-0.25006108782874187
0.05º,Cape,Clay,0,-1.0330238438326593
0.05º,Cape,Clay,1.1447173754374187,0.11203036943428701
0.05º,Cape,Clay,0.5407591925726997,-0.49210553062753837
0.05º,Cape,Clay,0.5580560896131728,-0.4748035439034615
0.05º,Cape,Clay,0.45601844787597656,-0.5768712106394132
0.05º,Cape,Clay,1.0403540399339464,0.007636324587034676
0.05º,Cape,Clay,0.8387807210286459,-0.19399630810233837
0.05º,Cape,Clay,1.6105391184488933,0.5779891824232335
0.05º,Cape,Clay,0.594808366563585,-0.43804045244331624
0.05º,Cape,Clay,0.5134404500325521,-0.5194323118208418
0.05º,Cape,Clay,0.6247545878092448,-0.4080854193980077
0.05º,Cape,Clay,0.7688215043809679,-0.2639761105393096
0.05º,Cape,Clay,1.3009556664360895,0.26831463419727586
0.05º,Cape,Clay,0.5559654235839844,-0.47689482511978926
0.05º,Cape,Clay,0.027313868204752605,-1.0057019384090442
0.05º,Cape,Clay,1.369535658094618,0.3369148058024314
0.05º,Cape,Clay,0.66866135597229,-0.3641657314865538
0.05º,Cape,Clay,0.8443887498643663,-0.18838662908090267
0.05º,Cape,Clay,2.235945701599121,1.203579794051198
0.05º,Cape,Clay,0.9042913648817275,-0.12846638747093583
0.05º,Cape,Clay,0.9369233846664429,-0.09582476557922594
0.05º,Cape,Clay,0.4005686442057292,-0.6323373306440823
0.05º,Cape,Clay,0.4167131847805447,-0.6161880394713265
0.05º,Cape,Clay,0.5395922131008573,-0.4932728534879244
0.05º,Cape,Clay,0.3569003211127387,-0.6760185033220318
0.05º,Cape,Clay,0.7205291324191623,-0.31228269273160825
0.05º,Cape,Clay,0.5306993212018695,-0.5021683621571909
0.05º,Cape,Clay,0.9381243387858073,-0.09462345807413716
0.05º,Cape,Clay,0.2600604163275825,-0.7728869036503146
0.05º,Cape,Clay,2.6158641815185546,1.5836100665570982
0.05º,Cape,Clay,0.7654784066336495,-0.2673201920069883
0.05º,Cape,Clay,0.44625748528374565,-0.5866350454353201
0.05º,Cape,Clay,0.5855630238850912,-0.4472885156021906
0.05º,Cape,Clay,0.9651605818006728,-0.0675792595327713
0.05º,Cape,Clay,1.1105389065212674,0.07784184336207842
0.05º,Cape,Clay,1.6356334686279297,0.6030909167187593
0.05º,Cape,Clay,0.2942708333333333,-0.7386664200876488
0.05º,Cape,Clay,0.6719970703125,-0.36082903559858154
0.05º,Cape,Clay,0.9850179884168837,-0.04771600979240747
0.05º,Cape,Clay,1.7485025193956163,0.7159931796721759
0.05º,Cape,Clay,0.19406361050075954,-0.838903129310633
0.05º,Cape,Clay,1.1154185401068792,0.0827229128000859
0.05º,Cape,Clay,0.3435842725965712,-0.6893384701406348
0.05º,Cape,Clay,0.5540279812282987,-0.47883283757591366
0.05º,Cape,Clay,1.702847374810113,0.6703246008712593
0.05º,Cape,Clay,1.2754751841227214,0.24282665414643834
0.05º,Cape,Clay,0.3458944956461589,-0.687027567298345
0.05º,Cape,Clay,2.398645930820041,1.3663278984885256
0.05º,Cape,Clay,1.2311973571777344,0.198535798267459
0.05º,Cape,Clay,2.5968856811523438,1.5646259816885393
0.05º,Cape,Clay,2.2500743865966797,1.217712636472843
0.05º,Cape,Clay,0.5531611972384982,-0.4796998766204936
0.05º,Cape,Clay,1.0771005153656006,0.04439361282130094
0.05º,Cape,Clay,0.7963578965928819,-0.23643161562992218
0.05º,Cape,Clay,1.4936669667561848,0.46108264061576554
0.05º,Cape,Clay,2.3947075737847223,1.3623883825753351
0.05º,Cape,Clay,1.8719365861680772,0.8394635674300902
0.05º,Cape,Clay,0.4911537170410156,-0.5417256027758802
0.05º,Cape,Clay,1.7940231959025066,0.7615272508266904
0.05º,Cape,Clay,1.934932327270508,0.9024778452902898
0.05º,Cape,Clay,0.9767449696858724,-0.05599146289344997
0.05º,Cape,Clay,0.19397354125976562,-0.8389932250548743
0.05º,Cape,Clay,0.8115895589192709,-0.221195471323799
0.05º,Cape,Clay,0.675041675567627,-0.3577835344557465
0.05º,Cape,Clay,3.9556201934814452,2.92376030727623
0.05º,Cape,Clay,0.8943413628472222,-0.138419317334756
0.05º,Cape,Clay,0.4369840621948242,-0.595911197267399
0.05º,Cape,Clay,0.5025081634521484,-0.530367815271857
0.05º,Cape,Clay,0.9510974884033203,-0.08164649105360999
0.05º,Cape,Clay,1.0436108907063801,0.0108941337012992
0.05º,Cape,Clay,0.3710043165418837,-0.6619103577338084
0.05º,Cape,Clay,0.7155077192518446,-0.3173055834705507
0.05º,Cape,Clay,1.245873318778144,0.21321607833036224
0.05º,Cape,Clay,0.7204421361287435,-0.3123697146210458
0.05º,Cape,Clay,0.6890847342354911,-0.34373634355969823
0.05º,Cape,Clay,1.1644890308380127,0.1318078427263835
0.05º,Cape,Clay,1.26764890882704,0.23499807593683203
0.05º,Cape,Clay,2.677437358432346,1.6452013616332533
0.05º,Cape,Clay,0.4171824985080295,-0.6157185876463335
0.05º,Cape,Clay,2.2226806216769748,1.1903108108243363
0.05º,Cape,Clay,1.024899164835612,-0.007823098172316632
0.05º,Cape,Clay,0.8807277679443359,-0.15203691809433453
0.05º,Cape,Clay,0.45642725626627606,-0.5764622819555514
0.05º,Cape,Clay,1.3099536895751953,0.27731530504196317
0.05º,Cape,Clay,1.885968844095866,0.8534999544079005
0.05º,Cape,Clay,1.338691817389594,0.3060618891695144
0.05º,Cape,Clay,0.4998524983723958,-0.53302426179206
0.05º,Cape,Clay,0.9582778082953559,-0.07446405832270286
0.05º,Cape,Clay,0.2855839729309082,-0.7473558366347313
0.05º,Cape,Clay,1.4031556447347004,0.37054468526284795
0.05º,Cape,Clay,2.472561518351237,1.4402652359875356
0.05º,Cape,Clay,0.4699215359157986,-0.5629640315583441
0.05º,Cape,Clay,0.883753912789481,-0.14900988279353347
0.05º,Cape,Clay,1.3963019053141277,0.36368892910106015
0.05º,Cape,Clay,0.5033298068576388,-0.529545930094391
0.05º,Cape,Clay,0.748777813381619,-0.2840256994777628
0.05º,Cape,Clay,0.7651244269476997,-0.2676742758529271
0.05º,Cape,Clay,0.8075798882378472,-0.2252063218674301
0.05º,Cape,Clay,0.9737915462917752,-0.05894575534461497
0.05º,Cape,Clay,0.5360308753119575,-0.4968352392152208
0.05º,Cape,Clay,2.7044009102715387,1.672172847609267
0.05º,Cape,Clay,0.8135984208848741,-0.219186018242241
0.05º,Cape,Clay,0.4426557752821181,-0.5902378152550352
0.05º,Cape,Clay,1.1741259892781575,0.14144763688146883
0.05º,Cape,Clay,0.3880820804172092,-0.6448275686557207
0.05º,Cape,Clay,0.2086327870686849,-0.8243296657021522
0.05º,Cape,Clay,0.9716144137912326,-0.06112352847541431
0.05º,Cape,Clay,0.8743131425645616,-0.1584534310041984
0.05º,Cape,Clay,0.42796940273708767,-0.6049285093260228
0.05º,Cape,Clay,1.522391637166341,0.48981576337917726
0.05º,Cape,Clay,0.7688128153483073,-0.2639848021287541
0.05º,Cape,Clay,0.848456170823839,-0.18431801126596406
0.05º,Cape,Clay,0.6789126925998263,-0.3539113783607503
0.05º,Cape,Clay,0.6150663163926866,-0.41777654162856226
0.05º,Cape,Clay,1.2663514614105225,0.23370024674103776
0.05º,Cape,Clay,1.1341270870632596,0.10143696482390528
0.05º,Cape,Clay,1.1991589864095051,0.1664880000759175
0.05º,Cape,Clay,0.4692825741238064,-0.5636031813674904
0.05º,Cape,Clay,0.7626775105794271,-0.2701219122364769
0.05º,Cape,Clay,1.6548921797010634,0.6223552947474024
0.05º,Cape,Clay,0.68740081787109375,-0.3454207554234612
0.05º,Cape,Clay,1.1673461066351996,0.13466575922995866
0.05º,Cape,Clay,0.966871976852417,-0.06586736089594392
0.05º,Cape,Clay,0.8762772878011068,-0.1564887078097812
0.05º,Cape,Clay,0.4231332143147786,-0.6097661208168083
0.05º,Cape,Clay,1.7331352233886719,0.7006213617747249
0.05º,Cape,Clay,0.7699873182508681,-0.26280995362384896
0.05º,Cape,Clay,0.9889600541856554,-0.04377278405445399
0.05º,Cape,Clay,0.577124277750651,-0.45572974487263695
0.05º,Cape,Clay,0.5815052456325955,-0.45134748787274576
0.05º,Cape,Clay,3.688778665330675,2.656840259900454
0.05º,Cape,Clay,0.3388989766438802,-0.694025144761068
0.05º,Cape,Clay,0.5021184285481771,-0.5307576648569382
0.05º,Cape,Clay,1.1663810185023717,0.13370038711595003
0.05º,Cape,Clay,0.7403892940945096,-0.29241668712142044
0.05º,Cape,Clay,1.280467563205295,0.24782050225723715
0.05º,Cape,Clay,0.6920479668511285,-0.34077223900058906
0.05º,Cape,Clay,0.9504102071126302,-0.0823339745796668
0.05º,Cape,Clay,1.1563843621148004,0.12370078917082718
0.05º,Cape,Clay,1.7319219377305772,0.6994077191022996
0.05º,Cape,Clay,1.0989695654975042,0.06626909801179488
0.05º,Cape,Clay,0.6056349012586806,-0.42721073199553955
0.05º,Cape,Clay,3.102912357875279,2.0708015588572337
0.05º,Cape,Clay,0.1825575828552246,-0.8504125426524646
0.05º,Cape,Clay,0.7592792510986328,-0.2735211716692002
0.05º,Cape,Clay,0.7275282541910807,-0.3052815114391157
0.05º,Cape,Clay,1.1667484707302518,0.13406794746817025
0.05º,Cape,Clay,0.661765628390842,-0.37106348816440715
0.05º,Cape,Clay,0.4892711639404297,-0.5436087098255141
0.05º,Cape,Clay,0.6148003472222222,-0.4180425890615568
0.05º,Cape,Clay,0.618602434794108,-0.4142393827096534
0.05º,Cape,Clay,1.450530793931749,0.4179337747937917
0.05º,Cape,Clay,2.3188610076904297,1.2865194983147872
0.05º,Cape,Clay,0.7083365122477213,-0.3244789006320406
0.05º,Cape,Clay,1.3237232632107205,0.29108893043156886
0.05º,Cape,Clay,0.9138058556450738,-0.11894909702927017
0.05º,Cape,Clay,0.47478273179796004,-0.5581014052491577
0.05º,Cape,Clay,0.3203428056504991,-0.7125867759846297
0.05º,Cape,Clay,1.4773106045193143,0.4447214654515532
0.05º,Cape,Clay,0.4265098571777344,-0.6063884843627029
0.05º,Cape,Clay,1.5135854085286458,0.48100694347222694
0.05º,Cape,Clay,0.7868612077501085,-0.24593109891272608
0.05º,Cape,Clay,0.569382803780692,-0.46347349680337946
0.05º,Cape,Clay,0.4427996741400825,-0.5900938740542357
0.05º,Cape,Clay,0.8620247311062283,-0.17074545837850602
0.05º,Cape,Clay,0.2739601135253906,-0.7589831164090288
0.05º,Cape,Clay,1.2816317876180012,0.24898506924779934
0.05º,Cape,Clay,0.7412539588080512,-0.2915517679767051
0.05º,Cape,Clay,1.02647950914171,-0.006242288843360252
0.05º,Cape,Clay,1.3828372955322266,0.3502203573019558
0.05º,Cape,Clay,2.2047819561428494,1.1724068785337352
0.05º,Cape,Clay,0.5793369838169643,-0.45351638770839786
0.05º,Cape,Clay,0.8829405042860243,-0.1498235306458117
0.05º,Cape,Clay,0.5085589090983073,-0.5243152891687275
0.05º,Cape,Clay,0.8655687967936198,-0.16720034983510537
0.05º,Cape,Clay,0.913979000515408,-0.11877590121034058
0.05º,Cape,Clay,0.3396640353732639,-0.693259860909984
0.05º,Cape,Clay,0.7874537573920356,-0.24533837491061228
0.05º,Cape,Clay,0.9892156389024522,-0.043517124130795476
0.05º,Cape,Clay,0.9019112057156033,-0.130847247008754
0.05º,Cape,Clay,1.0739349789089627,0.041227144892448
0.05º,Cape,Clay,0.47569031185574,-0.5571935581321862
0.05º,Cape,Clay,0.8879822625054253,-0.14478028886817
0.05º,Cape,Clay,0.4699624379475911,-0.5629231174909595
0.05º,Cape,Clay,0.6629098256429037,-0.3699189542275643
0.05º,Cape,Clay,0.8535402086046007,-0.17923247748602555
0.05º,Cape,Clay,0.4263190163506402,-0.6065793813455009
0.05º,Cape,Clay,0.7830630408393012,-0.24973038344988013
0.05º,Cape,Clay,0.2674494849310981,-0.7654956607827544
0.05º,Cape,Clay,1.1649075614081488,0.13222649645087353
0.05º,Cape,Clay,0.4650740623474121,-0.5678129315159081
0.05º,Cape,Clay,0.7701276143391927,-0.26266961625281915
0.05º,Cape,Clay,0.8704376220703125,-0.16233009188640665
0.05º,Cape,Clay,0.19260470072428384,-0.8403624683773538
0.05º,Cape,Clay,0.6800571017795138,-0.3527666324339212
0.05º,Cape,Clay,0.7372452872140067,-0.29556161913897144
0.05º,Cape,Clay,0.44402482774522567,-0.5888683599425691
0.05º,Cape,Clay,0.6331583658854166,-0.3996791684753256
0.05º,Cape,Clay,0.3771379258897569,-0.655774943545977
0.05º,Cape,Clay,1.3057600657145183,0.27312044719009376
0.05º,Cape,Clay,0.5372127956814237,-0.49565297106079
0.05º,Cape,Clay,0.42060618930392796,-0.6122938894152362
0.05º,Cape,Clay,1.2152610354953342,0.18259478725639014
0.05º,Cape,Clay,0.30373658074273,-0.7291978873428665
0.05º,Cape,Clay,0.412386417388916,-0.6205160800321832
0.05º,Cape,Clay,0.9444556766086154,-0.08829025722894812
0.05º,Cape,Clay,0.8811001247829862,-0.1516644516881421
0.05º,Cape,Clay,1.5206470489501953,0.48807066181072223
0.05º,Cape,Clay,1.0182183980941772,-0.014505830757039094
0.05º,Cape,Clay,0.9446724785698785,-0.0880733914728099
0.05º,Cape,Clay,1.00929684109158,-0.02343001296474054
0.05º,Cape,Clay,1.2495168050130208,0.21686063667615627
0.05º,Cape,Clay,1.7788458930121527,0.7463454819520915
0.05º,Cape,Clay,1.0035810470581055,-0.02914748889428608
0.05º,Cape,Clay,1.1249409781561956,0.09224815286624347
0.05º,Cape,Clay,0.27761688232421877,-0.7553252715908341
0.05º,Cape,Clay,0.6917572021484375,-0.3410630892619982
0.05º,Cape,Clay,0.49731402926974827,-0.5355634778497562
0.05º,Cape,Clay,0.8908454047309028,-0.14191630415123258
0.05º,Cape,Clay,0.5414839850531684,-0.4913805248738799
0.05º,Cape,Clay,1.8675303988986545,0.8350560836218115
0.05º,Cape,Clay,0.6206391652425131,-0.4122020529448771
0.05º,Cape,Clay,0.6309473249647353,-0.40189086000395674
0.05º,Cape,Clay,0.5053541395399306,-0.527521001743822
0.05º,Cape,Clay,0.6244454383850098,-0.40839465979074135
0.05º,Cape,Clay,0.6884444100516183,-0.3443768561616146
0.05º,Cape,Clay,0.7246824900309244,-0.3081281129771642
0.05º,Cape,Clay,0.710225847032335,-0.32258900990284023
0.05º,Cape,Clay,1.9819777806599934,0.9495371419993134
0.05º,Cape,Clay,1.4523417154947917,0.41974522922800567
0.05º,Cape,Clay,1.0877774556477864,0.05507369483739226
0.05º,Cape,Clay,0.7467818790011935,-0.2860222211701475
0.05º,Cape,Clay,1.781781726413303,0.7492821792343812
0.05º,Cape,Clay,0.9920084211561415,-0.0407235200893594
0.05º,Cape,Clay,0.3137344784206814,-0.7191970477421087
0.05º,Cape,Clay,0.5225257873535156,-0.510344301101737
0.05º,Cape,Clay,0.8766676584879557,-0.15609822225474065
0.05º,Cape,Clay,0.6191279093424479,-0.413713753538251
0.05º,Cape,Clay,0.4637497795952691,-0.5691376039437365
0.05º,Cape,Clay,1.7693619198269315,0.7368587180684747
0.05º,Cape,Clay,1.552273644341363,0.5197065634585917
0.05º,Cape,Clay,0.6280252668592665,-0.4048137779371272
0.05º,Cape,Clay,0.891285154554579,-0.14147642492934914
0.05º,Cape,Clay,0.8766345977783203,-0.1561312926926268
0.05º,Cape,Clay,1.2513561248779297,0.21870049776855452
0.05º,SWA,Clay,0.4768252902560764,-0.5560582457597542
0.05º,SWA,Clay,0.904865476820204,-0.1278921065976432
0.05º,SWA,Clay,6.765207555558947,5.734174402073281
0.05º,SWA,Clay,0.6563998328314887,-0.37643086263133063
0.05º,SWA,Clay,0.9162589179144965,-0.1164953129361132
0.05º,SWA,Clay,0.38269297281901044,-0.6502182620211536
0.05º,SWA,Clay,3.525686808994838,2.4937004131103087
0.05º,SWA,Clay,0.7243073781331381,-0.30850333525318036
0.05º,SWA,Clay,0.41644541422526044,-0.6164558888192059
0.05º,SWA,Clay,0.5904233720567491,-0.44242673725294995
0.05º,SWA,Clay,0.8653939565022787,-0.16737524157392644
0.05º,SWA,Clay,3.0506677627563477,2.0185415905497734
0.05º,SWA,Clay,0.5403190188937717,-0.49254583382939476
0.05º,SWA,Clay,0.5069236755371094,-0.5259510039041745
0.05º,SWA,Clay,0.21145078870985243,-0.8215108348523287
0.05º,SWA,Clay,0.7032051086425781,-0.3296118141739506
0.05º,SWA,Clay,0.774595684475369,-0.2582002313684971
0.05º,SWA,Clay,1.1467946370442708,0.11410824228397161
0.05º,SWA,Clay,0.30303531222873265,-0.7298993622080291
0.05º,SWA,Clay,0.9762590196397569,-0.056477555932379526
0.05º,SWA,Clay,0.4091917673746745,-0.6237116700854246
0.05º,SWA,Clay,0.34969668918185765,-0.6832242549514485
0.05º,SWA,Clay,0.4685715569390191,-0.5643144077720297
0.05º,SWA,Clay,0.269420411851671,-0.7635241539087709
0.05º,SWA,Clay,0.349360360039605,-0.6835606830599443
0.05º,SWA,Clay,0.29750315348307294,-0.7354331488143157
0.05º,SWA,Clay,1.3320755428738065,0.29944366778754367
0.05º,SWA,Clay,1.6310078757149833,0.5984639627059375
0.05º,SWA,Clay,0.5328159332275391,-0.50005112730966494
0.05º,SWA,Clay,0.4248517354329427,-0.6080470940166866
0.05º,SWA,Clay,1.6274674733479817,0.5949225185608739
0.05º,SWA,Clay,0.12463781568739149,-0.90834935295171
0.05º,SWA,Clay,0.782125261094835,-0.2506684391399207
0.05º,SWA,Clay,2.10649045308431,1.0740864527932643
0.05º,SWA,Clay,1.862290276421441,0.8298144192168528
0.05º,SWA,Clay,2.238007015652127,1.2056417146544025
0.05º,SWA,Clay,0.6571320427788628,-0.37569843722814644
0.05º,SWA,Clay,0.5092271169026693,-0.5236468847414512
0.05º,SWA,Clay,1.3922256893581815,0.35961151370168387
0.05º,SWA,Clay,0.629802491929796,-0.4030360299107589
0.05º,SWA,Clay,0.63143433464898,-0.40140370701509503
0.05º,SWA,Clay,0.29744529724121094,-0.7354910220806166
0.05º,SWA,Clay,1.7266038258870442,0.6940880423823271
0.05º,SWA,Clay,1.744086159600152,0.7115755203445477
0.05º,SWA,Clay,0.757159948348999,-0.27564109803244696
0.05º,SWA,Clay,0.7610621982150607,-0.27173769991319774
0.05º,SWA,Clay,0.42585039138793945,-0.6070481442030382
0.05º,SWA,Clay,0.5481383005777994,-0.4847242512893413
0.05º,SWA,Clay,4.2134790950351295,3.181695084879835
0.05º,SWA,Clay,6.274419784545898,5.243242214725603
0.05º,SWA,Clay,0.601747088962131,-0.431099688296962
0.05º,SWA,Clay,0.5395469665527344,-0.49331811335003145
0.05º,SWA,Clay,0.3659890492757161,-0.666927100763144
0.05º,SWA,Clay,0.30953492058648,-0.7233978413135989
0.05º,SWA,Clay,0.789375729031033,-0.24341583772349862
0.05º,SWA,Clay,1.1469200981987848,0.11423374035595009
0.05º,SWA,Clay,0.5846917894151475,-0.44816000643648596
0.05º,SWA,Clay,0.42787954542371964,-0.6050183930802775
0.05º,SWA,Clay,0.4083131154378255,-0.6245905805692458
0.05º,SWA,Clay,0.7226585812038846,-0.3101526173477601
0.05º,SWA,Clay,0.8306778801812066,-0.2021015332442617
0.05º,SWA,Clay,0.9092364841037326,-0.12351981312711527
0.05º,SWA,Clay,3.7503402498033314,2.71841995912435
0.05º,SWA,Clay,0.5411629146999783,-0.4917016897033514
0.05º,SWA,Clay,0.34762340121799046,-0.6852981529888873
0.05º,SWA,Clay,0.27965378761291504,-0.753287766934319
0.05º,SWA,Clay,0.44795820448133683,-0.5849338257940601
0.05º,SWA,Clay,2.698728084564209,1.666498352649474
0.05º,SWA,Clay,2.1716704898410373,1.1392856690458049
0.05º,SWA,Clay,0.5545853508843316,-0.47827530391155065
0.05º,SWA,Clay,0.6842965020073785,-0.3485259847449785
0.05º,SWA,Clay,0.7678803337944878,-0.26491755806913336
0.05º,SWA,Clay,0.7352954319545201,-0.29751204815144516
0.05º,SWA,Clay,0.4047698974609375,-0.6281348411527007
0.05º,SWA,Clay,0.9197302924262153,-0.11302291695806478
0.05º,SWA,Clay,0.24509281582302517,-0.7878589084333212
0.05º,SWA,Clay,0.7916940053304037,-0.2410968792617238
0.05º,SWA,Clay,0.9108299679226346,-0.1219258604189988
0.05º,SWA,Clay,1.0700327555338542,0.03732377327194706
0.05º,SWA,Clay,1.803373548719618,0.7708803550238507
0.05º,SWA,Clay,2.029342863294813,0.9969161620059005
0.05º,SWA,Clay,0.38329166836208767,-0.6496193903094328
0.05º,SWA,Clay,0.8780727386474609,-0.15469272864457817
0.05º,SWA,Clay,0.2543337080213759,-0.7786152970641623
0.05º,SWA,Clay,0.46573490566677517,-0.5671518937406608
0.05º,SWA,Clay,0.593303468492296,-0.4395457933370966
0.05º,SWA,Clay,0.5560633341471354,-0.47679688574604945
0.05º,SWA,Clay,0.42458682590060765,-0.6083120814997488
0.05º,SWA,Clay,3.858400026957194,2.8265115333152604
0.05º,SWA,Clay,0.13079516092936197,-0.9021901958853964
0.05º,SWA,Clay,0.6682506137424045,-0.36457659457904196
0.05º,SWA,Clay,0.8357933892144097,-0.1969845189513354
0.05º,SWA,Clay,0.6459117465549045,-0.38692203507074696
0.05º,SWA,Clay,0.7238506740993924,-0.30896017367397977
0.05º,SWA,Clay,0.39613893296983504,-0.636768345340857
0.05º,SWA,Clay,1.6667529212103949,0.6342195263290541
0.05º,SWA,Clay,0.3092636532253689,-0.7236691884962546
0.05º,SWA,Clay,0.6369156307644315,-0.39592079800555624
0.05º,SWA,Clay,0.2482645246717665,-0.7846862662961129
0.05º,SWA,Clay,0.5080848269992404,-0.5247895107684158
0.05º,SWA,Clay,0.5218423207600912,-0.5110279688080378
0.05º,SWA,Clay,1.5776492224799261,0.5450896084661364
0.05º,SWA,Clay,0.25779469807942706,-0.77515328859545
0.05º,SWA,Clay,0.6255961524115669,-0.4072436071618153
0.05º,SWA,Clay,1.615385479397244,0.5828369694333684
0.05º,SWA,Clay,0.6164232889811198,-0.4164191697453239
0.05º,SWA,Clay,1.1020567152235243,0.06935715614440988
0.05º,SWA,Clay,1.8339784410264757,0.8014942529470452
0.05º,SWA,Clay,0.818521711561415,-0.21426127886702465
0.05º,SWA,Clay,0.3229605356852214,-0.7099682756720012
0.05º,SWA,Clay,2.0272379981146917,0.9948106774604808
0.05º,SWA,Clay,0.5546287960476346,-0.4782318459643284
0.05º,SWA,Clay,0.8258800506591797,-0.20690077454749967
0.05º,SWA,Clay,0.4945793151855469,-0.538298996634905
0.05º,SWA,Clay,0.859657711452908,-0.17311317453716432
0.05º,SWA,Clay,0.5295679304334853,-0.5033000858419953
0.05º,SWA,Clay,0.6125178866916232,-0.4203257212156216
0.05º,SWA,Clay,2.0867337120903864,1.054323898296464
0.05º,SWA,Clay,1.0134141710069444,-0.019311471507993068
0.05º,SWA,Clay,1.0645603603786893,0.0318497678418392
0.05º,SWA,Clay,2.066308339436849,1.0338925153924148
0.05º,SWA,Clay,1.3467788696289062,0.31415132105744725
0.05º,SWA,Clay,1.0914808909098308,0.058778219850603414
0.05º,SWA,Clay,2.227712207370334,1.1953438770826283
0.05º,SWA,Clay,0.38847393459743923,-0.6444355991707749
0.05º,SWA,Clay,4.371472358703613,3.3397348387206147
0.05º,SWA,Clay,1.2683648003472223,0.23571417811105966
0.05º,SWA,Clay,0.40176624721950954,-0.6311393752306542
0.05º,SWA,Clay,0.6271302964952257,-0.4057090116499049
0.05º,SWA,Clay,1.3574407365587022,0.3248163252857524
0.05º,SWA,Clay,0.7850892808702257,-0.24770354718943322
0.05º,SWA,Clay,0.7667751312255859,-0.2660230858484693
0.05º,SWA,Clay,0.411784913804796,-0.6211177606112245
0.05º,SWA,Clay,4.5930358341762,3.5613635101636496
0.05º,SWA,Clay,0.61001099480523,-0.4228333507653368
0.05º,SWA,Clay,0.646974139743381,-0.3858593292686739
0.05º,SWA,Clay,0.32717323303222656,-0.7057543387213513
0.05º,SWA,Clay,0.7626414828830295,-0.2701579505341735
0.05º,SWA,Clay,0.5775148603651259,-0.4553390473276098
0.05º,SWA,Clay,0.9544198777940538,-0.07832312403603583
0.05º,SWA,Clay,0.520112567477756,-0.5127582310774415
0.05º,SWA,Clay,0.7305425008138021,-0.3022663778618395
0.05º,SWA,Clay,0.560073004828559,-0.47278603520241835
0.05º,SWA,Clay,0.5346469879150391,-0.4982195338267383
0.05º,SWA,Clay,3.93190156088935,2.900034695378244
0.05º,SWA,Clay,0.3059520721435547,-0.7269817440245199
0.05º,SWA,Clay,1.1228018866644964,0.09010843193801198
0.05º,SWA,Clay,0.6051854027642144,-0.4276603627567997
0.05º,SWA,Clay,0.6559181213378906,-0.37691271587053116
0.05º,SWA,Clay,1.4683064354790583,0.4357146468972588
0.05º,SWA,Clay,0.2901713053385417,-0.7427671543855344
0.05º,SWA,Clay,0.44440057542588973,-0.5884925016965936
0.05º,SWA,Clay,0.6069308386908637,-0.4259144132283988
0.05º,SWA,Clay,1.102294709947374,0.069595220899193
0.05º,SWA,Clay,1.1880302429199219,0.15535598190746341
0.05º,SWA,Clay,1.0343649122450087,0.0016454345724655525
0.05º,SWA,Clay,0.5297529432508681,-0.5031150185838245
0.05º,SWA,Clay,0.8023317125108507,-0.230456041891874
0.05º,SWA,Clay,0.59079466925727,-0.4420553307966898
0.05º,SWA,Clay,1.1354153951009114,0.10272565195153374
0.05º,SWA,Clay,5.219206174214681,4.187718103418496
0.05º,SWA,Clay,2.6081383228302,1.5758819345028217
0.05º,SWA,Clay,0.3436501820882161,-0.6892725412548489
0.05º,SWA,Clay,0.36140802171495223,-0.6715094763102437
0.05º,SWA,Clay,0.9643001556396484,-0.06843993887775769
0.05º,SWA,Clay,0.8734732733832465,-0.1592935473204991
0.05º,SWA,Clay,0.1817440456814236,-0.8512263192129489
0.05º,SWA,Clay,1.5773063235812717,0.5447466086680606
0.05º,SWA,Clay,1.1454313066270616,0.11274451070113982
0.05º,SWA,Clay,0.9044411977132162,-0.12831651055051577
0.05º,SWA,Clay,1.040260950724284,0.0075432079854866815
0.05º,SWA,Clay,3.683220545450846,2.6512805045208268
0.05º,SWA,Clay,0.6702531178792318,-0.36257350119707726
0.05º,SWA,Clay,0.434811274210612,-0.598084624603476
0.05º,SWA,Clay,0.4006843566894531,-0.6322215841114808
0.05º,SWA,Clay,0.2752566867404514,-0.7576861616719287
0.05º,SWA,Clay,0.6390777164035373,-0.39375807616379505
0.05º,SWA,Clay,0.503013186984592,-0.529862643134147
0.05º,SWA,Clay,0.3980558183458116,-0.6348508959134181
0.05º,SWA,Clay,0.38578754001193577,-0.6471227842390131
0.05º,SWA,Clay,0.7021484375,-0.3306687962463895
0.05º,SWA,Clay,0.47702916463216144,-0.5558543113927894
0.05º,SWA,Clay,1.5991679297553167,0.5666146477102805
0.05º,SWA,Clay,0.7224191029866537,-0.31039216603244846
0.05º,SWA,Clay,0.44766320122612846,-0.5852289158551983
0.05º,SWA,Clay,1.113138198852539,0.08044190054588568
0.05º,SWA,Clay,2.4641192299979076,1.4318204634558875
0.05º,SWA,Clay,0.4397860633002387,-0.5931083716615525
0.05º,SWA,Clay,4.363726479666574,3.3319866804265823
0.05º,SWA,Clay,0.5260039435492622,-0.5068651214441222
0.05º,SWA,Clay,1.0287560356987848,-0.003965092408915916
0.05º,SWA,Clay,0.45292091369628906,-0.5799696562813641
0.05º,SWA,Clay,0.5814410315619575,-0.45141172083864006
0.05º,SWA,Clay,0.5802423689100478,-0.4526107362020004
0.05º,SWA,Clay,0.7928816477457682,-0.23990888737765895
0.05º,SWA,Clay,1.2668020460340712,0.23415096395097845
0.05º,SWA,Clay,4.442925771077474,3.41120927655705
0.05º,SWA,Clay,0.30343013339572483,-0.729504424863273
0.05º,SWA,Clay,0.593507342868381,-0.4393418589701319
0.05º,SWA,Clay,0.7687276204427084,-0.2640700221033068
0.05º,SWA,Clay,0.5703788333468967,-0.46247717415134904
0.05º,SWA,Clay,0.5582014719645182,-0.474658118772757
0.05º,SWA,Clay,0.5855393409729004,-0.4473122054831764
0.05º,SWA,Clay,0.4158651563856337,-0.6170363174021055
0.05º,SWA,Clay,0.9441572825113932,-0.08858873912986949
0.05º,SWA,Clay,5.382550981309679,4.35111097539961
0.05º,SWA,Clay,0.7422553168402778,-0.2905501152907296
0.05º,SWA,Clay,0.5862147013346354,-0.4466366463938574
0.05º,SWA,Clay,0.734428950718471,-0.29837878435318715
0.05º,SWA,Clay,0.2879401312934028,-0.7449989849628784
0.05º,SWA,Clay,2.276473787095812,1.2441198051049271
0.05º,SWA,Clay,4.848270310295953,3.816673090085268
0.05º,SWA,Clay,0.8934822082519531,-0.13927872473982364
0.05º,SWA,Clay,0.5155147976345487,-0.5173573538334707
0.05º,SWA,Clay,0.35646502176920575,-0.6764539307541997
0.05º,SWA,Clay,0.59116088019477,-0.44168901210010447
0.05º,SWA,Clay,0.5950321621365018,-0.43781659101762516
0.05º,SWA,Clay,0.5709713829888238,-0.46188445014923524
0.05º,SWA,Clay,1.187692642211914,0.1550182818590488
0.05º,SWA,Clay,0.7109383477105035,-0.32187629956839586
0.05º,SWA,Clay,2.0259982215033636,0.9935705360397492
0.05º,SWA,Clay,0.4926217397054036,-0.5402571481397422
0.05º,SWA,Clay,0.6045061747233073,-0.42833979066337147
0.05º,SWA,Clay,1.2270518408881292,0.19438906214251356
0.05º,SWA,Clay,2.2860760158962674,1.253724859400983
0.05º,SWA,Clay,1.221313264634874,0.18864879728942477
0.05º,SWA,Clay,0.9734766218397353,-0.059260772464479465
0.05º,SWA,Clay,1.414067029953003,0.3814592812014495
0.05º,SWA,Clay,0.5052310095893012,-0.5276441679259494
0.05º,SWA,Clay,0.6425618065728081,-0.3902729607865596
0.05º,SWA,Clay,0.8243868086073134,-0.20839445599202525
0.05º,SWA,Clay,0.47040367126464844,-0.5624817543391708
0.05º,SWA,Clay,0.44822735256618923,-0.5846645985112687
0.05º,SWA,Clay,0.24027252197265625,-0.7926806206751229
0.05º,SWA,Clay,0.48630989922417533,-0.5465708459061778
0.05º,SWA,Clay,0.34696706136067706,-0.6859546859769226
0.05º,SWA,Clay,0.6118668450249566,-0.4209769544539955
0.05º,SWA,Clay,0.6968186696370443,-0.33600013241561655
0.05º,SWA,Clay,0.4662011464436849,-0.5666855157704712
0.05º,SWA,Clay,1.152994155883789,0.12030958535758894
0.05º,SWA,Clay,2.05970827738444,1.027290511244407
0.05º,SWA,Clay,0.9469066196017795,-0.08583859303565569
0.05º,SWA,Clay,0.3242560492621528,-0.7086723808848334
0.05º,SWA,Clay,0.8631468878851997,-0.16962297140025415
0.05º,SWA,Clay,0.3568418290879991,-0.676077012558292
0.05º,SWA,Clay,0.7455976274278429,-0.2872068212144292
0.05º,SWA,Clay,0.5743105146620009,-0.45854433592273147
0.05º,SWA,Clay,0.33472760518391925,-0.6981977436643603
0.05º,SWA,Clay,0.4166952768961589,-0.6162059526251815
0.05º,SWA,Clay,0.6862093607584635,-0.3466125631272822
0.05º,SWA,Clay,0.6320059034559462,-0.4008319700216398
0.05º,SWA,Clay,0.5043958028157552,-0.5284796204625481
0.05º,SWA,Clay,0.7252271440294054,-0.3075832987119881
0.05º,SWA,Clay,1.0001973046196833,-0.0325322270129374
0.05º,SWA,Clay,2.594966040717231,1.5627057763912766
0.05º,SWA,Clay,1.2498122321234808,0.21715615071726732
0.05º,SWA,Clay,0.338505850897895,-0.6944183861859324
0.05º,SWA,Clay,0.8547227647569444,-0.17804957336163543
0.05º,SWA,Clay,0.4293963114420573,-0.603501180747256
0.05º,SWA,Clay,0.441642337375217,-0.5912515513702383
0.05º,SWA,Clay,1.7655843098958333,0.7330799965600061
0.05º,SWA,Clay,1.095486323038737,0.06278483059450544
0.05º,SWA,Clay,11.04366855621338,10.013894357599984
0.05º,SWA,Clay,0.43088658650716144,-0.6020104671625408
0.05º,SWA,Clay,0.4929281870524089,-0.5399506106193356
0.05º,SWA,Clay,0.8644460042317709,-0.16832347278331658
0.05º,SWA,Clay,2.075607935587565,1.04319484798782
0.05º,SWA,Clay,0.9758396148681641,-0.05689708411556374
0.05º,SWA,Clay,0.5207788679334853,-0.5120917345600431
0.05º,SWA,Clay,0.6749352349175347,-0.357890006426441
0.05º,SWA,Clay,0.943762461344401,-0.08898367647462554
0.05º,SWA,Clay,0.3665616777208116,-0.6663543038197565
0.05º,SWA,Clay,1.0274361504448786,-0.0052853660445255374
0.05º,SWA,Clay,1.3580839369032118,0.32545971489462766
0.05º,SWA,Clay,0.7459174262152778,-0.28688692832487633
0.05º,SWA,Clay,0.6688768598768446,-0.36395016416908255
0.05º,SWA,Clay,1.7089398701985676,0.6764188890017192
0.05º,SWA,Clay,0.5348021189371744,-0.49806435715665703
0.05º,SWA,Clay,0.33704037136501735,-0.695884296942233
0.05º,SWA,Clay,0.2863922119140625,-0.7465473598239081
0.05º,SWA,Clay,0.8153962029351128,-0.21738770718718697
0.05º,SWA,Clay,0.6480908393859863,-0.384742301032573
0.05º,SWA,Clay,3.201542445591518,2.1694606688853417
0.05º,SWA,Clay,0.7297941843668619,-0.303014914503994
0.05º,SWA,Clay,0.4239872826470269,-0.6089118011714154
0.05º,SWA,Clay,0.9997102949354384,-0.03301938000179921
0.05º,SWA,Clay,0.41570938958062065,-0.6171921300421462
0.05º,SWA,Clay,0.41433291965060765,-0.618569005004138
0.05º,SWA,Clay,0.46434275309244794,-0.5685444559616497
0.05º,SWA,Clay,0.64104249742296,-0.39179271699941853
0.05º,SWA,Clay,0.4640704260932075,-0.5688168630942378
0.05º,SWA,Clay,0.8209735022650825,-0.21180876671378643
0.05º,SWA,Clay,1.4072219000922308,0.37461213713286107
0.05º,SWA,Clay,1.0482538011338975,0.015538410324442408
0.05º,SWA,Clay,0.3639846377902561,-0.6689321020549865
0.05º,SWA,Clay,0.8110478719075521,-0.2217373177291648
0.05º,SWA,Clay,0.17636828952365452,-0.8566036572092357
0.05º,SWA,Clay,0.9213288625081381,-0.11142387649027359
0.05º,SWA,Clay,0.7283670637342665,-0.30444245507274714
0.05º,SWA,Clay,0.8551201290554471,-0.17765209213704192
0.05º,SWA,Clay,0.673095703125,-0.3597300795088256
0.05º,SWA,Clay,0.7398499382866753,-0.29295620163693536
0.05º,SWA,Clay,0.5139732360839844,-0.518899368994907
0.05º,SWA,Clay,0.43666330973307294,-0.5962320441118908
0.05º,SWA,Clay,1.6744437747531467,0.641912642937319
0.05º,SWA,Clay,0.8874615563286675,-0.14530114826487725
0.05º,SWA,Clay,0.5669165717230903,-0.46594045455998007
0.05º,SWA,Clay,0.46503257751464844,-0.5678544285557556
0.05º,SWA,Clay,0.7976642184787326,-0.23512490935344535
0.05º,SWA,Clay,0.2536735534667969,-0.7792756458719535
0.05º,SWA,Clay,0.7078524695502387,-0.32496308576109195
0.05º,SWA,Clay,0.21941121419270834,-0.8135480669812997
0.05º,SWA,Clay,0.45814259847005206,-0.5747464350052265
0.05º,SWA,Clay,3.00580104192098,1.973661667495947
0.05º,SWA,Clay,0.4025897979736328,-0.6303155821433102
0.05º,SWA,Clay,1.3284530639648438,0.29582012294915644
0.05º,SWA,Clay,3.428831418355306,2.3968165223708735
0.05º,SWA,Clay,0.6891566382514106,-0.3436644183857242
0.05º,SWA,Clay,2.0500848558213978,1.0176642579497064
0.05º,SWA,Clay,1.2407137552897136,0.20805499661900284
0.05º,SWA,Clay,1.8685765266418457,0.8361025191924245
0.05º,SWA,Clay,0.6493047078450521,-0.3835280753876849
0.05º,SWA,Clay,1.0949791802300348,0.062277538556930995
0.05º,SWA,Clay,2.9606361389160156,1.9284834745311852
0.05º,SWA,Clay,0.6322432623969184,-0.400594541236816
0.05º,SWA,Clay,0.868263668484158,-0.1645046851674091
0.05º,SWA,Clay,0.4118550618489583,-0.6210475919257096
0.05º,SWA,Clay,0.39159244961208767,-0.6413161665201654
0.05º,SWA,Clay,0.7789936065673828,-0.25380101516969
0.05º,SWA,Clay,1.1999615563286676,0.16729080615460323
0.05º,SWA,Clay,0.5793495178222656,-0.45350385001491356
0.05º,SWA,Clay,0.39520030551486546,-0.6377072489908434
0.05º,SWA,Clay,0.48626073201497394,-0.5466200275830343
0.05º,SWA,Clay,1.30658933851454,0.27394996400707194
0.05º,SWA,Clay,1.398291481865777,0.3656790910938513
0.05º,SWA,Clay,0.6800992753770616,-0.35272444642661765
0.05º,SWA,Clay,0.6196685367160373,-0.4131729670828175
0.05º,SWA,Clay,5.910434603691101,4.87914992972359
0.05º,SWA,Clay,0.6011536916097006,-0.43169326025902144
0.05º,SWA,Clay,0.7970394558376737,-0.2357498558334994
0.05º,SWA,Clay,0.768925772772895,-0.26387181146597627
0.05º,SWA,Clay,0.8269687228732638,-0.2058117819871069
0.05º,SWA,Clay,0.4910144805908203,-0.5418648801969778
0.05º,SWA,Clay,0.6855106353759766,-0.3473114941126073
0.05º,SWA,Clay,0.6662926144070096,-0.36653517006385194
0.05º,SWA,Clay,0.7922361161973741,-0.24055460887638516
0.05º,SWA,Clay,0.7043512132432725,-0.3284653723272299
0.05º,SWA,Clay,0.7257512410481771,-0.30705904747549756
0.05º,SWA,Clay,0.5967644585503472,-0.43608378486838423
0.05º,SWA,Clay,0.8554380204942491,-0.17733410715736722
0.05º,SWA,Clay,0.4502103593614366,-0.5826810082080577
0.05º,SWA,Clay,0.6172593434651693,-0.4155828692487792
0.05º,SWA,Clay,0.42208502027723527,-0.6108146232897891
0.05º,SWA,Clay,0.27981673346625435,-0.7531247731334874
0.05º,SWA,Clay,0.5120902591281467,-0.5207829000245138
0.05º,SWA,Clay,0.5500153435601128,-0.48284665597935505
0.05º,SWA,Clay,1.509030024210612,0.4764502187134877
0.05º,SWA,Clay,0.3282424079047309,-0.7046848492397119
0.05º,SWA,Clay,0.46256976657443577,-0.5703179641882893
0.05º,SWA,Clay,0.21725824144151476,-0.8157016732536436
0.05º,SWA,Clay,0.3051317003038194,-0.7278023572620672
0.05º,SWA,Clay,0.8325222863091363,-0.2002565843921887
0.05º,SWA,Clay,0.876554912990994,-0.1562110009275319
0.05º,SWA,Clay,2.2402559916178384,1.207891352390608
0.05º,SWA,Clay,2.080526760646275,1.0481151204311792
0.05º,SWA,Clay,1.0447743733723958,0.012057958726908838
0.05º,SWA,Clay,0.892844729953342,-0.13991639061906483
0.05º,SWA,Clay,0.16478390163845485,-0.8681914538485569
0.05º,SWA,Clay,0.8222681681315104,-0.2105137198865644
0.05º,SWA,Clay,0.425296147664388,-0.6076025510151012
0.05º,SWA,Clay,0.9640867445203993,-0.06865341279411265
0.05º,SWA,Clay,0.39628897772894967,-0.6366182564304504
0.05º,SWA,Clay,0.7357487148708768,-0.29705863185471265
0.05º,SWA,Clay,0.22687742445203993,-0.8060796597586717
0.05º,SWA,Clay,1.659158918592665,0.626623289144597
0.05º,SWA,Clay,0.6883544921875,-0.3444668004844369
0.05º,SWA,Clay,0.23813417222764757,-0.7948195996384019
0.05º,SWA,Clay,1.2031582726372614,0.17048846311021265
0.05º,SWA,Clay,0.8802964952256944,-0.15246831771675998
0.05º,SWA,Clay,0.3880873786078559,-0.6448222689060594
0.05º,SWA,Clay,0.42963812086317277,-0.6032593001727168
0.05º,SWA,Clay,0.5499727461073134,-0.48288926596663145
0.05º,SWA,Clay,1.1483133104112413,0.11562736252687124
0.05º,SWA,Clay,0.49873945448133683,-0.5341376332008945
0.05º,SWA,Clay,0.44012154473198783,-0.5927727915130024
0.05º,SWA,Clay,0.3710943857828776,-0.6618202619895671
0.05º,SWA,Clay,0.7798110114203559,-0.25298336979195296
0.05º,SWA,Clay,0.9022922515869141,-0.1304660890131172
0.05º,SWA,Clay,0.4178432888454861,-0.6150576028685827
0.05º,SWA,Clay,0.2980755397251674,-0.7348605941451984
0.05º,SWA,Clay,0.7577022976345487,-0.27509858915837343
0.05º,SWA,Clay,0.42942047119140625,-0.6034770138888007
0.05º,SWA,Clay,0.24751726786295572,-0.7854337429883351
0.05º,SWA,Clay,2.3260184393988714,1.2936790361271577
0.05º,SWA,Clay,0.8898393842909071,-0.14292262061690997
0.05º,SWA,Clay,0.2730074988471137,-0.7599360113981208
0.05º,SWA,Clay,0.6224375830756294,-0.4104031059198638
0.05º,SWA,Clay,0.15852228800455728,-0.8744549099882041
0.05º,SWA,Clay,0.3117637634277344,-0.7211683426261059
0.05º,SWA,Clay,0.3806523217095269,-0.6522595136006792
0.05º,SWA,Clay,0.5515754222869873,-0.48128611819285283
0.05º,SWA,Clay,0.4307867685953776,-0.6021103144461585
0.05º,SWA,Clay,0.392841551038954,-0.6400666975400301
0.05º,SWA,Clay,0.4780710008409288,-0.554812168619402
0.05º,SWA,Clay,0.5492566426595052,-0.4836055801308454
0.05º,SWA,Clay,0.40732362535264754,-0.6255803618159801
0.05º,SWA,Clay,0.3931344350179036,-0.6397737273787565
0.05º,SWA,Clay,4.961050510406494,3.9294864762368658
0.05º,SWA,Clay,0.8244253794352213,-0.20835587381449144
0.05º,SWA,Clay,0.3022020128038194,-0.7307329068347499
0.05º,SWA,Clay,1.1834485795762804,0.15077297039040424
0.05º,SWA,Clay,0.3515419430202908,-0.6813784581394297
0.05º,SWA,Clay,0.8765864902072482,-0.15617941441955097
0.05º,SWA,Clay,0.3969607883029514,-0.6359462481734045
0.05º,SWA,Clay,0.5053299797905816,-0.5275451686022773
0.05º,SWA,Clay,0.8009276919894748,-0.23186047555210423
0.05º,SWA,Clay,1.8938274383544922,0.8613608610904403
0.05º,SWA,Clay,1.1536379920111761,0.12095361093642347
0.05º,SWA,Clay,0.6573005252414279,-0.3755299051889189
0.05º,SWA,Clay,0.4149409400092231,-0.6179608057330134
0.05º,SWA,Clay,1.1097248925103083,0.07702758982412461
0.05º,SWA,Clay,2.7022412618001304,1.67001256365235
0.05º,SWA,Clay,0.47455257839626735,-0.5583316263744421
0.05º,SWA,Clay,2.000376171535916,0.9679409466779634
0.05º,SWA,Clay,0.45891253153483075,-0.5739762753844541
0.05º,SWA,Clay,2.3688511318630643,1.3365243322885356
0.05º,SWA,Clay,0.7638041178385416,-0.26899497346850965
0.05º,SWA,Clay,2.6773622830708823,1.6451262641805537
0.05º,SWA,Clay,0.28114551968044704,-0.7517955959184468
0.05º,SWA,Clay,0.3294813368055556,-0.7034455557789261
0.05º,SWA,Clay,0.40792232089572483,-0.6249814901042593
0.05º,SWA,Clay,3.3848789003160267,2.3528510711210946
0.05º,SWA,Clay,0.14333682590060765,-0.8896448404772811
0.05º,SWA,Clay,2.9112188551161022,1.8790516494908107
0.05º,SWA,Clay,1.0734519958496094,0.04074401971332876
0.05º,SWA,Clay,0.5823610093858507,-0.45049147230746134
0.05º,SWA,Clay,0.7390547858344184,-0.29375158806609514
0.05º,SWA,Clay,1.0567461649576824,0.024033273061460612
0.05º,SWA,Clay,0.5949921078152127,-0.43785665712506416
0.05º,SWA,Clay,0.534958733452691,-0.4979076965566706
0.05º,SWA,Clay,1.847432878282335,0.8149526492268
0.05º,SWA,Clay,1.0858484903971355,0.05314416198072594
0.05º,SWA,Clay,2.2876001993815103,1.2552494913835301
0.05º,SWA,Clay,1.2287576463487413,0.19609536954344842
0.05º,SWA,Clay,0.8401459587944878,-0.19263066860962852
0.05º,SWA,Clay,1.6965084075927734,0.6639837683865579
0.05º,SWA,Clay,0.6438594394259982,-0.38897494609952726
0.05º,SWA,Clay,0.6302825080023872,-0.4025558725914499
0.05º,SWA,Clay,0.5671588049994575,-0.4656981500054679
0.05º,SWA,Clay,1.1354327731662326,0.10274303513042266
0.05º,SWA,Clay,0.6522818671332465,-0.38055004005803755
0.05º,SWA,Clay,1.0346493191189237,0.0019299251342812665
0.05º,SWA,Clay,0.748292499118381,-0.28451115654673304
0.05º,SWA,Clay,0.2109595404730903,-0.8220022276409193
0.05º,SWA,Clay,0.5161607530381944,-0.5167112083547717
0.05º,SWA,Clay,1.3197212219238281,0.28708571152745
0.05º,SWA,Clay,0.6662618849012587,-0.3665659086118872
0.05º,SWA,Clay,0.3248562282986111,-0.7080720252432073
0.05º,SWA,Clay,2.027373843722873,0.9949465630417952
0.05º,SWA,Clay,0.29507679409450954,-0.73786022216918
0.05º,SWA,Clay,0.33620762825012207,-0.6967172850952394
0.05º,SWA,Clay,0.6139809744698661,-0.4188622029177394
0.05º,SWA,Clay,0.8634976281060113,-0.16927212797267968
0.05º,SWA,Clay,0.7372834947374132,-0.29552340037284297
0.05º,SWA,Clay,0.6013189951578776,-0.4315279080695906
0.05º,SWA,Clay,0.6887069278293185,-0.34411426113697086
0.05º,SWA,Clay,0.8057827419704862,-0.22700399695252468
0.05º,SWA,Clay,0.7887446085611979,-0.24404714390314633
0.05º,SWA,Clay,0.5759728749593099,-0.4568814864690189
0.05º,SWA,Clay,2.5019117991129556,1.4696241531909473
0.05º,SWA,Clay,0.9188675350613065,-0.11388592819290205
0.05º,SWA,Clay,0.7762478722466363,-0.2565475574341342
0.05º,SWA,Clay,0.7096684773763021,-0.32314654356720324
0.05º,SWA,Clay,3.3455063501993814,2.313466935468483
0.05º,SWA,Clay,0.7763695187038846,-0.25642587518191196
0.05º,SWA,Clay,0.6274505191379123,-0.40538869478037926
0.05º,SWA,Clay,1.098460727267795,0.06576011005432887
0.05º,SWA,Clay,0.8411083221435547,-0.19166802208115977
0.05º,SWA,Clay,0.4295758141411675,-0.603321625228733
0.05º,SWA,Clay,0.37061987982855904,-0.6622949075692284
0.05º,SWA,Clay,0.5247035556369357,-0.5081658920009785
0.05º,SWA,Clay,1.2813025580512152,0.24865574280384947
0.05º,SWA,Clay,0.6481615702311198,-0.3846715493745954
0.05º,SWA,Clay,0.8847042719523112,-0.14805924398358294
0.05º,SWA,Clay,0.7876519097222222,-0.2451401642732817
0.05º,SWA,Clay,0.37167104085286456,-0.6612434372364372
0.05º,SWA,Clay,0.49746068318684894,-0.5354167807791329
0.05º,SWA,Clay,0.38939518398708767,-0.6435140786996774
0.05º,SWA,Clay,0.45048289828830296,-0.5824083890854832
0.05º,SWA,Clay,4.274470329284668,3.242704266052698
0.05º,SWA,Clay,0.4469583299424913,-0.5859339945501305
0.05º,SWA,Clay,3.087728500366211,2.0556132334351966
0.05º,SWA,Clay,0.4109414418538411,-0.6219614807572948
0.05º,SWA,Clay,0.36536386277940536,-0.667552471223171
0.05º,SWA,Clay,0.8723712497287326,-0.16039589525003833
0.05º,SWA,Clay,0.5944281684027778,-0.43842076247900724
0.05º,SWA,Clay,1.8355787065294054,0.803094989334728
0.05º,SWA,Clay,0.12609842088487414,-0.9068883179650977
0.05º,SWA,Clay,0.5873898400200738,-0.445461161918993
0.05º,SWA,Clay,5.814037005106608,4.782723965746404
0.05º,SWA,Clay,0.7629962497287326,-0.2698030792968565
0.05º,SWA,Clay,0.5814009772406684,-0.45145178694607907
0.05º,SWA,Clay,0.6524666680230035,-0.3803651847898533
0.05º,SWA,Clay,3.2994056277804904,2.2673526477210557
0.05º,SWA,Clay,0.31933699713812935,-0.7135928804603207
0.05º,SWA,Clay,0.5453734927707248,-0.487489872652566
0.05º,SWA,Clay,2.5785418616400824,1.5462767644314002
0.05º,SWA,Clay,3.7937241962977817,2.7618166715247674
0.05º,SWA,Clay,0.8422703213161893,-0.19050568098545523
0.05º,SWA,Clay,0.5759870741102431,-0.45686728313992675
0.05º,SWA,Clay,1.7103116777208116,0.6777911001840091
0.05º,SWA,Clay,1.140035417344835,0.10734703365614037
0.05º,SWA,Clay,0.691080305311415,-0.34174018527871897
0.05º,SWA,Clay,0.782414542304145,-0.25037907280841665
0.05º,SWA,Clay,0.5781849755181206,-0.45466873499045546
0.05º,SWA,Clay,0.4690839979383681,-0.563801815984794
0.05º,SWA,Clay,0.39042769538031685,-0.6424812634856938
0.05º,SWA,Clay,0.3128960927327474,-0.7200356801285044
0.05º,SWA,Clay,0.5471644931369357,-0.4856983452770784
0.05º,SWA,Clay,0.8731350368923612,-0.15963188333887302
0.05º,SWA,Clay,0.37248484293619794,-0.6604293956884697
0.05º,SWA,Clay,0.8721107906765408,-0.1606564309433851
0.05º,SWA,Clay,0.5325792100694444,-0.5002879201245294
0.05º,SWA,Clay,4.391608026292589,3.3598764313131873
0.05º,SWA,Clay,0.6582086351182725,-0.37462152809698124
0.05º,SWA,Clay,1.1580369737413194,0.12535388708516293
0.05º,SWA,Clay,1.2069774203830295,0.17430873465602512
0.05º,SWA,Clay,0.35026206970214846,-0.6826587080655976
0.05º,SWA,Clay,1.1472820705837674,0.11459581925280637
0.05º,SWA,Clay,0.5724981096055772,-0.4603572742868506
0.05º,SWA,Clay,0.5617550743950738,-0.471103470679966
0.05º,SWA,Clay,1.0466698540581598,0.013953997165716405
0.05º,SWA,Clay,0.4607376522488064,-0.572150617621148
0.05º,SWA,Clay,0.768286387125651,-0.2645113852550955
0.05º,SWA,Clay,0.4081132676866319,-0.624790487126468
0.05º,SWA,Clay,1.4792550404866536,0.44666647357723044
0.05º,SWA,Clay,1.0767972734239366,0.0440902816494395
0.05º,SWA,Clay,2.478075239393446,1.4457805794650012
0.05º,SWA,Clay,1.2479339175754123,0.2152772834673624
0.05º,SWA,Clay,0.5917917887369791,-0.44105791791044335
0.05º,SWA,Clay,1.2250741322835286,0.19241077158896364
0.05º,SWA,Clay,0.6650170220269097,-0.3678111377922936
0.05º,SWA,Clay,1.3393224080403645,0.30669266537419587
0.05º,SWA,Clay,2.4233680301242404,1.3910572723728525
0.05º,SWA,Clay,0.6073455810546875,-0.4254995488249164
0.05º,SWA,Clay,0.3127102322048611,-0.7202215953466208
0.05º,SWA,Clay,0.9977942572699653,-0.03493598146929225
0.05º,SWA,Clay,1.0051578945583768,-0.027570177400105974
0.05º,SWA,Clay,0.4195234510633681,-0.6133769462560084
0.05º,SWA,Clay,0.300819820827908,-0.7321155055263757
0.05º,SWA,Clay,0.6177698771158854,-0.4150721853714216
0.05º,SWA,Clay,0.6602185567220052,-0.3726110150654909
0.05º,SWA,Clay,3.5354562486921037,2.503472727505674
0.05º,SWA,Clay,0.3674922943115234,-0.6654234133912579
0.05º,SWA,Clay,0.39185121324327254,-0.6410573267467102
0.05º,SWA,Clay,1.1100728776719835,0.07737567738187513
0.05º,SWA,Clay,1.6147969563802083,0.5822482732409971
0.05º,SWA,Clay,0.5407880147298177,-0.49207669998938114
0.05º,SWA,Clay,0.4150307973225911,-0.6178709219787587
0.05º,SWA,Clay,0.20532268948025173,-0.8276407373005122
0.05º,SWA,Clay,0.5237977769639757,-0.5090719372030651
0.05º,SWA,Clay,0.921102311876085,-0.11165049378578853
0.05º,SWA,Clay,0.5421293046739366,-0.4907350153651402
0.05º,SWA,Clay,0.6437060038248698,-0.38912842684971694
0.05º,SWA,Clay,1.3107246822781033,0.27808652461266775
0.05º,SWA,Clay,0.5556462605794271,-0.47721408203938265
0.05º,SWA,Clay,1.4068838755289714,0.3742740131044737
0.05º,SWA,Clay,1.00337643093533,-0.02935216522620335
0.05º,SWA,Clay,0.446219974093967,-0.5866725676629218
0.05º,SWA,Clay,0.661368899875217,-0.3714603334190412
0.05º,SWA,Clay,0.5857883029513888,-0.4470631702465945
0.05º,SWA,Clay,0.695243411593967,-0.33757585398489837
0.05º,SWA,Clay,0.4281046125623915,-0.6047932597146678
0.05º,SWA,Clay,1.624338150024414,0.5917922744209555
0.05º,SWA,Clay,0.33809259202745223,-0.6948317666595096
0.05º,SWA,Clay,1.2184310489230685,0.1857657334737069
0.05º,SWA,Clay,1.0451524522569444,0.012436148862735407
0.05º,SWA,Clay,1.6311399671766493,0.5985960930360633
0.05º,SWA,Clay,0.6195151011149088,-0.41332644783300715
0.05º,SWA,Clay,0.5536757575141059,-0.47918516493339336
0.05º,SWA,Clay,0.5938614739312066,-0.43898762370277417
0.05º,SWA,Clay,0.45088937547471786,-0.5820017922914723
0.05º,SWA,Clay,0.9467459784613715,-0.08599928144538461
0.05º,SWA,Clay,0.475227779812283,-0.5576562262776129
0.05º,SWA,Clay,0.6425897810194228,-0.3902449781083482
0.05º,SWA,Clay,0.7081207275390625,-0.3246947488362438
0.05º,SWA,Clay,5.148048019409179,4.116539010031181
0.05º,SWA,Clay,3.697337786356608,2.6654018994832036
0.05º,SWA,Clay,0.9582017262776693,-0.07454016272783832
0.05º,SWA,Clay,1.1181549496120877,0.08546012750512641
0.05º,SWA,Clay,0.6133560604519315,-0.41948730081921237
0.05º,SWA,Clay,0.9701421525743272,-0.06259622291128134
0.05º,SWA,Clay,0.6904343499077691,-0.34238633075741814
0.05º,SWA,Clay,0.5951063368055556,-0.43774239452236774
0.05º,SWA,Clay,0.46286646525065106,-0.5700211782072594
0.05º,SWA,Clay,0.125263426038954,-0.9077235585117102
0.05º,SWA,Clay,0.5047476026746962,-0.5281277170850415
0.05º,SWA,Clay,0.499351077609592,-0.5335258301000003
0.05º,SWA,Clay,0.21937084197998047,-0.8135884510737184
0.05º,SWA,Clay,0.22841644287109375,-0.804540188477073
0.05º,SWA,Clay,0.7623447842068143,-0.2704547365152032
0.05º,SWA,Clay,0.9259043799506294,-0.10684701268282151
0.05º,SWA,Clay,0.97828123304579,-0.05445474748167507
0.05º,SWA,Clay,0.6254679361979166,-0.4073718611036175
0.05º,SWA,Clay,0.36434385511610246,-0.668572779027954
0.05º,SWA,Clay,1.3600245581732855,0.32740090720054876
0.05º,SWA,Clay,11.039946675300598,10.010171381508327
0.05º,SWA,Clay,0.25924788581000435,-0.7736996732583633
0.05º,SWA,Clay,0.8747730255126953,-0.15799341273360223
0.05º,SWA,Clay,4.723644529070173,3.69201063720712
0.05º,SWA,Clay,2.6058171590169272,1.5735600876774818
0.05º,SWA,Clay,1.2581055959065754,0.22545195485700906
0.05º,SWA,Clay,0.4868217044406467,-0.5460588900889015
0.05º,SWA,Clay,0.6812799241807725,-0.3515434502121056
0.05º,SWA,Clay,0.2858933342827691,-0.7470463842520111
0.05º,SWA,Clay,0.5172964731852213,-0.515575154017387
0.05º,SWA,Clay,0.2546488444010417,-0.7783000679543113
0.05º,SWA,Clay,0.33946800231933594,-0.6934559516474501
0.05º,SWA,Clay,0.2775031195746528,-0.7554390678155604
0.05º,SWA,Clay,0.43549686008029515,-0.5973988369973109
0.05º,SWA,Clay,0.25149959988064235,-0.781450239152956
0.05º,SWA,Clay,0.5315204196506076,-0.5013470220968329
0.05º,SWA,Clay,5.012605455186632,3.981056591273063
0.05º,SWA,Clay,0.582951651679145,-0.44990065621522557
0.05º,SWA,Clay,0.5053927103678385,-0.5274824195662882
0.05º,SWA,Clay,0.6959097120496962,-0.33690935746749995
0.05º,SWA,Clay,1.0411533779568143,0.0084358978184269455
0.05º,SWA,Clay,0.3261580997043186,-0.7067697707564461
0.05º,SWA,Clay,10.195654975043404,9.16563124492099
0.05º,SWA,Clay,0.7639066908094618,-0.26889237031506785
0.05º,SWA,Clay,0.31204266018337673,-0.7208893638039378
0.05º,SWA,Clay,0.5100377400716146,-0.5228360230432805
0.05º,SWA,Clay,1.2193987104627821,0.18673367975183694
0.05º,SWA,Clay,0.4157687293158637,-0.6171327728459403
0.05º,SWA,Clay,0.3898913065592448,-0.6430178101413982
0.05º,SWA,Clay,0.6828568776448568,-0.3499660327229322
0.05º,SWA,Clay,0.3500503963894314,-0.6828704436640636
0.05º,SWA,Clay,0.4118974473741319,-0.6210051939284196
0.05º,SWA,Clay,0.17406166924370658,-0.8589109562217557
0.05º,SWA,Clay,0.5092743767632378,-0.5235996109744728
0.05º,SWA,Clay,0.3320871988932292,-0.7008389269055387
0.05º,SWA,Clay,0.6161912282307943,-0.4166512987804864
0.05º,SWA,Clay,1.628577126397027,0.5960324981299254
0.05º,SWA,Clay,0.827525880601671,-0.20525446031273023
0.05º,SWA,Clay,3.7618938446044923,2.7299769536186402
0.05º,SWA,Clay,0.390081787109375,-0.6428272735415772
0.05º,SWA,Clay,0.991151385837131,-0.04158080759456264
0.05º,SWA,Clay,0.66408538818359375,-0.3687430457727271
0.05º,SWA,Clay,0.363536622789171,-0.6693802488863415
0.05º,SWA,Clay,0.6746779547797309,-0.35814736226999105
0.05º,SWA,Clay,0.33113182915581596,-0.7017945777644548
0.05º,SWA,Clay,0.6348567538791232,-0.39798028072391656
0.05º,SWA,Clay,0.42622799343532985,-0.6066704310446811
0.05º,SWA,Clay,0.49461131625705296,-0.5382669861469511
0.05º,SWA,Clay,0.3759167989095052,-0.6569964298479011
0.05º,SWA,Clay,0.517073737250434,-0.5157979554931457
0.05º,SWA,Clay,0.6953718397352431,-0.33744738805310964
0.05º,SWA,Clay,0.7580812242296007,-0.2747195510626012
0.05º,SWA,Clay,0.3036753336588542,-0.7292591524489505
0.05º,SWA,Clay,0.4521113501654731,-0.5807794580296025
0.05º,SWA,Clay,0.4687345292833116,-0.5641513874724498
0.05º,SWA,Clay,0.4316183725992839,-0.6012784657393293
0.05º,SWA,Clay,1.7656199137369792,0.7331156108777298
0.05º,SWA,Clay,0.2603927188449436,-0.7725545033515614
0.05º,SWA,Clay,0.6813117133246528,-0.35151165171413806
0.05º,SWA,Clay,0.40982500712076825,-0.6230782440059125
0.05º,SWA,Clay,0.9917825063069662,-0.04094950141491492
0.05º,SWA,Clay,3.3306514024734497,2.298607616612649
0.05º,SWA,Clay,1.0928321414523654,0.06012986800420749
0.05º,SWA,Clay,0.4290313720703125,-0.6038662275039226
0.05º,SWA,Clay,1.0037930806477864,-0.028935392912843083
0.05º,SWA,Clay,0.5817400614420573,-0.4511126029677594
0.05º,SWA,Clay,0.5302219390869141,-0.502645884743811
0.05º,SWA,Clay,2.4872205522325306,1.4549285833502716
0.05º,SWA,Clay,0.67938232421875,-0.35344160855077744
0.05º,SWA,Clay,0.6681696573893229,-0.36465757475386573
0.05º,SWA,Clay,0.38317320081922746,-0.6497378927118583
0.05º,SWA,Clay,0.32523557874891496,-0.7076925631674622
0.05º,SWA,Clay,0.9446300930447049,-0.0881157894700998
0.05º,SWA,Clay,0.45592647128634983,-0.5769632142935325
0.05º,SWA,Clay,1.9041809505886502,0.871717419888461
0.05º,SWA,Clay,0.5588665008544922,-0.47399289419527735
0.05º,SWA,Clay,0.7772481706407335,-0.25554696469809096
0.05º,SWA,Clay,0.2957801818847656,-0.737156627404153
0.05º,SWA,Clay,1.1618016560872395,0.12911967720445788
0.05º,SWA,Clay,0.357906977335612,-0.675011550886395
0.05º,SWA,Clay,0.33200560675727,-0.7009205430503219
0.05º,SWA,Clay,1.0732481214735243,0.04054008534636403
0.05º,SWA,Clay,0.7112840016682943,-0.32153054390049607
0.05º,SWA,Clay,0.40435833401150173,-0.6285465257063862
0.05º,SWA,Clay,0.9958871205647787,-0.036843679357354366
0.05º,SWA,Clay,0.7093183729383681,-0.3234967510248184
0.05º,SWA,Clay,0.4044473436143663,-0.6284574899120774
0.05º,SWA,Clay,0.7280218336317275,-0.304787786760674
0.05º,SWA,Clay,0.8907644483778212,-0.1419972843260564
0.05º,SWA,Clay,1.362678633795844,0.3300557637958534
0.05º,SWA,Clay,0.3986676534016927,-0.6342388808225375
0.05º,SWA,Clay,0.4986332787407769,-0.5342438401841059
0.05º,SWA,Clay,0.8082146114773221,-0.22457141185801274
0.05º,SWA,Clay,0.4495052761501736,-0.5833862988929762
0.05º,SWA,Clay,0.5111677381727431,-0.5217056924355299
0.05º,SWA,Clay,0.3281606038411458,-0.7047666773744815
0.05º,SWA,Clay,0.5337195926242404,-0.49914720200744284
0.05º,SWA,Clay,0.2314639621310764,-0.8014917724719243
0.05º,SWA,Clay,0.4715559217664931,-0.561329164782843
0.05º,SWA,Clay,0.29718250698513454,-0.7357538896638143
0.05º,SWA,Clay,0.34200625949435765,-0.6909169475797404
0.05º,SWA,Clay,0.3739390903049045,-0.658974720401451
0.05º,SWA,Clay,0.6087960137261285,-0.4240486893576537
0.05º,SWA,Clay,0.8151416778564453,-0.2176423071609132
0.05º,SWA,Clay,0.38025135464138454,-0.6526605986550423
0.05º,SWA,Clay,0.6999405754937066,-0.33287730792522396
0.05º,SWA,Clay,1.0874059465196397,0.054702076391145736
0.05º,SWA,Clay,1.6494490305582683,0.6169105439354247
0.05º,SWA,Clay,0.28644031948513454,-0.7464992380969839
0.05º,SWA,Clay,0.932768291897244,-0.09998108100168396
0.05º,SWA,Clay,1.7834053039550781,0.7509062345205735
0.05º,SWA,Clay,0.26127921210394967,-0.7716677492382416
0.05º,SWA,Clay,2.2192560831705728,1.1868852646332932
0.05º,SWA,Clay,0.9021640353732638,-0.13059434295491942
0.05º,SWA,Clay,1.2282032436794705,0.19554080373889568
0.05º,SWA,Clay,0.48064210679796004,-0.5522403061037925
0.05º,SWA,Clay,0.38916905721028644,-0.6437402720152194
0.05º,SWA,Clay,0.3286857604980469,-0.7042413661880588
0.05º,SWA,Clay,0.3918302324083116,-0.6410783137553687
0.05º,SWA,Clay,1.3848351372612848,0.35221878690421854
0.05º,SWA,Clay,0.8777633243136935,-0.155002234024795
0.05º,SWA,Clay,0.7980963389078776,-0.23469266177107412
0.05º,SWA,Clay,1.1821725633409288,0.14949657868198973
0.05º,SWA,Clay,0.740606943766276,-0.29219897340533657
0.05º,SWA,Clay,0.4337264166937934,-0.5991698013441128
0.05º,SWA,Clay,0.7737606896294488,-0.25903547191510956
0.05º,SWA,Clay,0.3757254282633464,-0.6571878568056652
0.05º,SWA,Clay,2.7604183620876737,1.728206782792642
0.05º,SWA,Clay,0.8576454586452908,-0.1751260194585056
0.05º,SWA,Clay,1.2910327911376953,0.2583888390517212
0.05º,SWA,Clay,1.5287467108832464,0.49617270710284866
0.05º,SWA,Clay,0.33332061767578125,-0.6996051451844008
0.05º,SWA,Clay,1.2024885813395183,0.16981857475303114
0.05º,SWA,Clay,0.4733210669623481,-0.5595635001857022
0.05º,SWA,Clay,1.127541224161784,0.09484916400498998
0.05º,SWA,Clay,0.4673788282606337,-0.5655074874157694
0.05º,SWA,Clay,0.57791900634765625,-0.45493478242345003
0.05º,SWA,Clay,0.5647994147406684,-0.468058234524614
0.05º,SWA,Clay,0.8553144666883681,-0.17745769731946742
0.05º,SWA,Clay,0.7179567548963759,-0.31485582718713634
0.05º,SWA,Clay,0.6610747443305122,-0.37175457552023355
0.05º,SWA,Clay,0.773172590467665,-0.2596237441275078
0.05º,SWA,Clay,0.470883051554362,-0.5620022329898211
0.05º,SWA,Clay,0.5074712965223525,-0.5254032217791881
0.05º,SWA,Clay,1.0579475826687283,0.025235044294644748
0.05º,SWA,Clay,0.38760121663411456,-0.6453085739349754
0.05º,SWA,Clay,0.4579361809624566,-0.5749529132520286
0.05º,SWA,Clay,0.5860650804307725,-0.446786311324291
0.05º,SWA,Clay,2.9283337593078613,1.896171589814024
0.05º,SWA,Clay,0.3366139729817708,-0.6963108207949702
0.05º,SWA,Clay,4.70953140258789,3.6778933578789093
0.05º,SWA,Clay,0.46925245012555805,-0.5636333142298501
0.05º,SWA,Clay,2.2867052290174694,1.2543542576707523
0.05º,SWA,Clay,2.279110378689236,1.2467571725263495
0.05º,SWA,Clay,0.4466141594780816,-0.586278266288125
0.05º,SWA,Clay,0.6395916408962674,-0.3932440004466541
0.05º,SWA,Clay,0.9652815924750434,-0.06745821325050845
0.05º,SWA,Clay,0.8234483930799696,-0.20933314765202515
0.05º,SWA,Clay,0.723663330078125,-0.30914757282200145
0.05º,SWA,Clay,0.6795758141411675,-0.35324806169314876
0.05º,SWA,Clay,0.720200432671441,-0.3126114892005919
0.05º,SWA,Clay,0.621415032280816,-0.41142595760448425
0.05º,SWA,Clay,0.4915799034966363,-0.5412992909131296
0.05º,SWA,Clay,0.45890892876519096,-0.5739798792142238
0.05º,SWA,Clay,0.80814086066352,-0.2246451843732973
0.05º,SWA,Clay,0.35739432440863717,-0.6755243546636173
0.05º,SWA,Clay,0.6835831536187066,-0.34923954303936866
0.05º,SWA,Clay,1.409456041124132,0.37684693557001536
0.05º,SWA,Clay,1.356143315633138,0.3235185225887064
0.05º,SWA,Clay,0.7900011539459229,-0.24279022877473688
0.05º,SWA,Clay,0.9330690171983507,-0.09968026721091171
0.05º,SWA,Clay,0.6308710310194228,-0.4019671763990787
0.05º,SWA,Clay,1.4840882619222004,0.4515011172082055
0.05º,SWA,Clay,1.2374996609157987,0.2048399564845045
0.05º,SWA,Clay,0.9946388668484158,-0.03809230037754392
0.05º,SWA,Clay,0.46156226264105904,-0.5713257645838717
0.05º,SWA,Clay,1.5767171647813585,0.54415727650573
0.05º,SWA,Clay,0.5025757683648003,-0.5303001904661795
0.05º,SWA,Clay,0.20931053161621094,-0.8236517217254856
0.05º,SWA,Clay,1.3198426564534504,0.2872071817896857
0.05º,SWA,Clay,0.8075213962131076,-0.22526483110369028
0.05º,SWA,Clay,0.3391227722167969,-0.6938012833353769
0.05º,SWA,Clay,0.17094866434733072,-0.8620248771327176
0.05º,SWA,Clay,1.0456233554416232,0.012907190612626932
0.05º,SWA,Clay,0.377963383992513,-0.654949242548755
0.05º,SWA,Clay,3.41496033138699,2.3829413537777584
0.05º,SWA,Clay,1.434997346666124,0.402395756746964
0.05º,SWA,Clay,0.7033735911051432,-0.329443282134723
0.05º,SWA,Clay,0.3360816107855903,-0.6968433396409321
0.05º,SWA,Clay,0.5029773712158203,-0.529898469441857
0.05º,SWA,Clay,0.3455179002549913,-0.6874042735042665
0.05º,SWA,Clay,0.42761874198913574,-0.6052792732573524
0.05º,SWA,Clay,0.23685476515028211,-0.7960993831865996
0.05º,SWA,Clay,3.058909628126356,2.026785881122808
0.05º,SWA,Clay,0.9701408810085721,-0.06259749485119996
0.05º,SWA,Clay,0.6881936391194662,-0.3446277008841523
0.05º,SWA,Clay,0.8772186703152127,-0.15554704828997098
0.05º,SWA,Clay,0.9704334735870361,-0.0623048161761577
0.05º,SWA,Clay,0.5561921861436632,-0.4766679958342879
0.05º,SWA,Clay,0.6404393513997396,-0.39239604050085475
0.05º,SWA,Clay,0.5847155253092448,-0.4481362635580036
0.05º,SWA,Clay,0.6928121778700087,-0.3400078031094509
0.05º,SWA,Clay,4.697241401672363,3.665599740579703
0.05º,SWA,Clay,1.0057324303521051,-0.0269954725468404
0.05º,SWA,Clay,0.44046105278862846,-0.5924331835547098
0.05º,SWA,Clay,0.4428948296440972,-0.5899986905503197
0.05º,SWA,Clay,1.2770862579345703,0.24443820202342995
0.05º,SWA,Clay,1.3437175750732422,0.31108912570317926
0.05º,SWA,Clay,1.1060187021891277,0.07332030894108973
0.05º,SWA,Clay,0.5616923438178169,-0.4711662197159551
0.05º,SWA,Clay,0.2942676544189453,-0.7386695999374455
0.05º,SWA,Clay,6.113258308834499,5.0820333165823905
0.05º,SWA,Clay,0.73176023695204,-0.30104828339969875
0.05º,SWA,Clay,0.5722300211588541,-0.46062544161970964
0.05º,SWA,Clay,0.39712969462076825,-0.6357772921542039
0.05º,SWA,Clay,0.3428774939643012,-0.690045456745445
0.05º,SWA,Clay,0.6960652669270834,-0.33675375681744574
0.05º,SWA,Clay,0.6725718180338541,-0.36025411875532964
0.05º,SWA,Clay,0.475300047132704,-0.5575839376922336
0.05º,SWA,Clay,0.4707474178738064,-0.562137906581149
0.05º,SWA,Clay,0.6958181593153212,-0.3370009371416463
0.05º,SWA,Clay,0.5618175930447049,-0.4710409336339632
0.05º,SWA,Clay,1.0551709069146051,0.022457551492178953
0.05º,SWA,Clay,0.8352739546034071,-0.1975041064081239
0.05º,SWA,Clay,0.41918902926974827,-0.6137114664546263
0.05º,SWA,Clay,0.8613399929470487,-0.17143039802472546
0.05º,SWA,Clay,0.4077676137288411,-0.6251362427943677
0.05º,SWA,Clay,2.0600742763943143,1.027656617951006
0.05º,SWA,Clay,0.5232552422417535,-0.5096146315683767
0.05º,SWA,Clay,0.580649905734592,-0.4522030794580574
0.05º,SWA,Clay,0.8699266645643446,-0.1628411997437372
0.05º,SWA,Clay,0.5913692050509982,-0.44148062594342435
0.05º,SWA,Clay,0.8645835452609592,-0.16818589128211073
0.05º,SWA,Clay,1.6186097462972004,0.5860621850872162
0.05º,SWA,Clay,0.5554555257161459,-0.47740487302718754
0.05º,SWA,Clay,2.038031260172526,1.0056071154803847
0.05º,SWA,Clay,3.318770090738932,2.286722808752937
0.05º,SWA,Clay,0.4002922905815972,-0.6326137655864129
0.05º,SWA,Clay,0.7714667850070529,-0.2613300515284427
0.05º,SWA,Clay,0.6383308834499783,-0.3945051288760442
0.05º,SWA,Clay,0.40326902601453996,-0.6296361542367385
0.05º,SWA,Clay,0.5364390479193794,-0.4964269465013184
0.05º,SWA,Clay,1.3852000766330295,0.352583833660885
0.05º,SWA,Clay,2.3231595357259116,1.2908192912099494
0.05º,SWA,Clay,0.5065286424424913,-0.526346153238917
0.05º,SWA,Clay,0.6307417551676432,-0.4020964902908132
0.05º,SWA,Clay,2.4006658130221896,1.368348375049379
0.05º,SWA,Clay,0.837896982828776,-0.19488030634583428
0.05º,SWA,Clay,4.847184044974191,3.815586505125436
0.05º,SWA,Clay,2.0309916602240667,0.9985654441004804
0.05º,SWA,Clay,3.247518433464898,2.215450185383602
0.05º,SWA,Clay,0.4500143263075087,-0.5828770989455236
0.05º,SWA,Clay,0.4049835205078125,-0.6279211552463593
0.05º,SWA,Clay,0.37746598985460067,-0.6554467830469527
0.05º,SWA,Clay,0.350166744656033,-0.6827540611615026
0.05º,SWA,Clay,0.6480416191948785,-0.38479153570692604
0.05º,SWA,Clay,1.3199890984429254,0.2873536668703227
0.05º,SWA,Clay,0.789661619398329,-0.2431298632317778
0.05º,SWA,Clay,0.8804066975911459,-0.152358082923806
0.05º,SWA,Clay,1.5142563713921442,0.4816781037693273
0.05º,SWA,Clay,3.0577913920084634,2.0256673159593053
0.05º,SWA,Clay,0.2830727895100911,-0.7498677589816721
0.05º,SWA,Clay,0.5376186370849609,-0.4952470102367386
0.05º,SWA,Clay,0.5726034376356337,-0.46025191526358494
0.05º,SWA,Clay,0.50397703382704,-0.528898512675773
0.05º,SWA,Clay,0.5657223595513238,-0.46713501813362496
0.05º,SWA,Clay,2.628067228529188,1.595816704364864
0.05º,SWA,Clay,4.398419592115614,3.3666900014676715
0.05º,SWA,Clay,0.542488521999783,-0.4903756923381076
0.05º,SWA,Clay,0.8171471489800347,-0.21563624591913835
0.05º,SWA,Clay,0.5132242838541666,-0.5196485416070207
0.05º,SWA,Clay,0.4688892364501953,-0.5639966347823413
0.05º,SWA,Clay,0.9670382605658637,-0.0657010282528257
0.05º,SWA,Clay,1.4095319112141926,0.37692282798516435
0.05º,SWA,Clay,0.6752952999538846,-0.3575298354394626
0.05º,SWA,Clay,0.51800537109375,-0.5148660475127123
0.05º,SWA,Clay,1.7485692765977647,0.7160599565179077
0.05º,SWA,Clay,1.0802877214219835,0.04758175672626841
0.05º,SWA,Clay,0.9964921739366319,-0.03623844794604012
0.05º,SWA,Clay,7.702799224853516,6.67204196160036
0.05º,SWA,Clay,0.501341289944119,-0.5315350321372497
0.05º,SWA,Clay,0.699711905585395,-0.3331060451206033
0.05º,SWA,Clay,0.500187979804145,-0.5326886816435098
0.05º,SWA,Clay,0.4911581675211589,-0.5417211509861647
0.05º,SWA,Clay,1.1504525078667536,0.11776718945009608
0.05º,SWA,Clay,0.2089996337890625,-0.8239627110356076
0.05º,SWA,Clay,1.3933527204725478,0.3607388764496241
0.05º,SWA,Clay,0.7167992062038846,-0.3160137164931254
0.05º,SWA,Clay,0.9429969787597656,-0.08974938430568234
0.05º,SWA,Clay,4.389779281616211,3.3580471485211127
0.05º,SWA,Clay,0.8754490746392144,-0.15731716467682724
0.05º,SWA,Clay,0.3941629197862413,-0.6387449399745153
0.05º,SWA,Clay,2.066835191514757,1.0344195224987291
0.05º,SWA,Clay,0.9193384382459853,-0.11341488644301054
0.05º,SWA,Clay,0.1934441460503472,-0.839522776041026
0.05º,SWA,Clay,0.614848878648546,-0.4179940433546598
0.05º,SWA,Clay,1.3074590894911025,0.2748199709114621
0.05º,SWA,Clay,0.38256539238823783,-0.6503458799929965
0.05º,SWA,Clay,0.7862523396809896,-0.2465401461437964
0.05º,SWA,Clay,0.8845619625515408,-0.14820159525948393
0.05º,SWA,Clay,0.6844189961751302,-0.3484034545328104
0.05º,SWA,Clay,0.6397749582926432,-0.3930606291083751
0.05º,SWA,Clay,0.9942035675048828,-0.038527727809711955
0.05º,SWA,Clay,1.3397765689425998,0.30714695991515795
0.05º,SWA,Clay,0.8903514014350044,-0.14241045280964715
0.05º,SWA,Clay,0.3807332780626085,-0.6521785334258554
0.05º,SWA,Clay,0.9743408626980252,-0.05839627729973698
0.05º,SWA,Clay,0.96964263916015625,-0.0630958833093436
0.05º,SWA,Clay,0.22206921047634548,-0.8108892885712456
0.05º,SWA,Clay,0.41866577996148,-0.6142348697311709
0.05º,SWA,Clay,0.520487043592665,-0.5123836447713845
0.05º,SWA,Clay,0.28965716891818577,-0.7432814420926619
0.05º,SWA,Clay,0.32616763644748265,-0.7067602312070559
0.05º,SWA,Clay,1.8102347056070964,0.7777435308351643
0.05º,SWA,Clay,0.6147291395399306,-0.4181138176970039
0.05º,SWA,Clay,0.5329165988498263,-0.4999504320661013
0.05º,SWA,Clay,2.1982898712158203,1.165912883283824
0.05º,SWA,Clay,0.4373001522488064,-0.5955950142026091
0.05º,SWA,Clay,1.1237044864230685,0.0910112972903019
0.05º,SWA,Clay,0.6538107130262587,-0.37902074429578836
0.05º,SWA,Clay,0.23146163092719185,-0.8014941043617752
0.05º,SWA,Clay,0.5283781687418619,-0.5044901976259247
0.05º,SWA,Clay,0.9482862684461806,-0.08445853822386713
0.05º,SWA,Clay,0.386837641398112,-0.646072373856154
0.05º,SWA,Clay,3.166466236114502,2.13437413808839
0.05º,SWA,Clay,0.3803367614746094,-0.6525751666905031
0.05º,SWA,Clay,0.5697585211859809,-0.4630976688416877
0.05º,SWA,Clay,0.6208866967095269,-0.41195444864070374
0.05º,SWA,Clay,3.0258799658881292,1.9937464997696472
0.05º,SWA,Clay,0.8225243886311849,-0.21025742399294645
0.05º,SWA,Clay,2.6220226287841797,1.5897703259713416
0.05º,SWA,Clay,0.7778735690646701,-0.2549213822480775
0.05º,SWA,Clay,0.6448406643337674,-0.38799343246226436
0.05º,SWA,Clay,0.59707154168023,-0.4357766113780184
0.05º,SWA,Clay,1.6661465962727864,0.6336130229778212
0.05º,SWA,Clay,0.6076706780327691,-0.4251743561857024
0.05º,SWA,Clay,8.489878707461887,7.4593530456068375
0.05º,SWA,Clay,0.21626069810655382,-0.8166995101198631
0.05º,SWA,Clay,0.575950198703342,-0.4569041693975691
0.05º,SWA,Clay,0.7365671793619791,-0.29623992652704345
0.05º,SWA,Clay,0.6740527682834201,-0.35877273273001814
0.05º,SWA,Clay,0.5578299628363715,-0.47502973721900354
0.05º,SWA,Clay,0.23141055636935765,-0.8015451939485096
0.05º,SWA,Clay,1.1382999420166016,0.10561104765710264
0.05º,SWA,Clay,0.4035811954074436,-0.6293238929866979
0.05º,SWA,Clay,1.1096765730116103,0.07697925610721397
0.05º,SWA,Clay,0.6095403035481771,-0.4233041805252418
0.05º,SWA,Clay,0.4889291127522786,-0.5439508616636443
0.05º,SWA,Clay,0.5083628760443794,-0.5245113799061936
0.05º,SWA,Clay,1.8929337395562067,0.8604668993175814
0.05º,SWA,Clay,1.0652283562554254,0.03251796027912915
0.05º,SWA,Clay,1.397160742017958,0.3645480185211481
0.05º,SWA,Clay,0.5374079810248481,-0.4954577282832697
0.05º,SWA,Clay,0.7397793663872613,-0.2930267943024232
0.05º,SWA,Clay,0.5210851033528646,-0.5117854090296231
0.05º,SWA,Clay,1.0478076934814453,0.015092171402965513
0.05º,SWA,Clay,3.5988345675998263,2.566869695746269
0.05º,SWA,Clay,0.6503609551323785,-0.38247151729521894
0.05º,SWA,Clay,5.461580700344509,4.4301639492566345
0.05º,SWA,Clay,0.2822861141628689,-0.7506546658113737
0.05º,SWA,Clay,1.0466151767306857,0.013899303749212197
0.05º,SWA,Clay,0.3579644097222222,-0.6749541016000672
0.05º,SWA,Clay,0.6597173478868272,-0.37311237138344483
0.05º,SWA,Clay,1.4716746012369792,0.43908380375190614
0.05º,SWA,Clay,1.2573805914984808,0.2247267371133641
0.05º,SWA,Clay,0.36652904086642796,-0.6663869502776697
0.05º,SWA,Clay,0.24339993794759116,-0.7895522844450825
0.05º,SWA,Clay,0.483950932820638,-0.5489305064453511
0.05º,SWA,Clay,0.2877822452121311,-0.7451569175027837
0.05º,SWA,Clay,3.146111079624721,2.114012992009494
0.05º,SWA,Clay,0.36595196194118923,-0.6669641990107725
0.05º,SWA,Clay,0.6724094814724393,-0.3604165030849501
0.05º,SWA,Clay,0.4629868401421441,-0.5699007678949559
0.05º,SWA,Clay,0.9424796634250217,-0.09026685186260645
0.05º,SWA,Clay,0.4662361145019531,-0.5666505374227069
0.05º,SWA,Clay,0.9066912333170573,-0.12606581286437787
0.05º,SWA,Clay,0.4738648732503255,-0.559019533880472
0.05º,SWA,Clay,2.709398693508572,1.6771721014647203
0.05º,SWA,Clay,0.6090920766194662,-0.42375253934658325
0.05º,SWA,Clay,0.6639410654703776,-0.3688874109534995
0.05º,SWA,Clay,0.6403441958957248,-0.3924912240047708
0.05º,SWA,Clay,0.6000086466471354,-0.43283864215581
0.05º,SWA,Clay,1.2542637719048395,0.22160900038264647
0.05º,SWA,Clay,0.1564639409383138,-0.8765138627315981
0.05º,SWA,Clay,1.9719649420844183,0.9395213571045108
0.05º,SWA,Clay,0.31867557101779515,-0.7142545012080307
0.05º,SWA,Clay,0.4259137047661675,-0.6069848121945863
0.05º,SWA,Clay,0.4899531470404731,-0.5429265260491185
0.05º,SWA,Clay,0.5009464687771268,-0.5319299694820058
0.05º,SWA,Clay,0.2743848164876302,-0.7585582884761833
0.05º,SWA,Clay,0.8709350162082248,-0.16183255138820893
0.05º,SWA,Clay,0.730467266506619,-0.3023416343070292
0.05º,SWA,Clay,0.46316443549262154,-0.5697231202863109
0.05º,SWA,Clay,1.4729803085327149,0.4403898952574222
0.05º,SWA,Clay,3.3669052124023438,2.33487209437529
0.05º,SWA,Clay,0.4336958991156684,-0.5992003279021616
0.05º,SWA,Clay,0.853729248046875,-0.17904338241811227
0.05º,SWA,Clay,1.017892837524414,-0.014831487124348511
0.05º,SWA,Clay,0.3450887468126085,-0.6878335532268274
0.05º,SWA,Clay,0.6354793972439237,-0.39735745414372686
0.05º,SWA,Clay,0.47015274895562065,-0.5627327504831274
0.05º,SWA,Clay,0.9176014794243706,-0.11515235637195348
0.05º,SWA,Clay,1.0850264231363933,0.052321852823286996
0.05º,SWA,Clay,1.4360090891520183,0.40340779694227563
0.05º,SWA,Clay,0.7195752461751302,-0.31323685966061887
0.05º,SWA,Clay,1.0829397837320964,0.050234599416701844
0.05º,SWA,Clay,0.5586742824978299,-0.4741851691129873
0.05º,SWA,Clay,0.4182870652940538,-0.6146136958369568
0.05º,SWA,Clay,0.49841011895073783,-0.5344670656398376
0.05º,SWA,Clay,0.4503769344753689,-0.5825143840787079
0.05º,SWA,Clay,0.296478271484375,-0.7364583323887872
0.05º,SWA,Clay,2.4953011406792536,1.4630115495436176
0.05º,SWA,Clay,0.5864086151123047,-0.4464426755562558
0.05º,SWA,Clay,0.3213036855061849,-0.7116256133860662
0.05º,SWA,Clay,0.8546553717719184,-0.17811698617732644
0.05º,SWA,Clay,0.8276744418674045,-0.20510585533222891
0.05º,SWA,Clay,0.7672511206732856,-0.2655469563389029
0.05º,SWA,Clay,0.8615881601969401,-0.17118215775059278
0.05º,SWA,Clay,0.34092288547092015,-0.692000640390472
0.05º,SWA,Clay,0.3081599341498481,-0.7247732323456854
0.05º,SWA,Clay,0.893281512790256,-0.1394794792569917
0.05º,SWA,Clay,0.7149891323513455,-0.3178243229673935
0.05º,SWA,Clay,0.5191020965576172,-0.5137689993328343
0.05º,SWA,Clay,1.3412647247314453,0.30863555360000877
0.05º,SWA,Clay,1.5229123433430989,0.4903366227758845
0.05º,SWA,Clay,2.0670789082845054,1.0346633109831465
0.05º,SWA,Clay,0.908625496758355,-0.12413098025805012
0.05º,SWA,Clay,0.3747575547960069,-0.6581560150737816
0.05º,SWA,Clay,1.3913260565863714,0.3587116162092041
0.05º,SWA,Clay,0.5555937025282118,-0.47726665555602227
0.05º,SWA,Clay,0.715211444430881,-0.3176019454716077
0.05º,SWA,Clay,0.562267091539171,-0.4705913028727032
0.05º,SWA,Clay,0.6887986924913194,-0.34402246947283804
0.05º,SWA,Clay,0.6255688137478299,-0.4072709538700673
0.05º,SWA,Clay,0.6917313469780816,-0.3410889520403451
0.05º,SWA,Clay,0.6936868031819662,-0.33913292043537235
0.05º,SWA,Clay,5.027316689491272,3.995772154419336
0.05º,SWA,Clay,0.9104173448350694,-0.12233860492261672
0.05º,SWA,Clay,0.6335603925916884,-0.39927702347103017
0.05º,SWA,Clay,0.9836150275336372,-0.04911938350270544
0.05º,SWA,Clay,0.7363355424669054,-0.2964716315822331
0.05º,SWA,Clay,0.43705134921603733,-0.5958438904467013
0.05º,SWA,Clay,0.5083493126763238,-0.5245249472653264
0.05º,SWA,Clay,0.3875598907470703,-0.645349911982333
0.05º,SWA,Clay,0.5963189866807725,-0.4365293878199018
0.05º,SWA,Clay,0.48332956102159286,-0.5495520610856219
0.05º,SWA,Clay,0.6965694427490234,-0.3362494326396816
0.05º,SWA,Clay,0.6234135097927518,-0.4094268920322622
0.05º,SWA,Clay,0.5169694688585069,-0.5159022545664791
0.05º,SWA,Clay,0.6984157562255859,-0.3344025758777306
0.05º,SWA,Clay,0.4072568681504991,-0.6256471386617118
0.05º,SWA,Clay,0.7479301028781467,-0.28487365942356224
0.05º,SWA,Clay,0.34122636583116317,-0.6916970707298757
0.05º,SWA,Clay,0.67076873779296875,-0.36205772956004484
0.05º,SWA,Clay,1.0100315941704645,-0.022695043681718884
0.05º,SWA,Clay,0.4663935767279731,-0.5664930288627746
0.05º,SWA,Clay,0.35503790113661027,-0.6778814713229531
0.05º,SWA,Clay,0.5934109157986112,-0.43943831441396647
0.05º,SWA,Clay,0.6488170623779297,-0.38401586434650603
0.05º,SWA,Clay,0.26855574713812935,-0.7643890730534862
0.05º,SWA,Clay,5.8674163818359375,4.83611904957845
0.05º,SWA,Clay,0.5957024892171224,-0.43714606669048434
0.05º,SWA,Clay,1.0704818301730685,0.03777298005323416
0.05º,SWA,Clay,1.290866004096137,0.2582220029323851
0.05º,SWA,Clay,0.8498933580186632,-0.18288040117285445
0.05º,SWA,Clay,0.6006736755371094,-0.4321734175783304
0.05º,SWA,Clay,0.3215635087754991,-0.7113657136626786
0.05º,SWA,Clay,0.7689537472195096,-0.26384382878776486
0.05º,SWA,Clay,0.9109764099121094,-0.12177937533836201
0.05º,SWA,Clay,1.957676887512207,0.9252290982130558
0.05º,SWA,Clay,0.8038789961073134,-0.22890830300080364
0.05º,SWA,Clay,0.6504518720838759,-0.3823805735910319
0.05º,SWA,Clay,0.2839925554063585,-0.7489477224404797
0.05º,SWA,Clay,0.3185647328694661,-0.714365371970944
0.05º,SWA,Clay,0.45653406778971356,-0.5763554390023806
0.05º,SWA,Clay,1.3839037153455946,0.3512870909137714
0.05º,SWA,Clay,0.7604278988308377,-0.272372185942642
0.05º,SWA,Clay,1.1291618347167969,0.09647025143137186
0.05º,SWA,Clay,1.5084457397460938,0.47586576232084543
0.05º,SWA,Clay,0.3998953501383464,-0.6330108228310334
0.05º,SWA,Clay,0.7374528249104818,-0.2953540203736695
0.05º,SWA,Clay,5.009837968008859,3.978288289750724
0.05º,SWA,Clay,1.3753200107150607,0.34270086049259335
0.05º,SWA,Clay,0.47568851047092015,-0.557195360047071
0.05º,SWA,Clay,0.6128499772813585,-0.4199935329068547
0.05º,SWA,Clay,0.43163151211208767,-0.6012653223601695
0.05º,SWA,Clay,0.4777692159016927,-0.5551140423601065
0.05º,SWA,Clay,0.4921262529161241,-0.5407527807280619
0.05º,SWA,Clay,0.37538782755533856,-0.6575255568540798
0.05º,SWA,Clay,1.440813488430447,0.40821360993509354
0.05º,SWA,Clay,0.7439543406168619,-0.28885059156936127
0.05º,SWA,Clay,7.130363736833845,6.099438032067119
0.05º,SWA,Clay,3.4100251727634006,2.3780047429633004
0.05º,SWA,Clay,11.242221014840263,10.21250524111029
0.05º,SWA,Clay,0.44045575459798175,-0.5924384833043711
0.05º,SWA,Clay,0.9076716105143229,-0.1250851471870609
0.05º,SWA,Clay,0.8174468146430122,-0.21533649207829827
0.05º,SWA,Clay,0.49550310770670575,-0.53737493228397
0.05º,SWA,Clay,0.88695526123046875,-0.1458075923425059
0.05º,SWA,Clay,0.36256959703233504,-0.6703475591945122
0.05º,SWA,Clay,0.4185619354248047,-0.6143387448245313
0.05º,SWA,Clay,0.1458581288655599,-0.8871227956084873
0.05º,SWA,Clay,0.9397578769259982,-0.09298943925858179
0.05º,SWA,Clay,0.7870530022515191,-0.24573924797498897
0.05º,SWA,Clay,1.2392470041910808,0.20658781392278347
0.05º,SWA,Clay,0.8262375725640191,-0.20654314744035882
0.05º,SWA,Clay,1.4450533125135634,0.41245468160400905
0.05º,SWA,Clay,1.044902589586046,0.012186212668711041
0.05º,SWA,Clay,0.8392437828911675,-0.1935331099819455
0.05º,SWA,Clay,1.5202992757161458,0.48772278624295795
0.05º,SWA,Clay,0.6547597249348959,-0.37807145313646595
0.05º,SWA,Clay,0.24349149068196616,-0.7894607047709362
0.05º,SWA,Clay,0.5357227325439453,-0.4971434726555189
0.05º,SWA,Clay,0.25313546922471786,-0.7798138884475497
0.05º,SWA,Clay,10.603851954142252,9.573948337671828
0.05º,SWA,Clay,0.30176226298014325,-0.7311727860566332
0.05º,SWA,Clay,0.39016766018337673,-0.6427413751990677
0.05º,SWA,Clay,0.4075387318929036,-0.6253651919797335
0.05º,SWA,Clay,0.6555900573730469,-0.3772408763695555
0.05º,SWA,Clay,0.7902410295274522,-0.242550282608824
0.05º,SWA,Clay,0.6834320492214627,-0.34939069189970734
0.05º,SWA,Clay,0.7208881378173828,-0.31192358169456214
0.05º,SWA,Clay,0.51450072394477,-0.5183717259186332
0.05º,SWA,Clay,1.1157624986436632,0.08306697254809406
0.05º,SWA,Clay,0.22769317626953126,-0.805263667902829
0.05º,SWA,Clay,0.6169450547960069,-0.41589725039868436
0.05º,SWA,Clay,1.7542334662543402,0.7217258128857525
0.05º,SWA,Clay,1.19899410671658,0.16632307186645964
0.05º,SWA,Clay,0.68226072523329,-0.35056236055481566
0.05º,SWA,Clay,0.9923195309109158,-0.04041231878925101
0.05º,SWA,Clay,1.0456591712103949,0.012943016920336907
0.05º,SWA,Clay,0.7330538431803385,-0.299754296522409
0.05º,SWA,Clay,0.49205928378634983,-0.5408197695637801
0.05º,SWA,Clay,0.3626401689317491,-0.6702769665290244
0.05º,SWA,Clay,0.5161306593153212,-0.5167413109328475
0.05º,SWA,Clay,2.7509837680392795,1.718769412575868
0.05º,SWA,Clay,0.5367912716335721,-0.4960746191438387
0.05º,SWA,Clay,0.25864389207628036,-0.7743038447197454
0.05º,SWA,Clay,1.0136642456054688,-0.019061323323982228
0.05º,SWA,Clay,0.3494408925374349,-0.6834801268650935
0.05º,SWA,Clay,0.7622288597954644,-0.2705706950377913
0.05º,SWA,Clay,0.29522018432617186,-0.737716789744348
0.05º,SWA,Clay,0.32509273952907985,-0.7078354444183294
0.05º,SWA,Clay,0.3347064124213325,-0.6982189426630052
0.05º,SWA,Clay,7.9255622863769535,6.894870572077411
0.05º,SWA,Clay,0.8292857276068794,-0.20349409546525069
0.05º,SWA,Clay,0.9711939493815104,-0.061544116608530784
0.05º,SWA,Clay,0.40730730692545575,-0.6255966850449366
0.05º,SWA,Clay,1.3392518361409504,0.3066220727087081
0.05º,SWA,Clay,0.9751402537027994,-0.057596651070848257
0.05º,SWA,Clay,0.8479622734917535,-0.1848120539293854
QDS,Cape,Clay,3.5105860804352496,1.3051675380195984
QDS,Cape,Clay,6.183189197507424,3.1138186326678263
QDS,Cape,Clay,1.9831579693586394,0.27149946083738435
QDS,Cape,Clay,2.821831500428954,0.8390613971134077
QDS,Cape,Clay,1.977156267420259,0.2674378833022598
QDS,Cape,Clay,1.2349616782394521,-0.2348331226652929
QDS,Cape,Clay,1.7059770730852963,0.08392071850262395
QDS,Cape,Clay,1.2129579451241164,-0.2497238768259769
QDS,Cape,Clay,0.9258140602937113,-0.4440449484069287
QDS,Cape,Clay,1.7079919791125093,0.08528428122858693
QDS,Cape,Clay,3.3689432523543372,1.209312506488295
QDS,Cape,Clay,1.123187676228975,-0.31047479568366776
QDS,Cape,Clay,0.6383386135101317,-0.6385904004376832
QDS,Cape,Clay,2.4008272714171985,0.5541519936970825
QDS,Cape,Clay,1.3924225753822563,-0.1282734085938624
QDS,Cape,Clay,3.132030673082809,1.048984849494167
QDS,Cape,Clay,2.6633720906296667,0.731825951955071
QDS,Cape,Clay,2.475421001373837,0.6046323775887865
QDS,Cape,Clay,2.361371742082082,0.5274509523542662
QDS,Cape,Clay,2.153164626390506,0.3865493627004853
QDS,Cape,Clay,0.32709519068400067,-0.8492205362033075
QDS,Cape,Clay,0.7522019942601523,-0.561534766206635
QDS,Cape,Clay,1.2340306043624878,-0.23546321539249693
QDS,Cape,Clay,0.7449769973754883,-0.5664241934623335
QDS,Cape,Clay,2.2820281502477506,0.4737561582010308
QDS,Cape,Clay,3.0235861860055904,0.9755963845148828
QDS,Cape,Clay,3.428183470831977,1.2494025914366955
QDS,Cape,Clay,1.8128896970015307,0.15627251403957035
QDS,Cape,Clay,1.7691470949330563,0.12667024926313086
QDS,Cape,Clay,1.7077701839684567,0.08513418410884777
QDS,Cape,Clay,0.8453042904535928,-0.49852893909789475
QDS,Cape,Clay,1.583158489249603,8.047613750572081e-4
QDS,Cape,Clay,3.0510112702962715,0.9941559710117734
QDS,Cape,Clay,2.6329997295803484,0.7112718323748022
QDS,Cape,Clay,1.5558598298292892,-0.0176692686549116
QDS,Cape,Clay,1.5571604165543,-0.016789112679319974
QDS,Cape,Clay,1.2427376640088843,-0.2295708204985351
QDS,Cape,Clay,0.8008257821562209,-0.5286292193102782
QDS,Cape,Clay,1.0616850421381934,-0.35209594240817693
QDS,Cape,Clay,1.260964477108974,-0.2172360502309841
QDS,Cape,Clay,2.045561206294041,0.3137300793949392
QDS,Cape,Clay,2.5690499072604718,0.6679945812923022
QDS,Cape,Clay,2.2609781177416326,0.45951080912867054
QDS,Cape,Clay,2.0186641498282825,0.29552782919592624
QDS,Cape,Clay,1.5538654194762427,-0.019018961186950154
QDS,Cape,Clay,1.4902711239279316,-0.062055613925288494
QDS,Cape,Clay,2.26379444896311,0.4614167264398041
QDS,Cape,Clay,1.218652570922168,-0.24587010926974454
QDS,Cape,Clay,2.4490082642299673,0.5867578844989748
QDS,Cape,Clay,2.330732464260525,0.5067162001506176
QDS,Cape,Clay,3.3576411279503287,1.2016639336251629
QDS,Cape,Clay,1.9398715827420034,0.24220593422378398
QDS,Cape,Clay,1.5987684169232346,0.011368586805756635
QDS,Cape,Clay,1.7161357225224867,0.09079545882877084
QDS,Cape,Clay,1.7742681872153634,0.13013588510820764
QDS,Cape,Clay,2.152432404094272,0.3860538403203945
QDS,Cape,Clay,1.1003538990181034,-0.32592727191689114
QDS,Cape,Clay,1.1931308710675284,-0.263141603897778
QDS,Cape,Clay,1.905463657076397,0.2189207962165183
QDS,Cape,Clay,2.173161103990344,0.40008173152435905
QDS,Cape,Clay,1.9442927431819426,0.24519789985393384
QDS,Cape,Clay,0.8919385423857125,-0.46696978605105954
QDS,Cape,Clay,0.6971649898796544,-0.5987803780159917
QDS,Cape,Clay,2.4762230206150164,0.6051751341878574
QDS,Cape,Clay,2.4575415190060927,0.5925326590972545
QDS,Cape,Clay,1.333757497469584,-0.16797427428042774
QDS,Cape,Clay,1.0754427023534774,-0.3427856160640878
QDS,Cape,Clay,1.2000091677784845,-0.25848680169534155
QDS,Cape,Clay,1.7677891393099434,0.12575126959550348
QDS,Cape,Clay,1.4522275839911571,-0.08780110891158448
QDS,Cape,Clay,1.110752008226183,-0.3188904801533361
QDS,Cape,Clay,1.3494816886054144,-0.15733312246532663
QDS,Cape,Clay,1.9652531528472896,0.2593825977775955
QDS,Cape,Clay,2.115604559580485,0.3611310521713014
QDS,Cape,Clay,1.5064346472783523,-0.05111714946928033
QDS,Cape,Clay,0.7378638770363549,-0.571237909649955
QDS,Cape,Clay,1.3812457119011736,-0.13583721267710375
QDS,Cape,Clay,1.214947281535368,-0.24837761802127445
QDS,Cape,Clay,0.9641864374870267,-0.4180769168755674
QDS,Cape,Clay,1.0735112677680123,-0.34409269052453734
QDS,Cape,Clay,1.9410801145765524,0.2430237931911374
QDS,Cape,Clay,2.42673715379503,0.5716861860451813
QDS,Cape,Clay,2.759681608412001,0.797002226595088
QDS,Cape,Clay,1.3980606365203856,-0.12445792047142759
QDS,Cape,Clay,1.1133691325332176,-0.3171193736570098
QDS,Cape,Clay,1.2034794391285284,-0.25613833849259743
QDS,Cape,Clay,0.8494624163887714,-0.4957149788146392
QDS,Cape,Clay,1.2410364921228059,-0.23072206752593183
QDS,Cape,Clay,0.7588601880770893,-0.5570289159146636
QDS,Cape,Clay,0.9751623381027067,-0.4106491119252211
QDS,Cape,Clay,1.8055873023139108,0.15133070877826924
QDS,Cape,Clay,2.592071520487467,0.6835741732255735
QDS,Cape,Clay,2.8307273737589522,0.8450815693317876
QDS,Cape,Clay,1.2604328664143871,-0.21759581119158072
QDS,Cape,Clay,1.3945559653850503,-0.12682966330328144
QDS,Cape,Clay,1.3296794861117935,-0.17073401801459498
QDS,Cape,Clay,1.1740383341477099,-0.2760622420497947
QDS,Cape,Clay,0.42654670263953776,-0.7819179558786039
QDS,Cape,Clay,1.064757853772217,-0.35001645515096935
QDS,Cape,Clay,1.2052802801384495,-0.25491964161872366
QDS,Cape,Clay,2.0787444898817276,0.33618645602696223
QDS,Cape,Clay,2.3725724665323886,0.5350309040532274
QDS,Cape,Clay,1.7289534420437276,0.09946969193689613
QDS,Cape,Clay,1.4228406270345049,-0.10768836846333413
QDS,Cape,Clay,1.4770224982183338,-0.0710214574653122
QDS,Cape,Clay,1.150573957669664,-0.29194146853544933
QDS,Cape,Clay,0.42163206088268507,-0.7852438788847378
QDS,Cape,Clay,0.7506673224737561,-0.5625733363514727
QDS,Cape,Clay,1.0699996702002474,-0.34646912073384567
QDS,Cape,Clay,0.7799287160237627,-0.5427710502817289
QDS,Cape,Clay,1.301791144476996,-0.18960710818780308
QDS,Cape,Clay,1.74293711344401,0.10893296855427453
QDS,Cape,Clay,1.6074387359619138,0.017236117947992086
QDS,Cape,Clay,1.9610694236571087,0.2565513108082747
QDS,Cape,Clay,1.1535588320166354,-0.2899214917493146
QDS,Cape,Clay,0.40359787871059094,-0.7974482885549532
QDS,Cape,Clay,0.39555469886929445,-0.8028914110041817
QDS,Cape,Clay,1.0078067060638467,-0.3885574397761232
QDS,Cape,Clay,0.9443077203366208,-0.4315295927721933
QDS,Cape,Clay,0.4114840104844839,-0.7921114464423776
QDS,Cape,Clay,0.9803399064805787,-0.40714525658118
QDS,Cape,Clay,1.6304722256130642,0.03282374710437787
QDS,Cape,Clay,2.0294983376397022,0.30285973175922765
QDS,Cape,Clay,2.1286020957099057,0.3699269739443628
QDS,Cape,Clay,1.157544446209677,-0.2872242766532749
QDS,Cape,Clay,0.6258399024248646,-0.6470487485334621
QDS,Cape,Clay,0.39699738916562716,-0.8019150881947708
QDS,Cape,Clay,0.320906263639715,-0.8534088160125476
QDS,Cape,Clay,0.38158839862868216,-0.8123429319041654
QDS,Cape,Clay,0.19513095560527915,-0.9385256996617023
QDS,Cape,Clay,1.1555081276666552,-0.28860233003440067
QDS,Cape,Clay,1.238220781763911,-0.23262756467599371
QDS,Cape,Clay,1.216868752373591,-0.2470772864035017
QDS,Cape,Clay,1.069633878072103,-0.3467166660310714
QDS,Cape,Clay,1.1463858752780487,-0.29477570147998405
QDS,Cape,Clay,1.098524157206218,-0.32716552705094015
QDS,Cape,Clay,1.1812738164265957,-0.27116571893327945
QDS,Cape,Clay,1.6907612440321185,0.07362359443761925
QDS,Cape,Clay,0.7882435805709274,-0.5371440685690247
QDS,Cape,Clay,0.6037483437856035,-0.6619989375309054
QDS,Cape,Clay,0.5284304037548238,-0.7129694216305243
QDS,Cape,Clay,0.3626413434978346,-0.8251651170553631
QDS,Cape,Clay,0.628098244507684,-0.6455204434686023
QDS,Cape,Clay,0.3334371639546185,-0.8449286842538499
QDS,Cape,Clay,0.29426540079570884,-0.871437690347608
QDS,Cape,Clay,1.2234258025239555,-0.24263988383655719
QDS,Cape,Clay,1.468983301120976,-0.07646188464185363
QDS,Cape,Clay,0.8130821312798405,-0.5203348866735978
QDS,Cape,Clay,1.05900299496121,-0.35391098465353027
QDS,Cape,Clay,1.4113386917114257,-0.11547216089393261
QDS,Cape,Clay,1.6113522423638251,0.019884534988485518
QDS,Cape,Clay,0.7009063296847882,-0.5962484725898619
QDS,Cape,Clay,1.0314184994167757,-0.37257845074419904
QDS,Cape,Clay,1.0380518764919708,-0.36808939487517445
QDS,Cape,Clay,0.831460520426432,-0.5078975391918407
QDS,Cape,Clay,0.9158641687485548,-0.45077841441234623
QDS,Cape,Clay,0.6360217911343908,-0.6401582813172728
QDS,Cape,Clay,0.6238459097466382,-0.6483981584092335
QDS,Cape,Clay,2.7216349488810487,0.7712546204620272
QDS,Cape,Clay,1.5805253990051222,-9.771498719088755e-4
QDS,Cape,Clay,2.2581534308803506,0.4575992372416734
QDS,Cape,Clay,1.1412000702527234,-0.2982851308732873
QDS,Cape,Clay,0.8111945427788628,-0.5216122888388242
QDS,Cape,Clay,0.8724686559041347,-0.48014579085051495
QDS,Cape,Clay,1.5004217444525831,-0.05518630706637039
QDS,Cape,Clay,1.9308463626437726,0.23609822818025117
QDS,Cape,Clay,1.0170284186469192,-0.3823167598744336
QDS,Cape,Clay,0.8631837760077588,-0.4864292184499912
QDS,Cape,Clay,0.6727575259738496,-0.6152978272507217
QDS,Cape,Clay,0.6001522827148433,-0.6644325273709029
QDS,Cape,Clay,0.8045647746499998,-0.5260989023980676
QDS,Cape,Clay,0.8423182564806443,-0.5005497006465629
QDS,Cape,Clay,2.102513075376812,0.3522715522012939
QDS,Cape,Clay,2.387175913662241,0.5449136062278697
QDS,Cape,Clay,1.2052929699118846,-0.25491105397154634
QDS,Cape,Clay,1.7052267263553764,0.08341293063626762
QDS,Cape,Clay,0.7344945695665138,-0.5735180467958738
QDS,Cape,Clay,0.9529354943169486,-0.42569085347183955
QDS,Cape,Clay,1.6452020390828457,0.04279196613619198
QDS,Cape,Clay,1.6609236526489264,0.05343137361285415
QDS,Cape,Clay,1.4916591262817391,-0.06111630050439476
QDS,Cape,Clay,0.5631585862901475,-0.6894675537488218
QDS,Cape,Clay,0.2719639333089192,-0.8865299325606724
QDS,Cape,Clay,0.5175290510389535,-0.7203467772119639
QDS,Cape,Clay,1.0995261702668853,-0.3264874271088085
QDS,Cape,Clay,1.02126531107397,-0.37944949534228445
QDS,Cape,Clay,0.7570672311679267,-0.5582422773208894
QDS,Cape,Clay,1.1263104363093297,-0.30836150643335636
QDS,Cape,Clay,0.5584515495300295,-0.6926529826418567
QDS,Cape,Clay,0.6680446751912434,-0.6184871907115458
QDS,Cape,Clay,0.8226405988420762,-0.5138663120060145
QDS,Cape,Clay,1.2733461145875318,-0.20885693025013805
QDS,Cape,Clay,1.6424703311667865,0.04094331660006029
QDS,Cape,Clay,1.0779964294130835,-0.3410574128706225
QDS,Cape,Clay,1.119984088362309,-0.3126427841383826
QDS,Cape,Clay,1.003501841143558,-0.3914707038521311
QDS,Cape,Clay,1.4757298617892805,-0.07189623317647377
QDS,Cape,Clay,1.4618184492323134,-0.08131060951560833
QDS,Cape,Clay,1.2951533084445523,-0.19409918160098041
QDS,Cape,Clay,1.089397345648871,-0.33334198385756375
QDS,Cape,Clay,1.3969754960801863,-0.12519227583922476
QDS,Cape,Clay,1.5093239932590063,-0.049161820323195875
QDS,Cape,Clay,1.0145925055609817,-0.383965233918786
QDS,Cape,Clay,0.8462660386827258,-0.4978780878823566
QDS,Cape,Clay,1.2748132154676652,-0.207864087880142
QDS,Cape,Clay,1.7043703982270797,0.08283342116973723
QDS,Cape,Clay,1.9530134868432607,0.2510995552356984
QDS,Cape,Clay,1.9261123063908887,0.23289451417976587
QDS,Cape,Clay,2.210968886211955,0.42566768039365865
QDS,Cape,Clay,2.057135970114286,0.3215631576099771
QDS,Cape,Clay,1.452722654490135,-0.0874660760762994
QDS,Cape,Clay,1.3994728765876436,-0.12350220447781964
QDS,Cape,Clay,1.6325283785204094,0.03421522314617348
QDS,Cape,Clay,1.198579234671687,-0.2594544912345636
QDS,Cape,Clay,0.9771807474329854,-0.4092831783822504
QDS,Cape,Clay,0.9913130793495787,-0.39971929759965225
QDS,Cape,Clay,0.8872752483863147,-0.47012561257195246
QDS,Cape,Clay,1.2183591648267367,-0.24606866821487508
QDS,Cape,Clay,1.150893691695015,-0.2917250924894689
QDS,Cape,Clay,1.294996051310608,-0.19420560342082818
QDS,Cape,Clay,0.7703436862691765,-0.549257600584364
QDS,Cape,Clay,1.7794356140576515,0.1336328772935111
QDS,Cape,Clay,0.6394330752523315,-0.6378497369940781
QDS,Cape,Clay,0.8759126744951509,-0.4778150938776497
QDS,Cape,Clay,0.6691446247554955,-0.6177428134522609
QDS,Cape,Clay,0.593274071103051,-0.669087271983533
QDS,Cape,Clay,0.5258619785308838,-0.7147075716248603
QDS,Cape,Clay,0.5597750345865885,-0.6917573305036827
QDS,Cape,Clay,0.40558727582295734,-0.7961019886715223
QDS,Cape,Clay,0.5955244700113932,-0.6675643423637295
QDS,Cape,Clay,0.7066001892089844,-0.5923952235999811
QDS,Cape,Clay,1.4059233577009553,-0.11913692118825298
QDS,Cape,Clay,1.5601589518008017,-0.014759891048437623
QDS,Cape,Clay,2.012230574750669,0.2911739868568608
QDS,Cape,Clay,1.575643543667263,-0.00428088507461505
QDS,Cape,Clay,0.9239357291327583,-0.44531608578182297
QDS,Cape,Clay,0.8617865117390949,-0.4873747997571777
QDS,Cape,Clay,1.5159592522515188,-0.04467149088990945
QDS,Cape,Clay,1.9915162489149307,0.27715582312039444
QDS,Cape,Clay,1.8815546925862634,0.20274070029402375
QDS,Cape,Clay,1.7559985690646707,0.11777214705223531
QDS,Cape,Clay,1.754092885123359,0.11648249902163559
QDS,Cape,Clay,1.7367090037007809,0.10471817233828391
QDS,Cape,Clay,1.8068442225980748,0.15218131403024882
QDS,Cape,Clay,1.7508038801055763,0.11425670556666387
QDS,Cape,Clay,1.4303182290853655,-0.10262799378658494
QDS,Cape,Clay,1.3991420066423355,-0.12372611661986017
QDS,Cape,Clay,1.7158169064285547,0.09057970398152164
QDS,Cape,Clay,1.710732584390208,0.08713895194413201
QDS,Cape,Clay,1.3861541541256885,-0.13251548512778025
QDS,Cape,Clay,1.047035616968373,-0.36200975965253784
QDS,Cape,Clay,0.760580668474632,-0.555864602091014
QDS,Cape,Clay,0.773594009818297,-0.5470579843347513
QDS,Cape,Clay,0.6590535346270249,-0.6245718338520599
QDS,Cape,Clay,1.1468559630087272,-0.2944575754240646
QDS,Cape,Clay,0.5382604685798084,-0.7063170468755147
QDS,Cape,Clay,0.7123939060403744,-0.5884743974128684
QDS,Cape,Clay,0.5101509646051652,-0.7253398059260437
QDS,Cape,Clay,0.679119718929764,-0.610992291879393
QDS,Cape,Clay,0.6405522560660453,-0.6370923452246446
QDS,Cape,Clay,1.433103520936605,-0.10074308198524809
QDS,Cape,Clay,1.8242659106665151,0.1639712258934526
QDS,Cape,Clay,1.943190555572511,0.2444520080252624
QDS,Cape,Clay,1.5474251556396486,-0.023377330060903992
QDS,Cape,Clay,1.3583582517835826,-0.151326018153297
QDS,Cape,Clay,1.635493960910373,0.03622214433907879
QDS,Cape,Clay,1.86340468512641,0.19045790729328108
QDS,Cape,Clay,2.083435668945312,0.33936115342005596
QDS,Cape,Clay,2.1469941118028424,0.38237354329346956
QDS,Cape,Clay,1.6364796023898651,0.036889165016195706
QDS,Cape,Clay,1.2631075625949437,-0.2157857436421143
QDS,Cape,Clay,1.227163465994376,-0.24011046632446192
QDS,Cape,Clay,1.04400674040126,-0.3640595143967681
QDS,Cape,Clay,0.812151503635225,-0.5209646774185804
QDS,Cape,Clay,0.49776857765975535,-0.7337194330993098
QDS,Cape,Clay,1.181137115810041,-0.2712582293843043
QDS,Cape,Clay,1.5186714503275642,-0.04283604439663581
QDS,Cape,Clay,2.2755073466194147,0.4693432850194354
QDS,Cape,Clay,1.8230133723181534,0.16312358606231486
QDS,Cape,Clay,1.359559004445556,-0.15051342364474188
QDS,Cape,Clay,1.7193666001761525,0.09298191530921479
QDS,Cape,Clay,1.3130024158924445,-0.18202001896066677
QDS,Cape,Clay,0.9457200668232714,-0.4305738047605781
QDS,Cape,Clay,0.636238196531774,-0.6400118316419114
QDS,Cape,Clay,0.28842252223039744,-0.8753917861299342
QDS,Cape,Clay,0.5574738816733793,-0.6933146072683631
QDS,Cape,Clay,0.9249031013224543,-0.4446614286205522
QDS,Cape,Clay,2.3257745059365655,0.5033609631935968
QDS,Cape,Clay,2.620454959263877,0.7027823142641398
QDS,Cape,Clay,0,-1.0705781597523234
QDS,Cape,Clay,3.4195394928193155,1.2435528862579324
QDS,Cape,Clay,3.3796004476381927,1.216524631548278
QDS,Cape,Clay,2.97436693829972,0.9422878675591344
QDS,Cape,Clay,1.4286257570440126,-0.10377335330169614
QDS,Cape,Clay,1.179174562704684,-0.27258636291809957
QDS,Cape,Clay,1.2791240734524196,-0.20494676807190182
QDS,Cape,Clay,1.0234194268120662,-0.37799172416675175
QDS,Cape,Clay,1.012001546223958,-0.38571863359536446
QDS,Cape,Clay,1.4052756330702028,-0.1195752608186148
QDS,Cape,Clay,1.2346937532778135,-0.23501443756837592
QDS,Cape,Clay,1.4270216325225005,-0.10485892472577028
QDS,Cape,Clay,1.050220739374716,-0.3598542674696462
QDS,Cape,Clay,1.048864848424517,-0.3607718498954227
QDS,Cape,Clay,2.0247868965082443,0.2996713222623783
QDS,Cape,Clay,1.4724988983855656,-0.07408274768720255
QDS,Cape,Clay,1.0264448017178838,-0.37594433912848146
QDS,Cape,Clay,1.4081200689509292,-0.11765032402703891
QDS,Cape,Clay,2.4157714017232235,0.5642652489963457
QDS,Cape,Clay,1.97668873363071,0.2671214855944029
QDS,Cape,Clay,2.5232771392095663,0.6370184268039986
QDS,Cape,Clay,2.4320315412491103,0.5752690972537875
QDS,Cape,Clay,1.7836649381546745,0.13649502005194755
QDS,Cape,Clay,1.2726952498299735,-0.20929739492246668
QDS,Cape,Clay,1.517042597310186,-0.04393835052435208
QDS,Cape,Clay,0.7572939669299146,-0.5580888366990867
QDS,Cape,Clay,2.1008862745672245,0.3511706348798106
QDS,Cape,Clay,2.115595013359246,0.36112459188418167
QDS,Cape,Clay,2.654709521368356,0.7259636653787912
QDS,Cape,Clay,3.4453704213797898,1.261033647586933
QDS,Cape,Clay,4.875500758488974,2.228856659982347
QDS,Cape,Clay,3.9369004886913928,1.5936705395432482
QDS,Cape,Clay,11.663202344150585,6.822349732197773
QDS,Cape,Clay,3.782992675240665,1.4895153309024969
QDS,Cape,Clay,1.5523340750359869,-0.020055279591452476
QDS,Cape,Clay,1.0201764173941181,-0.38018639066858234
QDS,Cape,Clay,1.058384948306614,-0.3543292400806973
QDS,Cape,Clay,0.7347771453857411,-0.5733268171061747
QDS,Cape,Clay,0.833877719243367,-0.5062617297975072
QDS,Cape,Clay,1.2199315717485213,-0.2450045612840137
QDS,Cape,Clay,2.0789323810294826,0.33631360903665947
QDS,Cape,Clay,1.8738676518485664,0.19753859057708528
QDS,Cape,Clay,2.865266267685663,0.8684553384894464
QDS,Cape,Clay,2.4292804549340485,0.5734073336258759
QDS,Cape,Clay,2.4403336787443246,0.5808874660915404
QDS,Cape,Clay,1.7222246560023298,0.09491606923037167
QDS,Cape,Clay,3.981047551553819,1.6235465181580988
QDS,Cape,Clay,8.822197504545514,4.899734855252742
QDS,Cape,Clay,2.67486083724282,0.7396008190893949
QDS,Cape,Clay,1.5117381921681492,-0.04752804107934645
QDS,Cape,Clay,1.7283648462006542,0.09907136698206846
QDS,Cape,Clay,3.655869723714963,1.403486446193363
QDS,Cape,Clay,4.066107734441758,1.6811099445825148
QDS,Cape,Clay,4.3815727701641265,1.8945970046468454
QDS,Cape,Clay,4.852844899858749,2.213524587947408
QDS,Cape,Clay,9.418630035945348,5.303363191951637
QDS,Cape,Clay,1.4268090005354452,-0.10500282079237593
QDS,Cape,Clay,2.1315355075489397,0.37191212411493324
QDS,Cape,Clay,4.34937883015835,1.8728101540439488
QDS,Cape,Clay,10.113848016738892,5.773843359376891
QDS,SWA,Clay,3.1868506467153157,1.0860835884298752
QDS,SWA,Clay,1.1975113624618166,-0.2601771605411244
QDS,SWA,Clay,0.9221648114068166,-0.4465145324434677
QDS,SWA,Clay,1.193750796469431,-0.26272207705161477
QDS,SWA,Clay,1.4521715798492636,-0.08783900902174059
QDS,SWA,Clay,2.840448589326379,0.8516602816984032
QDS,SWA,Clay,2.1328926063864433,0.37283052396349947
QDS,SWA,Clay,1.924210647135333,0.231607589805459
QDS,SWA,Clay,2.8011706435490815,0.825079417831318
QDS,SWA,Clay,2.339108237278654,0.5123844009175013
QDS,SWA,Clay,2.0217773879021794,0.2976346745461714
QDS,SWA,Clay,2.1869534651986218,0.40941554133614416
QDS,SWA,Clay,2.037214849590278,0.3080817857548709
QDS,SWA,Clay,1.6646939320654646,0.05598286356296757
QDS,SWA,Clay,1.383555782083958,-0.13427390126056085
QDS,SWA,Clay,4.403888311813943,1.909698771375616
QDS,SWA,Clay,2.016774101175865,0.2942487621536493
QDS,SWA,Clay,1.3213630657385709,-0.1763620526133355
QDS,SWA,Clay,1.2379154022367969,-0.23283422649288305
QDS,SWA,Clay,1.0572101303062056,-0.3551242836278959
QDS,SWA,Clay,2.4773370119543956,0.6059290140447379
QDS,SWA,Clay,2.1350268062227995,0.3742748172989246
QDS,SWA,Clay,0.957693622473514,-0.42247084910834987
QDS,SWA,Clay,0.6075224752631478,-0.6594448407461628
QDS,SWA,Clay,0.6036140022703711,-0.6620898514892967
QDS,SWA,Clay,0.4072650215825604,-0.7949665949853951
QDS,SWA,Clay,0.7646020230298867,-0.5531432001470179
QDS,SWA,Clay,3.9681957810334487,1.6148492414575837
QDS,SWA,Clay,2.053848098921856,0.3193381314572854
QDS,SWA,Clay,1.7800594499376077,0.13405505050731756
QDS,SWA,Clay,0.3829442548472966,-0.811425372982559
QDS,SWA,Clay,0.30438909471151177,-0.8645866057380984
QDS,SWA,Clay,0.659782289067517,-0.624078658300439
QDS,SWA,Clay,0.4121075118773172,-0.7916894995885934
QDS,SWA,Clay,0.41258701899695033,-0.7913649990777333
QDS,SWA,Clay,1.1690393492046156,-0.2794452432637431
QDS,SWA,Clay,3.8412250720241623,1.5289233849879247
QDS,SWA,Clay,3.8416356310509796,1.5292012257299816
QDS,SWA,Clay,0.9778858673363398,-0.40880599721123645
QDS,SWA,Clay,0.5822122219152617,-0.6765732415667184
QDS,SWA,Clay,0.6172627985547163,-0.6528531974636308
QDS,SWA,Clay,0.8926436891611557,-0.4664925866946919
QDS,SWA,Clay,0.43809329562717003,-0.7741039419260135
QDS,SWA,Clay,0.4291256163970761,-0.780172707898917
QDS,SWA,Clay,0.6272519441654807,-0.6460931667549554
QDS,SWA,Clay,0.42774425366299745,-0.7811075280393031
QDS,SWA,Clay,0.08242086135550011,-1.014800861521907
QDS,SWA,Clay,1.6606276684715635,0.05323106998267191
QDS,SWA,Clay,0.9702867826941414,-0.4139485837287188
QDS,SWA,Clay,0.7012288114759646,-0.5960302370273538
QDS,SWA,Clay,1.0022792329843975,-0.3922980887980163
QDS,SWA,Clay,0.7174397723995453,-0.5850596697805963
QDS,SWA,Clay,0.577416040520919,-0.679818997988088
QDS,SWA,Clay,0.6468742964002819,-0.6328139826432773
QDS,SWA,Clay,0.38104681628489345,-0.8127094410549923
QDS,SWA,Clay,0.5743667712722029,-0.6818825532272995
QDS,SWA,Clay,0.5235108321209521,-0.7162986808699395
QDS,SWA,Clay,0.7232519408042383,-0.5811263567195295
QDS,SWA,Clay,1.2108844068138105,-0.2511271182241379
QDS,SWA,Clay,0.6594798449768273,-0.6242833335970446
QDS,SWA,Clay,1.4518027772258102,-0.08808859163442154
QDS,SWA,Clay,1.0828190117671075,-0.3377937899264152
QDS,SWA,Clay,0.8659076230488121,-0.4845858886637668
QDS,SWA,Clay,0.49843212551540794,-0.7332703852972582
QDS,SWA,Clay,0.6370825280083553,-0.6394404407610097
QDS,SWA,Clay,0.6099885474310985,-0.6577759569161793
QDS,SWA,Clay,0.40832105848524314,-0.79425193507655
QDS,SWA,Clay,0.44235667758517827,-0.7712187509315114
QDS,SWA,Clay,0.7015326167304734,-0.5958246405799736
QDS,SWA,Clay,0.7639954711619205,-0.553553676619544
QDS,SWA,Clay,1.0106804690153695,-0.38661265625221375
QDS,SWA,Clay,0.6104966160123529,-0.6574321277895229
QDS,SWA,Clay,0.6164976765713911,-0.6533709842999332
QDS,SWA,Clay,3.1240411073688237,1.0435780097422949
QDS,SWA,Clay,2.315086881877023,0.49612824583612525
QDS,SWA,Clay,0.5985575458256887,-0.6655117458309207
QDS,SWA,Clay,0.5352095286051445,-0.7083817327578416
QDS,SWA,Clay,0.6154410976833771,-0.654086010990646
QDS,SWA,Clay,0.47104216681586347,-0.7518062009849126
QDS,SWA,Clay,0.45264847649468326,-0.7642539033472701
QDS,SWA,Clay,0.48584282769097265,-0.7417900368480508
QDS,SWA,Clay,0.5325290595160586,-0.7101957070517341
QDS,SWA,Clay,0.48469825744628875,-0.7425646106007812
QDS,SWA,Clay,0.5317055781200679,-0.7107529878985485
QDS,SWA,Clay,0.8501844034566501,-0.49522638299871
QDS,SWA,Clay,4.704827529684289,2.113355663918664
QDS,SWA,Clay,3.184042126838262,1.0841829573494401
QDS,SWA,Clay,1.1562256224468501,-0.28811677431858396
QDS,SWA,Clay,0.9717209201388886,-0.41297804895580437
QDS,SWA,Clay,1.0321429273817273,-0.37208820308137397
QDS,SWA,Clay,0.5492444186740448,-0.6988837945401414
QDS,SWA,Clay,0.5937043084038626,-0.6687961142130056
QDS,SWA,Clay,0.9167345258924683,-0.4501894109830609
QDS,SWA,Clay,0.6536615837944884,-0.6282207698700049
QDS,SWA,Clay,0.8867654249403196,-0.4704706292816113
QDS,SWA,Clay,0.6434951882410537,-0.6351007522844869
QDS,SWA,Clay,0.587714235132391,-0.6728498221916668
QDS,SWA,Clay,1.226235820115214,-0.24073823919656365
QDS,SWA,Clay,2.7760850293708574,0.8081030387896472
QDS,SWA,Clay,1.4271758621389208,-0.10475455174095114
QDS,SWA,Clay,1.6508350658416744,0.04660404730471932
QDS,SWA,Clay,1.3693698120117186,-0.14387408100139357
QDS,SWA,Clay,0.9796951887342655,-0.4075815613396979
QDS,SWA,Clay,0.5760941145155157,-0.6807135950576804
QDS,SWA,Clay,0.5597674645317924,-0.6917624534446112
QDS,SWA,Clay,0.7842171986897787,-0.5398688726936226
QDS,SWA,Clay,0.4840345001220704,-0.743013800158093
QDS,SWA,Clay,0.47782097710503435,-0.7472187249875962
QDS,SWA,Clay,0.9021016014946832,-0.4600920615340907
QDS,SWA,Clay,0.9402899018923443,-0.4342486016968328
QDS,SWA,Clay,1.2694459756215402,-0.21149630104375164
QDS,SWA,Clay,0.3733890753081354,-0.8178917225212052
QDS,SWA,Clay,0.3871117501031775,-0.8086050721274333
QDS,SWA,Clay,0.39590236572992143,-0.8026561317575067
QDS,SWA,Clay,1.6608937074267673,0.05341110855423341
QDS,SWA,Clay,1.096722596604147,-0.3283847108998989
QDS,SWA,Clay,1.3818397543165415,-0.1354352018218595
QDS,SWA,Clay,1.8445216136508509,0.17767902228920862
QDS,SWA,Clay,0.8153233697679312,-0.5188181562548689
QDS,SWA,Clay,0.965601806640626,-0.41711908331149034
QDS,SWA,Clay,1.0147562323676214,-0.38385443382798295
QDS,SWA,Clay,0.8036383056640631,-0.5267258788222392
QDS,SWA,Clay,0.7594653150770397,-0.556619403703939
QDS,SWA,Clay,1.2333497831556532,-0.235923952721259
QDS,SWA,Clay,1.3753739837363916,-0.13981083206895112
QDS,SWA,Clay,1.8681398542722056,0.19366237443027587
QDS,SWA,Clay,1.218066522755148,-0.24626671011632245
QDS,SWA,Clay,0.28347815336087073,-0.8787378265917933
QDS,SWA,Clay,0.34238367420254345,-0.8388742441277315
QDS,SWA,Clay,0.44252571782107075,-0.771104355043198
QDS,SWA,Clay,0.3594170771488519,-0.8273470994171565
QDS,SWA,Clay,1.2740332958433367,-0.20839188883692034
QDS,SWA,Clay,1.2736510979687725,-0.20865053652006754
QDS,SWA,Clay,1.3069734552171504,-0.18610004350875883
QDS,SWA,Clay,1.73604994032118,0.1042721593499194
QDS,SWA,Clay,1.3905922338697643,-0.12951206956787767
QDS,SWA,Clay,0.6495127020941843,-0.6310284742316765
QDS,SWA,Clay,0.7255338160196941,-0.5795821258983045
QDS,SWA,Clay,1.0071293936835393,-0.3890158025499435
QDS,SWA,Clay,1.0550878016153962,-0.35656054331243925
QDS,SWA,Clay,2.1877770783283093,0.40997291133210817
QDS,SWA,Clay,3.259977254190562,1.1355711153331987
QDS,SWA,Clay,1.7029978699448667,0.08190457963535344
QDS,SWA,Clay,1.3189730545754645,-0.17797946309929993
QDS,SWA,Clay,0.5905337887821767,-0.6709417241420428
QDS,SWA,Clay,0.29959877493061476,-0.8678283953850872
QDS,SWA,Clay,0.32539984763614643,-0.8503678386365492
QDS,SWA,Clay,0.32520641145252044,-0.8504987441806702
QDS,SWA,Clay,0.19202270205058744,-0.9406291718002427
QDS,SWA,Clay,0.6194399285757992,-0.6513798516568143
QDS,SWA,Clay,1.1538065397297896,-0.2897538586190203
QDS,SWA,Clay,0.9864405504862463,-0.40301672122610727
QDS,SWA,Clay,1.2209584193759495,-0.24430965485607406
QDS,SWA,Clay,1.2500658904181574,-0.22461153393918926
QDS,SWA,Clay,1.4577689785427508,-0.08405103870565091
QDS,SWA,Clay,0.5729785368177625,-0.6828220237194251
QDS,SWA,Clay,1.071594916449653,-0.3453895575705797
QDS,SWA,Clay,1.4016944503784177,-0.12199878189971271
QDS,SWA,Clay,1.8725785614826056,0.1966662146202505
QDS,SWA,Clay,5.73136635882017,2.8080531164343503
QDS,SWA,Clay,2.3065883927152613,0.4903769984372541
QDS,SWA,Clay,2.152600213638459,0.38616740335332206
QDS,SWA,Clay,0.7483153608110212,-0.5641649973088003
QDS,SWA,Clay,0.21270563439086665,-0.9266322532234351
QDS,SWA,Clay,1.0074621645315192,-0.3887906039955374
QDS,SWA,Clay,1.171306364271376,-0.27791106886430145
QDS,SWA,Clay,1.346307517157661,-0.15948120372247543
QDS,SWA,Clay,1.1645301903618706,-0.2824967607242959
QDS,SWA,Clay,1.0937839084201384,-0.3303734317716531
QDS,SWA,Clay,1.0188313590155706,-0.3810966422855118
QDS,SWA,Clay,0.8826408174302851,-0.4732619063853328
QDS,SWA,Clay,0.5836473295423714,-0.675602050234893
QDS,SWA,Clay,1.5897690581392352,0.005278382086679723
QDS,SWA,Clay,1.7233153462838107,0.09565418038459485
QDS,SWA,Clay,1.8618549363166268,0.18940913395939565
QDS,SWA,Clay,0.7519106760754384,-0.5617319121840186
QDS,SWA,Clay,1.504244302511216,-0.05259943819199872
QDS,SWA,Clay,1.6085858448346464,0.018012409685847046
QDS,SWA,Clay,2.147628411187066,0.3828027975543369
QDS,SWA,Clay,1.157171041700575,-0.287476973535135
QDS,SWA,Clay,0.8955470869276267,-0.46452774817640125
QDS,SWA,Clay,0.9066665818956167,-0.4570027675246454
QDS,SWA,Clay,1.1377233547634553,-0.300637955067526
QDS,SWA,Clay,1.0755506303575304,-0.34271257712260533
QDS,SWA,Clay,0.6069181738959419,-0.6598537942201421
QDS,SWA,Clay,0.7394065517849392,-0.5701939235994674
QDS,SWA,Clay,1.1948706540194434,-0.2619642273092636
QDS,SWA,Clay,0.43857266975171627,-0.7737795314179331
QDS,SWA,Clay,0.3383862380651155,-0.8415794595783764
QDS,SWA,Clay,0.2832943529661008,-0.8788622112350177
QDS,SWA,Clay,0.4396125446501237,-0.7730758089455286
QDS,SWA,Clay,4.777176551818847,2.1623169695627835
QDS,SWA,Clay,2.589375700950623,0.6817498107060727
QDS,SWA,Clay,1.987155075073242,0.27420445267847016
QDS,SWA,Clay,2.618934304979112,0.7017532302901098
QDS,SWA,Clay,0.6714336225721576,-0.6161937624987888
QDS,SWA,Clay,0.5021070141262484,-0.7307834498947475
QDS,SWA,Clay,1.001638348897298,-0.39273179917509055
QDS,SWA,Clay,1.6134361139933278,0.021294769332571458
QDS,SWA,Clay,1.3778366936577697,-0.1381442235977386
QDS,SWA,Clay,1.3275630950927741,-0.17216625945321398
QDS,SWA,Clay,0.6060094028049048,-0.6604687938128948
QDS,SWA,Clay,0.7820870293511276,-0.5413104384395901
QDS,SWA,Clay,0.490035828282593,-0.7389524755725096
QDS,SWA,Clay,0.475791225231514,-0.7485923344563784
QDS,SWA,Clay,0.5161621210688634,-0.7212718301578795
QDS,SWA,Clay,1.115857748190562,-0.3154352337994818
QDS,SWA,Clay,2.6184788404192227,0.7014450002841075
QDS,SWA,Clay,1.6132939953274195,0.021198592283677428
QDS,SWA,Clay,1.996255196465386,0.2803628472459972
QDS,SWA,Clay,1.4799959776136618,-0.06900919207172639
QDS,SWA,Clay,0.8604570643107101,-0.48827448685671965
QDS,SWA,Clay,1.343100679185656,-0.16165139164576894
QDS,SWA,Clay,0.8841333813137476,-0.4722518322428562
QDS,SWA,Clay,1.798225835164387,0.14634892695920543
QDS,SWA,Clay,1.3029492272271048,-0.1888233900142001
QDS,SWA,Clay,1.48362043592665,-0.06655638474937522
QDS,SWA,Clay,0.510918935139974,-0.7248200913677666
QDS,SWA,Clay,0.5116930219862196,-0.7242962376713941
QDS,SWA,Clay,0.802675635019937,-0.527377354270712
QDS,SWA,Clay,0.6878149562411839,-0.6051078976043633
QDS,SWA,Clay,1.0153433233499527,-0.3834571272690447
QDS,SWA,Clay,2.5115541649747777,0.6290850490245432
QDS,SWA,Clay,0.7061711387634275,-0.5926855781808984
QDS,SWA,Clay,1.0564139580726621,-0.35566308333688684
QDS,SWA,Clay,1.3351857905917701,-0.16700769458050196
QDS,SWA,Clay,1.5426872422960076,-0.026583654299840064
QDS,SWA,Clay,1.4869095653957798,-0.06433050707349411
QDS,SWA,Clay,0.9685409079657659,-0.41513008285158676
QDS,SWA,Clay,0.5283408821953665,-0.7130300042383471
QDS,SWA,Clay,0.9902147844102652,-0.40046255511198053
QDS,SWA,Clay,1.2997487131754555,-0.1909892983026309
QDS,SWA,Clay,0.8616338602701821,-0.48747810475019565
QDS,SWA,Clay,0.8557561747233073,-0.49145575572667094
QDS,SWA,Clay,0.6776776546902129,-0.6119681910126225
QDS,SWA,Clay,0.5644092898898658,-0.68862115556112935
QDS,SWA,Clay,0.9803741031222875,-0.40712211442697654
QDS,SWA,Clay,0.838427970144484,-0.5031824037948326
QDS,SWA,Clay,1.0491545756901912,-0.36057578055281675
QDS,SWA,Clay,1.3911872715745524,-0.1291093851628318
QDS,SWA,Clay,1.5640269799558273,-0.012142250848877706
QDS,SWA,Clay,1.5631136638070078,-0.012760326253254217
QDS,SWA,Clay,0.8426218073379599,-0.5003442763593359
QDS,SWA,Clay,1.0898578728569888,-0.33303032776700664
QDS,SWA,Clay,1.199200787014431,-0.25903386337631407
QDS,SWA,Clay,0.7691355472140837,-0.5500751937430799
QDS,SWA,Clay,0.623068415323893,-0.6489243181408444
QDS,SWA,Clay,0.9106079525417753,-0.45433549370158766
QDS,SWA,Clay,0.8126573605007591,-0.520622345043175
QDS,SWA,Clay,1.3027674950493697,-0.18894637501713366
QDS,SWA,Clay,1.0041482035319005,-0.3910332861024669
QDS,SWA,Clay,0.7393884107801649,-0.5702062003000121
QDS,SWA,Clay,0.7160289849175352,-0.5860144027551087
QDS,SWA,Clay,0.7387168969048391,-0.5706606390073238
QDS,SWA,Clay,0.5716111163956694,-0.683747408572666
QDS,SWA,Clay,0.8585162801770441,-0.4895878885082437
QDS,SWA,Clay,0.808642555575157,-0.5233393146063341
QDS,SWA,Clay,4.8397402563233305,2.2046561825624464
QDS,SWA,Clay,1.838708739868109,0.17374523187227403
QDS,SWA,Clay,1.3830916367560009,-0.13458800586895664
QDS,SWA,Clay,1.0359263186984593,-0.3695278398150218
QDS,SWA,Clay,0.8652242957221136,-0.4850483219781417
QDS,SWA,Clay,1.1132574462890625,-0.31719495594098523
QDS,SWA,Clay,0.7899784851074223,-0.5359699933877913
QDS,SWA,Clay,0.6046800571017796,-0.6613684120711258
QDS,SWA,Clay,0.7192267269558366,-0.5838503703924165
QDS,SWA,Clay,0.8214116923014321,-0.5146979593036467
QDS,SWA,Clay,0.9508682844373916,-0.42708981218278513
QDS,SWA,Clay,0.5218451860215924,-0.7174258862606911
QDS,SWA,Clay,0.688998438517253,-0.6043069906158038
QDS,SWA,Clay,0.6371374935573999,-0.6394032435057149
QDS,SWA,Clay,0.48829113921226824,-0.7401331723159604
QDS,SWA,Clay,0.5196080977456615,-0.7189398080746865
QDS,SWA,Clay,0.5302001039491322,-0.7117717989183494
QDS,SWA,Clay,0.7237613888942835,-0.5807815940273658
QDS,SWA,Clay,2.4134788715370443,0.5627138075555046
QDS,SWA,Clay,2.018299708711927,0.2952811981792144
QDS,SWA,Clay,1.221764450073242,-0.24376418355370752
QDS,SWA,Clay,0.6832796902126732,-0.6081770827798909
QDS,SWA,Clay,1.0264990997314445,-0.37590759361956677
QDS,SWA,Clay,0.9295959557427302,-0.4414855974505448
QDS,SWA,Clay,0.959300503200956,-0.42138341245601185
QDS,SWA,Clay,0.44671274820963525,-0.7682708340287128
QDS,SWA,Clay,0.6101688130696618,-0.6576539643754866
QDS,SWA,Clay,0.9006040276421446,-0.46110552611115735
QDS,SWA,Clay,0.8414684210883239,-0.5011248162343479
QDS,SWA,Clay,0.49226598951551637,-0.73744324154917
QDS,SWA,Clay,0.6849590386284719,-0.6070406045160112
QDS,SWA,Clay,0.6200769212510847,-0.6509487747445415
QDS,SWA,Clay,0.29372825834486194,-0.871801194855816
QDS,SWA,Clay,0.5194438836068814,-0.7190509379614862
QDS,SWA,Clay,0.5848247209462252,-0.6748052651687503
QDS,SWA,Clay,0.8614217911023481,-0.4876216199358564
QDS,SWA,Clay,0.739169047429011,-0.5703546517339926
QDS,SWA,Clay,3.2457260555028924,1.125926792933867
QDS,SWA,Clay,2.7304284301069037,0.7772055000906997
QDS,SWA,Clay,1.805912263658311,0.15155062234774505
QDS,SWA,Clay,1.0030249192979608,-0.3917934548107717
QDS,SWA,Clay,0.6332494608561193,-0.6420344215344612
QDS,SWA,Clay,0.944602898491753,-0.43132983460758373
QDS,SWA,Clay,0.6190125613742402,-0.6516690671231807
QDS,SWA,Clay,0.49103137546115466,-0.7382787513360984
QDS,SWA,Clay,1.1398703087700746,-0.29918503050516704
QDS,SWA,Clay,0.8307339392768012,-0.5083892439957587
QDS,SWA,Clay,0.919769888983832,-0.44813526656379377
QDS,SWA,Clay,0.41391360812717004,-0.7904672462961123
QDS,SWA,Clay,0.5143188052707247,-0.7225192713191912
QDS,SWA,Clay,0.7682088300916862,-0.5507023380905316
QDS,SWA,Clay,0.47792342291937867,-0.7471493960501747
QDS,SWA,Clay,1.088343568667016,-0.334055114392948
QDS,SWA,Clay,1.2349257525049078,-0.2348574349616809
QDS,SWA,Clay,0.8159832362936004,-0.518371599747339
QDS,SWA,Clay,1.2156959379011762,-0.2478709740879178
QDS,SWA,Clay,1.6040312605578477,0.014930151124791473
QDS,SWA,Clay,0.24988020760672391,-0.9014748207148636
QDS,SWA,Clay,3.655975376991998,1.4035579457414782
QDS,SWA,Clay,2.6012746007451204,0.6898022439315504
QDS,SWA,Clay,2.653178470318134,0.7249275455223644
QDS,SWA,Clay,0.7619253696539457,-0.5549545922042467
QDS,SWA,Clay,4.509300670964377,1.9810352812932372
QDS,SWA,Clay,3.6453111976605865,1.3963410943137167
QDS,SWA,Clay,2.041633029513888,0.31107173435746904
QDS,SWA,Clay,1.1253019460042322,-0.3090439897705213
QDS,SWA,Clay,1.1996503618028436,-0.25872961920029164
QDS,SWA,Clay,1.2863623640272357,-0.20004834447585934
QDS,SWA,Clay,1.0744297960069449,-0.34347108790265957
QDS,SWA,Clay,0.7698474375406898,-0.5495934307718924
QDS,SWA,Clay,0.6512010362413194,-0.6298859149852841
QDS,SWA,Clay,0.9807289462619357,-0.4068819787222572
QDS,SWA,Clay,0.5780184936523433,-0.6794112952848079
QDS,SWA,Clay,0.3782484351264104,-0.8146032108830684
QDS,SWA,Clay,0.451811913384332,-0.7648200370824341
QDS,SWA,Clay,0.382822265625,-0.8115079276795256
QDS,SWA,Clay,0.7050233205159498,-0.5934623499793359
QDS,SWA,Clay,1.0326178317599823,-0.3717668174187975
QDS,SWA,Clay,1.615795211791991,0.022891259581602003
QDS,SWA,Clay,0.8322405784512744,-0.5073696445742268
QDS,SWA,Clay,1.0136869997823013,-0.384578023751799
QDS,SWA,Clay,5.135031587908966,2.404490937936665
QDS,SWA,Clay,1.697067474403766,0.0778912578224016
QDS,SWA,Clay,0.9257047544479725,-0.44411891978572565
QDS,SWA,Clay,0.48505059086264524,-0.7423261733202497
QDS,SWA,Clay,0.5115767368654005,-0.7243749321882555
QDS,SWA,Clay,0.5253535951886857,-0.7150516137620913
QDS,SWA,Clay,1.1683415122259226,-0.27991749580559516
QDS,SWA,Clay,1.4989134788513183,-0.05620700715211164
QDS,SWA,Clay,1.3259718049140201,-0.1732431453946101
QDS,SWA,Clay,2.604849619524819,0.6922215936614025
QDS,SWA,Clay,6.920513932783525,3.6127940252540802
QDS,SWA,Clay,7.573762023369471,4.054871588723161
QDS,SWA,Clay,6.5950296021004515,3.3925265312815034
QDS,SWA,Clay,3.2213925739129383,1.1094594103160966
QDS,SWA,Clay,2.3647634548611114,0.5297462520159848
QDS,SWA,Clay,1.6040357632107205,0.014933198239417337
QDS,SWA,Clay,1.7329414961073135,0.10216855818514133
QDS,SWA,Clay,1.6883094448513463,0.07196436967512657
QDS,SWA,Clay,1.63240954928928,0.03413480693413455
QDS,SWA,Clay,1.3009786902533638,-0.19015692653214966
QDS,SWA,Clay,1.0706013658311635,-0.346061930659663
QDS,SWA,Clay,0.9464189063178163,-0.43010087377852607
QDS,SWA,Clay,0.8342500813802075,-0.506009738328179
QDS,SWA,Clay,1.0754172685411234,-0.34280282808193707
QDS,SWA,Clay,0.695776621500651,-0.5997199391399083
QDS,SWA,Clay,0.6637794748942052,-0.6213736122444904
QDS,SWA,Clay,0.836938273111978,-0.5041905378313923
QDS,SWA,Clay,1.014201354980468,-0.3842299402349237
QDS,SWA,Clay,0.6946690622965492,-0.6004694661288167
QDS,SWA,Clay,0.6362801869710282,-0.6399834151316423
QDS,SWA,Clay,1.383001595699427,-0.13464894004002578
QDS,SWA,Clay,1.3884679593943585,-0.13094964603807382
QDS,SWA,Clay,1.8389092553745607,0.17388092826053356
QDS,SWA,Clay,0.9351799032554869,-0.43770673005459954
QDS,SWA,Clay,0.46811213562454057,-0.7537890633439692
QDS,SWA,Clay,0.8856112331646706,-0.4712517142863869
QDS,SWA,Clay,1.4264246546326886,-0.10526292212702744
QDS,SWA,Clay,1.0898290215834545,-0.33304985250942964
QDS,SWA,Clay,0.6227623212598014,-0.6491314635117931
QDS,SWA,Clay,0.4552958953695953,-0.76246229537693
QDS,SWA,Clay,0.6237560302492177,-0.6484589832471445
QDS,SWA,Clay,0.736888547851926,-0.5718979516089693
QDS,SWA,Clay,1.3911721565609887,-0.12911961406126155
QDS,SWA,Clay,0.9985814581835243,-0.39480051214648887
QDS,SWA,Clay,2.1221799288380185,0.36558085196738294
QDS,SWA,Clay,1.603367721423125,0.014481109224521256
QDS,SWA,Clay,1.7418570915857952,0.10820207712350943
QDS,SWA,Clay,2.3642232860837664,0.5293806994787603
QDS,SWA,Clay,9.218872514883678,5.168179760927205
QDS,SWA,Clay,6.342728928228219,3.2217851716443118
QDS,SWA,Clay,2.9305554519759287,0.9126389862151293
QDS,SWA,Clay,1.582119920518663,1.0192283532676458e-4
QDS,SWA,Clay,1.9354775661892363,0.23923233788345982
QDS,SWA,Clay,1.0659049309624566,-0.3492401848538496
QDS,SWA,Clay,1.1511788516574437,-0.29153211401282864
QDS,SWA,Clay,1.347008531358507,-0.15900680103483925
QDS,SWA,Clay,1.4603864542643232,-0.08227969439388368
QDS,SWA,Clay,1.3242620595296226,-0.1744001944309249
QDS,SWA,Clay,1.2011744774712458,-0.2576981927777085
QDS,SWA,Clay,1.058085505167642,-0.35453188452035495
QDS,SWA,Clay,1.0973544735378686,-0.32795709600243866
QDS,SWA,Clay,1.0016343349880639,-0.3927345155385056
QDS,SWA,Clay,1.0110197533501513,-0.3863830497761978
QDS,SWA,Clay,1.0663873206244565,-0.348913733618105
QDS,SWA,Clay,0.924727910359701,-0.44477998693717324
QDS,SWA,Clay,0.6543672434488931,-0.6277432234291452
QDS,SWA,Clay,0.4560767788357205,-0.7619338421521402
QDS,SWA,Clay,0.6514008416069884,-0.6297506991760137
QDS,SWA,Clay,0.9372079171074756,-0.4363342967703866
QDS,SWA,Clay,2.8290547010633667,0.8439496087789715
QDS,SWA,Clay,0.865521636999749,-0.48484709994713965
QDS,SWA,Clay,0.3541768672040122,-0.8308933466666558
QDS,SWA,Clay,1.0647359715839941,-0.35003126365112786
QDS,SWA,Clay,1.3511989292618882,-0.15617100109636395
QDS,SWA,Clay,1.0782039095510447,-0.34091700325415375
QDS,SWA,Clay,0.7787324601325432,-0.5435806016563093
QDS,SWA,Clay,0.33448983086480055,-0.8442163049457369
QDS,SWA,Clay,0.6102940374707416,-0.6575692203113033
QDS,SWA,Clay,0.5993552679233447,-0.664971897270566
QDS,SWA,Clay,1.1587814240228573,-0.2863871672218097
QDS,SWA,Clay,1.786893205680395,0.1386797101605964
QDS,SWA,Clay,1.5360848323751934,-0.031051753530255802
QDS,SWA,Clay,1.5745960227562772,-0.0049897818914371155
QDS,SWA,Clay,1.87779136311974,0.2001939136365997
QDS,SWA,Clay,4.632668353961064,2.064522834484678
QDS,SWA,Clay,4.393761795957883,1.9028457770529499
QDS,SWA,Clay,1.7094211544813922,0.08625145797804984
QDS,SWA,Clay,1.8072237481011295,0.152438153219039
QDS,SWA,Clay,1.3841285366482212,-0.13388629669518323
QDS,SWA,Clay,1.3194473181830513,-0.17765851107034575
QDS,SWA,Clay,0.9506140051947697,-0.42726189251434527
QDS,SWA,Clay,0.8895983971489806,-0.46855345038827984
QDS,SWA,Clay,0.7816723759969082,-0.5415910499670623
QDS,SWA,Clay,1.0826186752319353,-0.3379293651980755
QDS,SWA,Clay,1.0540171941121423,-0.3572850636949568
QDS,SWA,Clay,2.041984074910481,0.31130929998656076
QDS,SWA,Clay,1.1235075463189017,-0.3102583275576689
QDS,SWA,Clay,1.6265997483995227,0.030203096059510097
QDS,SWA,Clay,1.3132071177164717,-0.1818814895337802
QDS,SWA,Clay,0.9356453450520839,-0.4373917480770913
QDS,SWA,Clay,1.054231703016493,-0.3571398974477923
QDS,SWA,Clay,0.561534830729167,-0.6905664102359854
QDS,SWA,Clay,0.31701710171169734,-0.8560407582315177
QDS,SWA,Clay,0.36647383795844135,-0.8225715238438865
QDS,SWA,Clay,0.8809297222561301,-0.4744198688751667
QDS,SWA,Clay,1.343896124098035,-0.1611130841423777
QDS,SWA,Clay,0.8380464214748804,-0.5034406121365546
QDS,SWA,Clay,0.3567036437988279,-0.8291833818668126
QDS,SWA,Clay,0.5460041724310981,-0.7010765910974752
QDS,SWA,Clay,0.8802531263563375,-0.47487774677966266
QDS,SWA,Clay,0.6889856889512802,-0.6043156187268411
QDS,SWA,Clay,0.2909298790825743,-0.8736949634006652
QDS,SWA,Clay,0.264048800998264,-0.8918864004277138
QDS,SWA,Clay,0.2548171149359813,-0.8981338297580694
QDS,SWA,Clay,0.3715729337016111,-0.8191207738845347
QDS,SWA,Clay,0.4720727330162413,-0.7511087780587347
QDS,SWA,Clay,0.8668238759320985,-0.4839658258606724
QDS,SWA,Clay,1.7033326189032876,0.08213111685152774
QDS,SWA,Clay,2.365431904373657,0.5301986169536965
QDS,SWA,Clay,3.38631324877311,1.2210674366671035
QDS,SWA,Clay,4.540372922902156,2.002063043373383
QDS,SWA,Clay,2.0408977741364276,0.310574159377183
QDS,SWA,Clay,1.0350818921901563,-0.3700992950074655
QDS,SWA,Clay,1.1049839613172756,-0.322793934537991
QDS,SWA,Clay,1.8402686564127606,0.17480088609493868
QDS,SWA,Clay,1.7990849134657114,0.14693029757130785
QDS,SWA,Clay,1.300611241658528,-0.19040559282271532
QDS,SWA,Clay,1.375597966512044,-0.13965925449659178
QDS,SWA,Clay,1.395722067091201,-0.1260405184003858
QDS,SWA,Clay,1.4664925130208344,-0.07814749467316769
QDS,SWA,Clay,1.3217068099975586,-0.17612942793879036
QDS,SWA,Clay,1.3057978566487631,-0.1868956152956801
QDS,SWA,Clay,2.0438517930772577,0.3125732551489477
QDS,SWA,Clay,1.4459006924099387,-0.09208275451432826
QDS,SWA,Clay,0.6460898674858941,-0.6333448352063153
QDS,SWA,Clay,0.800870573255751,-0.5285989074878165
QDS,SWA,Clay,0.43606470743815096,-0.7754767638857062
QDS,SWA,Clay,0.32421958075629337,-0.8511665696454996
QDS,SWA,Clay,0.35788630167643176,-0.828383032779715
QDS,SWA,Clay,0.7470348019070082,-0.5650315997043113
QDS,SWA,Clay,0.8415276506212019,-0.5010847333807469
QDS,SWA,Clay,0.7859464518229168,-0.538698622029693
QDS,SWA,Clay,0.7491530609130856,-0.563598094128561
QDS,SWA,Clay,0.6197336578369139,-0.6511810740133057
QDS,SWA,Clay,0.5957087453206379,-0.6674396363280098
QDS,SWA,Clay,0.6099271816677516,-0.6578174854373212
QDS,SWA,Clay,0.5281851535373264,-0.7131353916810366
QDS,SWA,Clay,0.2795531972249354,-0.881393992098134
QDS,SWA,Clay,0.1805173916286892,-0.9484152482872109
QDS,SWA,Clay,0.3184888119167739,-0.8550447965578919
QDS,SWA,Clay,0.2692027512807691,-0.8883985283375146
QDS,SWA,Clay,0.4320322188120041,-0.7782057006744303
QDS,SWA,Clay,0.868015308764,-0.4831595384318157
QDS,SWA,Clay,2.840515219066321,0.8517053725505811
QDS,SWA,Clay,3.2981569875359504,1.1614087775238207
QDS,SWA,Clay,2.700156621932983,0.7567194284248392
QDS,SWA,Clay,2.478372437117936,0.6066297252141221
QDS,SWA,Clay,2.625125963994951,0.7059433589272993
QDS,SWA,Clay,2.222723947309886,0.43362277256077403
QDS,SWA,Clay,1.427901211667944,-0.10426368042104207
QDS,SWA,Clay,1.6002064683702255,0.012341770331266379
QDS,SWA,Clay,1.9273374599880644,0.2337236217193363
QDS,SWA,Clay,1.6306488121880425,0.032943249884306004
QDS,SWA,Clay,1.5827211337619356,5.08786459639734e-4
QDS,SWA,Clay,1.8219483947753905,0.162402875685907
QDS,SWA,Clay,1.787541330125597,0.1391183203604404
QDS,SWA,Clay,1.4305225245157882,-0.10248973938154242
QDS,SWA,Clay,1.0526338916354716,-0.35822119653214396
QDS,SWA,Clay,1.1181810082329646,-0.31386299630862413
QDS,SWA,Clay,1.4032211727566184,-0.12096559141852309
QDS,SWA,Clay,0.8603493584526909,-0.48834737546362206
QDS,SWA,Clay,1.3617826588948567,-0.1490085930067185
QDS,SWA,Clay,0.8578840298122835,-0.4900157561205395
QDS,SWA,Clay,0.6098139702832263,-0.6578940998411735
QDS,SWA,Clay,0.6902983266335944,-0.6034273074149862
QDS,SWA,Clay,1.270850299552634,-0.21054594219735615
QDS,SWA,Clay,2.0309815909538735,0.30386350508912463
QDS,SWA,Clay,2.2350523043603925,0.4419658356711097
QDS,SWA,Clay,1.789984543680934,0.1407717349071393
QDS,SWA,Clay,2.0334455860144676,0.3055309832624021
QDS,SWA,Clay,2.298014560040132,0.4845747632478439
QDS,SWA,Clay,2.5228420780142033,0.6367240045225135
QDS,SWA,Clay,2.584363280821486,0.6783577173961868
QDS,SWA,Clay,1.6481903631375683,0.04481427746936839
QDS,SWA,Clay,1.559616761350546,-0.015126811727792702
QDS,SWA,Clay,1.0098118235741127,-0.38720050130790284
QDS,SWA,Clay,1.1991943681975938,-0.2590382072311965
QDS,SWA,Clay,1.4207119711802063,-0.1091289099774906
QDS,SWA,Clay,1.5983619291372975,0.011093501225596988
QDS,SWA,Clay,2.292479756971042,0.48082915374614643
QDS,SWA,Clay,3.4505024443331513,1.2645066806284142
QDS,SWA,Clay,5.795180348914965,2.851238444739011
QDS,SWA,Clay,1.7285002121558553,0.09916297421753434
QDS,SWA,Clay,1.8039944579236347,0.15025277104345386
QDS,SWA,Clay,1.4351409958348127,-0.0993642460550563
QDS,SWA,Clay,1.4573313356649997,-0.08434720810875201
QDS,SWA,Clay,1.2199668290879992,-0.2449807013157177
QDS,SWA,Clay,1.5532156287299261,-0.019458699035458386
QDS,SWA,Clay,2.1527498541937944,0.38626867074782684
QDS,SWA,Clay,1.8914150068495021,0.20941354598213296
QDS,SWA,Clay,1.9619169531928158,0.2571248659361242
QDS,SWA,Clay,1.7874031999376083,0.139024842464634
QDS,SWA,Clay,1.5423833974202472,-0.02678927756041208
QDS,SWA,Clay,0.73297730339898,-0.5745448379034847
QDS,SWA,Clay,0.8753206210666238,-0.47821575871065675
QDS,SWA,Clay,1.025930938720703,-0.3762920895544289
QDS,SWA,Clay,0.8321375952826604,-0.5074393371595024
QDS,SWA,Clay,0.763515277438694,-0.5538786417808914
QDS,SWA,Clay,0.5025898573133686,-0.7304566917414888
QDS,SWA,Clay,1.0015907000990785,-0.39276404490978567
QDS,SWA,Clay,1.7944411217220246,0.14378766896068998
QDS,SWA,Clay,2.163748503071921,0.39371187030334764
QDS,SWA,Clay,2.7154002048855737,0.7670353345979065
QDS,SWA,Clay,1.9679197479177397,0.26118718300102234
QDS,SWA,Clay,2.266145707110248,0.46300791130165525
QDS,SWA,Clay,3.6089844469544747,1.3717574151995509
QDS,SWA,Clay,2.471265104485567,0.6018199257854493
QDS,SWA,Clay,4.775209985309176,2.1609861200072715
QDS,SWA,Clay,5.191480367475764,2.442691951137193
QDS,SWA,Clay,3.237147490812309,1.1201213554115415
QDS,SWA,Clay,3.603833473121727,1.3682715573849007
QDS,SWA,Clay,1.7379358969289787,0.10554845715162627
QDS,SWA,Clay,2.00783018430074,0.28819607706048855
QDS,SWA,Clay,2.005012565542151,0.2862892884245442
QDS,SWA,Clay,1.697370243554164,0.07809615309914328
QDS,SWA,Clay,2.223082780296153,0.4338656083448311
QDS,SWA,Clay,2.6510346137983,0.723476717145866
QDS,SWA,Clay,3.956912465455239,1.6072133972346125
QDS,SWA,Clay,1.8444741192027034,0.1776468810090152
QDS,SWA,Clay,1.523424863896818,-0.039619230571781495
QDS,SWA,Clay,1.2901244043420859,-0.19750243023588102
QDS,SWA,Clay,1.5457524645770038,-0.02450930304340018
QDS,SWA,Clay,1.0228193664550784,-0.3783978075895347
QDS,SWA,Clay,0.8339525604248053,-0.5062110819538866
QDS,SWA,Clay,1.6344527562459328,0.03551752196396329
QDS,SWA,Clay,2.180388018290202,0.40497245636706847
QDS,SWA,Clay,1.4253501595391154,-0.10599007338819727
QDS,SWA,Clay,0.9324543762207023,-0.4395511967557972
QDS,SWA,Clay,1.3969803619384769,-0.12518898292982594
QDS,SWA,Clay,1.1757169172498918,-0.2749262817024367
QDS,SWA,Clay,0.9351419745551206,-0.4377323978333273
QDS,SWA,Clay,1.2283570777045374,-0.23930270436669943
QDS,SWA,Clay,0.9986967468261712,-0.39472249198390214
QDS,SWA,Clay,0.547607315911187,-0.6999916835810471
QDS,SWA,Clay,0.9441379665445402,-0.4316444715508291
QDS,SWA,Clay,2.1851226878544643,0.4081765854184414
QDS,SWA,Clay,3.0985199611811414,1.0263068898015248
QDS,SWA,Clay,4.67117610038273,2.0905824754665683
QDS,SWA,Clay,2.103652965839091,0.35304295896917876
QDS,SWA,Clay,2.6694119637644182,0.7359133613750944
QDS,SWA,Clay,1.7385093380156016,0.10593652631251725
QDS,SWA,Clay,1.6391189368565873,0.03867530196331164
QDS,SWA,Clay,1.4229703338057915,-0.1076005910105682
QDS,SWA,Clay,0.3435394004539213,-0.8380921206854907
QDS,SWA,Clay,0.3623978551228839,-0.8253298948007289
QDS,SWA,Clay,1.2617003885904943,-0.2167380312403927
QDS,SWA,Clay,1.75226742638482,0.11524714240448442
QDS,SWA,Clay,1.1158967166476776,-0.31540886237823756
QDS,SWA,Clay,1.5608018663194458,-0.014324806601935563
QDS,SWA,Clay,1.7726863861083986,0.12906542077874827
QDS,SWA,Clay,1.261679000854493,-0.21675250512612748
QDS,SWA,Clay,0.9233812636558455,-0.4456913134336045
QDS,SWA,Clay,1.5120722642158186,-0.04730196195414861
QDS,SWA,Clay,1.5333068709559248,-0.03293170455244685
QDS,SWA,Clay,1.4780540797499566,-0.0703233474262756
QDS,SWA,Clay,2.9462114003726416,0.9232339556008162
QDS,SWA,Clay,4.9066252509071715,2.249919775161309
QDS,SWA,Clay,2.2319603676266144,0.43987340573925476
QDS,SWA,Clay,2.376530309064048,0.5377093250210113
QDS,SWA,Clay,2.1735091802304383,0.40031728781352394
QDS,SWA,Clay,1.3352052292495808,-0.16699453970931916
QDS,SWA,Clay,1.4367425074400728,-0.09828044288972933
QDS,SWA,Clay,1.4169485636110661,-0.11167574948989434
QDS,SWA,Clay,1.8197195173192913,0.1608945104426505
QDS,SWA,Clay,2.3295574265939205,0.5059210079470384
QDS,SWA,Clay,2.4643351660834427,0.5971301757074138
QDS,SWA,Clay,2.2673164592069757,0.4638002032988403
QDS,SWA,Clay,4.561691988207227,2.0164904570640227
QDS,SWA,Clay,4.186862130274838,1.7628289880169716
QDS,SWA,Clay,5.628807858151275,2.73864791993683
QDS,SWA,Clay,4.542214170546759,2.0033090849373765
QDS,SWA,Clay,4.980178286688669,2.299695882145215
QDS,SWA,Clay,6.771348932044846,3.511848456439222
QDS,SWA,Clay,7.509698068124276,4.011517099595478
QDS,SWA,Clay,7.10561638266952,3.7380598181695395
QDS,SWA,Clay,5.858923001642581,2.894375496363003
QDS,SWA,Clay,5.150874861258048,2.4152126771663265
QDS,SWA,Clay,4.991126164330377,2.30710472289462
QDS,SWA,Clay,4.906404310675229,2.2497702565927633
QDS,SWA,Clay,6.503521047490895,3.3305992490722525
QDS,SWA,Clay,14.954215085894393,9.049501889521048
QDS,SWA,Clay,12.090136861574083,7.111272384928582
QDS,SWA,Clay,11.66056745476193,6.820566603402245
QDS,SWA,Clay,9.66166608757443,5.467834833105549
QDS,SWA,Clay,11.818135485914018,6.927198819089021
QDS,SWA,Clay,5.561454650031195,2.6930674696199484
QDS,SWA,Clay,5.3881702327728265,2.575799384075257
QDS,SWA,Clay,10.003744596144731,5.69933223166396
HDS,Cape,Clay,2.088547317675224,0.37736299211140023
HDS,Cape,Clay,2.0438779930938447,0.3377849367468439
HDS,Cape,Clay,2.8715010696779393,1.0710781363418986
HDS,Cape,Clay,2.159692354257637,0.4403991410382166
HDS,Cape,Clay,2.6337624274199687,0.8604361972985066
HDS,Cape,Clay,2.801607319964833,1.0091506565399118
HDS,Cape,Clay,2.879485060946283,1.0781521373797465
HDS,Cape,Clay,3.053344400305497,1.232195535691449
HDS,Cape,Clay,2.295678509606255,0.5608860218146564
HDS,Cape,Clay,2.293590023730164,0.5590355749944581
HDS,Cape,Clay,2.694772761909504,0.9144927656228795
HDS,Cape,Clay,2.4952597128919654,0.7377195868482177
HDS,Cape,Clay,3.0428319461412747,1.2228812580114505
HDS,Cape,Clay,3.788484386054706,1.8835465764638424
HDS,Cape,Clay,1.3152935308059615,-0.30775775852385473
HDS,Cape,Clay,1.3794836208371737,-0.25088385320024037
HDS,Cape,Clay,2.677441745541752,0.8991370840280686
HDS,Cape,Clay,1.951334093046084,0.2557888995542635
HDS,Cape,Clay,2.3877759990113887,0.6424865288465552
HDS,Cape,Clay,2.112336003415251,0.39844031822036263
HDS,Cape,Clay,1.270415214672797,-0.3475209852399994
HDS,Cape,Clay,1.2968470147858255,-0.32410179862676797
HDS,Cape,Clay,1.9568817064733277,0.26070421343962563
HDS,Cape,Clay,2.5948363705123465,0.8259468100097641
HDS,Cape,Clay,1.5283972305979336,-0.11894294863361725
HDS,Cape,Clay,0.8671951999240164,-0.7047832500577864
HDS,Cape,Clay,1.269820580654367,-0.3480478447419871
HDS,Cape,Clay,0.9757642659302364,-0.6085885449544202
HDS,Cape,Clay,2.1850220622326355,0.46284184851135407
HDS,Cape,Clay,3.133323197545885,1.3030586010016016
HDS,Cape,Clay,2.435009784346009,0.6843367557879861
HDS,Cape,Clay,0.9794269840706927,-0.6053432919154212
HDS,Cape,Clay,1.025302651502402,-0.5646963888669917
HDS,Cape,Clay,1.6108351748029424,-0.04590102220059204
HDS,Cape,Clay,1.8026293955908885,0.12403309612524326
HDS,Cape,Clay,1.5606291198693114,-0.09038474879419975
HDS,Cape,Clay,1.1885465719690052,-0.42005849736756007
HDS,Cape,Clay,0.4873992679280664,-1.0412912354513009
HDS,Cape,Clay,0.393161108935321,-1.1247884252794966
HDS,Cape,Clay,0.3275312120384646,-1.1829380328076278
HDS,Cape,Clay,1.5087532487669282,-0.13634797115800001
HDS,Cape,Clay,1.3557683949847632,-0.2718960921486869
HDS,Cape,Clay,0.8495215808020701,-0.7204424856216941
HDS,Cape,Clay,2.194942452803902,0.4716315441458227
HDS,Cape,Clay,0.9992911764273893,-0.5877431577689278
HDS,Cape,Clay,1.0001394513312651,-0.5869915665724056
HDS,Cape,Clay,0.5101360548144642,-1.0211459160708263
HDS,Cape,Clay,0.8508293621548102,-0.7192837610770866
HDS,Cape,Clay,2.8829268033382895,1.0812016007915608
HDS,Cape,Clay,1.6569022837884455,-0.005084497504955134
HDS,Cape,Clay,1.3167417031034634,-0.30647464435311034
HDS,Cape,Clay,1.5282690090603295,-0.11905655588337499
HDS,Cape,Clay,2.035735148323907,0.3305701878302254
HDS,Cape,Clay,1.4168428304460312,-0.21778272887986524
HDS,Cape,Clay,1.2600528999881588,-0.3567022358663974
HDS,Cape,Clay,1.8225553295952666,0.14168793480047392
HDS,Cape,Clay,1.0067407413888503,-0.5811426708072452
HDS,Cape,Clay,1.05017912272681,-0.5426552596441685
HDS,Cape,Clay,0.7782423091887635,-0.7835975698924932
HDS,Cape,Clay,1.8433947332230975,0.1601521287025784
HDS,Cape,Clay,1.528135605235591,-0.11917475475946777
HDS,Cape,Clay,2.1244945515318174,0.4092130732378109
HDS,Cape,Clay,1.8860549295493558,0.19795004993569484
HDS,Cape,Clay,2.2986694754806223,0.5635360867994883
HDS,Cape,Clay,2.377892189025879,0.6337292444576544
HDS,Cape,Clay,2.7505146863725454,0.9638814007365794
HDS,Cape,Clay,2.789250163930582,0.9982019303109972
HDS,Cape,Clay,2.5309538667915605,0.76934543327568
HDS,Cape,Clay,2.141829594570273,0.4245723225560547
HDS,Cape,Clay,1.4047662449819511,-0.2284828630903431
HDS,Cape,Clay,1.0480258704443892,-0.5445630909992688
HDS,Cape,Clay,1.0267463727439043,-0.563417218434874
HDS,Cape,Clay,1.0074451254448884,-0.5805185702319836
HDS,Cape,Clay,1.3227429269673823,-0.30115742112291427
HDS,Cape,Clay,0.7224634890099456,-0.8330188954642512
HDS,Cape,Clay,1.3844429551294866,-0.24648976824301397
HDS,Cape,Clay,2.8448006900658034,1.0474209820767029
HDS,Cape,Clay,3.4217831833890173,1.5586408243092207
HDS,Cape,Clay,2.8288663532219687,1.0333027908635395
HDS,Cape,Clay,1.7163816156635139,0.04761556707089435
HDS,Cape,Clay,2.2446038098935217,0.5156326558436541
HDS,Cape,Clay,1.8647607465179756,0.1790829109570527
HDS,Cape,Clay,1.7598067337626289,0.08609122669740253
HDS,Cape,Clay,1.8286205381519207,0.14706184994923585
HDS,Cape,Clay,1.7167044078315945,0.04790156840221659
HDS,Cape,Clay,1.8256765992929027,0.14445345198835302
HDS,Cape,Clay,1.8394932667828532,0.156695339144598
HDS,Cape,Clay,1.663416235026978,6.870140452358984e-4
HDS,Cape,Clay,1.7306885868627384,0.0602918746606908
HDS,Cape,Clay,0.7015415232260125,-0.8515562413474043
HDS,Cape,Clay,0.7026629182730607,-0.8505626593831916
HDS,Cape,Clay,2.067901987191885,0.35907075150676476
HDS,Cape,Clay,1.9822935106617383,0.2832196600578051
HDS,Cape,Clay,2.930195700309734,1.1230829374558091
HDS,Cape,Clay,5.26140131776573,3.188585065784362
HDS,Cape,Clay,4.731651325439539,2.71921431254044
HDS,Cape,Clay,2.7206297879125563,0.9374026890726327
HDS,Cape,Clay,1.6377050786000424,-0.02209366558420756
HDS,Cape,Clay,0.844851719119858,-0.7245800911470853
HDS,Cape,Clay,1.953399301761646,0.2576187222715281
HDS,Cape,Clay,1.5000856046378863,-0.1440277044522547
HDS,Cape,Clay,1.208056452882323,-0.4027722913597559
HDS,Cape,Clay,0.4384439541493658,-1.084666776435646
HDS,Cape,Clay,1.2000117733939284,-0.4099000635650808
HDS,Cape,Clay,4.1614812001664685,2.2140303860594828
HDS,Cape,Clay,8.38884189016539,5.959569791516946
HDS,SWA,Clay,2.0759066436065816,0.3661630623425362
HDS,SWA,Clay,3.3061832742501998,1.4562166294750547
HDS,SWA,Clay,2.568840079678613,0.8029134946970111
HDS,SWA,Clay,2.33117025083457,0.5923325259309133
HDS,SWA,Clay,2.534379266138455,0.772380416371297
HDS,SWA,Clay,3.9668455492985712,2.0415786949233863
HDS,SWA,Clay,2.404212843832215,0.6570499537569122
HDS,SWA,Clay,1.2591076081260426,-0.3575397863331912
HDS,SWA,Clay,0.9302067643992835,-0.6489535456514428
HDS,SWA,Clay,0.7641115747397059,-0.7961177276429817
HDS,SWA,Clay,2.562091792889368,0.7969343564256443
HDS,SWA,Clay,0.5328518125554729,-1.0010192289998456
HDS,SWA,Clay,0.6632922009335837,-0.8854460261053666
HDS,SWA,Clay,0.5160138539464376,-1.0159380500095614
HDS,SWA,Clay,0.4786925304420672,-1.04900560636456
HDS,SWA,Clay,0.4380644446152907,-1.0850030306658536
HDS,SWA,Clay,0.7183910560308604,-0.8366271653323358
HDS,SWA,Clay,0.7527860973307559,-0.8061523627336656
HDS,SWA,Clay,0.7390230348976381,-0.818346754568971
HDS,SWA,Clay,0.7338043900961964,-0.8229705946385276
HDS,SWA,Clay,0.3762445657027958,-1.1397768740843146
HDS,SWA,Clay,0.4713427367993144,-1.0555176936288524
HDS,SWA,Clay,0.8450513555804205,-0.7244032086228257
HDS,SWA,Clay,1.0283532809028917,-0.5619934606172179
HDS,SWA,Clay,1.1301056883664427,-0.4718384727410848
HDS,SWA,Clay,1.0117184559783037,-0.5767323004813758
HDS,SWA,Clay,0.6885449105721927,-0.8630715409402482
HDS,SWA,Clay,0.5872660826180172,-0.9528069264109893
HDS,SWA,Clay,0.6136127899124943,-0.9294631340043037
HDS,SWA,Clay,1.1176478757802812,-0.482876383004494
HDS,SWA,Clay,2.529441405138409,0.7680053572479767
HDS,SWA,Clay,1.3397597861557826,-0.28608009005957163
HDS,SWA,Clay,1.3444968495413698,-0.28188294226973604
HDS,SWA,Clay,1.4153431855307694,-0.2191114489811794
HDS,SWA,Clay,0.5308940253743875,-1.0027538737514994
HDS,SWA,Clay,1.0352709284821158,-0.5558642647664002
HDS,SWA,Clay,1.782001865168592,0.1057566267866395
HDS,SWA,Clay,1.0034571090827977,-0.5840520450237511
HDS,SWA,Clay,0.3183102859711801,-1.19110798670381
HDS,SWA,Clay,0.44824935381229025,-1.0759789654072114
HDS,SWA,Clay,1.5402714123861796,-0.10842214876417154
HDS,SWA,Clay,1.9495301603055024,0.2541905733975604
HDS,SWA,Clay,1.2311214611265398,-0.38233616026020284
HDS,SWA,Clay,0.7789605500963002,-0.7829611918261138
HDS,SWA,Clay,1.7494487094855629,0.07691377747140671
HDS,SWA,Clay,4.033941241426457,2.101027030949216
HDS,SWA,Clay,1.2347983974140437,-0.3790783096138682
HDS,SWA,Clay,0.5598870420524489,-0.9770653899872261
HDS,SWA,Clay,0.5597708455110209,-0.9771683428120765
HDS,SWA,Clay,1.3979801450295326,-0.2344955046993947
HDS,SWA,Clay,1.396066817493365,-0.23619075717671864
HDS,SWA,Clay,1.0668719561894737,-0.5278650228727797
HDS,SWA,Clay,1.1797502941555449,-0.4278522030831883
HDS,SWA,Clay,1.3999675284746982,-0.2327346369728172
HDS,SWA,Clay,1.3598023831013337,-0.2683218853185226
HDS,SWA,Clay,1.0957786016360846,-0.5022530660184672
HDS,SWA,Clay,1.0208969412007396,-0.5685999501559411
HDS,SWA,Clay,1.6465498209878067,-0.014257019134126834
HDS,SWA,Clay,1.6413719556203599,-0.018844727681402565
HDS,SWA,Clay,1.0615182297357753,-0.5326085484124404
HDS,SWA,Clay,0.9610466342502172,-0.6216287072341462
HDS,SWA,Clay,1.3207463169097902,-0.30292646384163385
HDS,SWA,Clay,0.9922667733152966,-0.5939669414925183
HDS,SWA,Clay,0.5341782014302434,-0.9998440177600838
HDS,SWA,Clay,0.7960067496751049,-0.767857864497846
HDS,SWA,Clay,3.1470505736460335,1.315221373920005
HDS,SWA,Clay,0.9868346216233206,-0.598779953608294
HDS,SWA,Clay,1.1173245380464039,-0.4831628677197382
HDS,SWA,Clay,1.6432646968997484,-0.0171677151040141
HDS,SWA,Clay,1.093168052037557,-0.5045660733789035
HDS,SWA,Clay,0.907406403223674,-0.6691551933234633
HDS,SWA,Clay,1.2649280018276636,-0.3523827828117568
HDS,SWA,Clay,0.9152727316563435,-0.6621854442811025
HDS,SWA,Clay,1.1898140432056676,-0.41893548851869733
HDS,SWA,Clay,1.1055813742789748,-0.4935675825905805
HDS,SWA,Clay,1.8975369370612984,0.20812337432021777
HDS,SWA,Clay,0.9595256378464195,-0.6229763452484423
HDS,SWA,Clay,1.7395429919723517,0.0681370825059549
HDS,SWA,Clay,1.225397449069553,-0.3874077674139239
HDS,SWA,Clay,1.0582808197869196,-0.5354769685507423
HDS,SWA,Clay,1.134217207166883,-0.4681955719307136
HDS,SWA,Clay,1.0770744366115994,-0.5188253891020238
HDS,SWA,Clay,0.8768287603264184,-0.6962476925910634
HDS,SWA,Clay,0.7518266255823198,-0.8070024769079049
HDS,SWA,Clay,0.5851436619090897,-0.9546874402784371
HDS,SWA,Clay,1.3739073173210083,-0.255824587168364
HDS,SWA,Clay,2.4478807793058674,0.6957407551968009
HDS,SWA,Clay,1.8134301569272746,0.1336028206320929
HDS,SWA,Clay,1.6940065892537426,0.027790775844960133
HDS,SWA,Clay,1.5897219064500594,-0.06460786658716397
HDS,SWA,Clay,1.5823872227138946,-0.07110656612452945
HDS,SWA,Clay,1.1134637027316627,-0.48658365716019364
HDS,SWA,Clay,0.815521038903131,-0.7505677526211884
HDS,SWA,Clay,0.8867686620724753,-0.6874407096041821
HDS,SWA,Clay,1.1071464420814303,-0.492180896297126
HDS,SWA,Clay,1.1438889963841006,-0.4596261428493318
HDS,SWA,Clay,3.660545796059227,1.7701900248356786
HDS,SWA,Clay,0.7838693940274538,-0.7786118424973766
HDS,SWA,Clay,0.5093790023719489,-1.021816682055415
HDS,SWA,Clay,0.8659833064426294,-0.705857015729235
HDS,SWA,Clay,1.432380775845123,-0.2040157496604602
HDS,SWA,Clay,0.9749390047408226,-0.6093197454673209
HDS,SWA,Clay,1.7151982558209498,0.046567082863798924
HDS,SWA,Clay,4.257064242802099,2.298719173920016
HDS,SWA,Clay,2.2676107103757808,0.5360173021213206
HDS,SWA,Clay,1.818080450693766,0.1377230885312939
HDS,SWA,Clay,2.1569812742869057,0.4379970614414259
HDS,SWA,Clay,1.8872772926754422,0.19903309195464683
HDS,SWA,Clay,1.291624475055271,-0.3287290896936592
HDS,SWA,Clay,1.2275442208184144,-0.3855056779615366
HDS,SWA,Clay,1.2436027293735081,-0.37127746773848264
HDS,SWA,Clay,0.786394218686376,-0.7763747894173693
HDS,SWA,Clay,1.1458805944814197,-0.4578615408434063
HDS,SWA,Clay,1.5665890188703209,-0.08510414034892577
HDS,SWA,Clay,1.2323472269358058,-0.38125010338520515
HDS,SWA,Clay,1.1138980476864226,-0.4861988174781992
HDS,SWA,Clay,0.43939439160330984,-1.083824666855408
HDS,SWA,Clay,0.36993204180771894,-1.145369916346556
HDS,SWA,Clay,0.3366775191061987,-1.1748341930719601
HDS,SWA,Clay,1.4511487031737964,-0.18738693169973727
HDS,SWA,Clay,0.890708375821329,-0.6839500320456136
HDS,SWA,Clay,1.1052032019903961,-0.49390265199033023
HDS,SWA,Clay,2.529562477217515,0.7681126299120449
HDS,SWA,Clay,1.901748683480101,0.21185507912003299
HDS,SWA,Clay,2.1295243095354714,0.41366955523310667
HDS,SWA,Clay,1.9545106591118713,0.2586034106040523
HDS,SWA,Clay,2.172599725723267,0.45183537087300907
HDS,SWA,Clay,2.1554015201992462,0.436597362759395
HDS,SWA,Clay,1.7585374736785886,0.08496663288836366
HDS,SWA,Clay,1.4753265062967935,-0.1659648385840913
HDS,SWA,Clay,1.0283048719669432,-0.5620363520547998
HDS,SWA,Clay,0.6310981991101059,-0.9139706567891127
HDS,SWA,Clay,0.5992236211820653,-0.942212270509051
HDS,SWA,Clay,0.4223731576274968,-1.0989058740816442
HDS,SWA,Clay,0.7598849563437109,-0.7998626093587727
HDS,SWA,Clay,0.4258211306730174,-1.09585089016662
HDS,SWA,Clay,0.6141507343238024,-0.9289865028061979
HDS,SWA,Clay,0.5570981456658437,-0.979536416729392
HDS,SWA,Clay,0.8622676776087506,-0.7091491488671222
HDS,SWA,Clay,2.8092866419041282,1.0159547135012381
HDS,SWA,Clay,3.0392287184230327,1.2196887148633249
HDS,SWA,Clay,1.1519441674453723,-0.4524890748676305
HDS,SWA,Clay,1.3876963679424876,-0.24360716919672373
HDS,SWA,Clay,1.9602087566718152,0.26365205691365223
HDS,SWA,Clay,2.3618018309275306,0.6194728148021804
HDS,SWA,Clay,2.428246256510418,0.6783441135968319
HDS,SWA,Clay,1.6334453254275851,-0.025867905478784745
HDS,SWA,Clay,1.3093487686581087,-0.31302495536691854
HDS,SWA,Clay,0.9971910770226877,-0.589603894444248
HDS,SWA,Clay,1.3819574420250678,-0.24869199037594106
HDS,SWA,Clay,0.9326508083192131,-0.6467880661756975
HDS,SWA,Clay,0.9199023585937697,-0.6580834876707472
HDS,SWA,Clay,0.1674627319441715,-1.3247624106477434
HDS,SWA,Clay,0.4393093995010755,-1.083899971824966
HDS,SWA,Clay,1.0626789560923757,-0.5315801179977172
HDS,SWA,Clay,0.4779372915066394,-1.0496747655398992
HDS,SWA,Clay,0.7781813215987482,-0.783651606308687
HDS,SWA,Clay,1.0635558727043677,-0.5308031495849469
HDS,SWA,Clay,2.893407530344152,1.0904877674749884
HDS,SWA,Clay,6.741144233967834,4.499671535338237
HDS,SWA,Clay,0.8129042677644464,-0.75288627241018935
HDS,SWA,Clay,1.5923742872430573,-0.062257795820324646
HDS,SWA,Clay,2.039785021993472,0.33415846962798357
HDS,SWA,Clay,1.727976316166198,0.05788874005327645
HDS,SWA,Clay,2.0775818953209026,0.3676473741318979
HDS,SWA,Clay,1.0046739709978192,-0.5829738772051175
HDS,SWA,Clay,1.10575726051503,-0.49341174331488746
HDS,SWA,Clay,0.9194676582619596,-0.6584686422250325
HDS,SWA,Clay,1.5441628933199962,-0.1049742065959814
HDS,SWA,Clay,3.913742374258683,1.994528052867372
HDS,SWA,Clay,1.8252377245069114,0.14406459877105332
HDS,SWA,Clay,4.228893673801836,2.273759397832239
HDS,SWA,Clay,6.284997627731473,4.095515085578467
HDS,SWA,Clay,6.5145010828088825,4.29886045819234
HDS,SWA,Clay,5.758603147328385,3.6291173935552727
HDS,SWA,Clay,3.9864580234070144,2.0589558008763933
HDS,SWA,Clay,4.315983721061604,2.3509231952357434
3QDS,Cape,Clay,1.8566132232384698,0.016230211534936312
3QDS,Cape,Clay,2.985570441560897,1.1078892859400393
3QDS,Cape,Clay,3.460645754649325,1.5672692058713467
3QDS,Cape,Clay,3.04768229590522,1.1679491078027873
3QDS,Cape,Clay,2.4124841766130407,0.5537364700548759
3QDS,Cape,Clay,2.9642079742798315,1.0872325853312155
3QDS,Cape,Clay,4.391742632612917,2.4676047894372104
3QDS,Cape,Clay,1.4177695013478506,-0.4081151254473402
3QDS,Cape,Clay,1.5735256739517096,-0.2575047777228533
3QDS,Cape,Clay,2.235084052766155,0.3821972373408042
3QDS,Cape,Clay,2.0088472181462596,0.16343474619478401
3QDS,Cape,Clay,1.1124513059054741,-0.7033463115598954
3QDS,Cape,Clay,1.5709328300327234,-0.2600119600560185
3QDS,Cape,Clay,2.0691569349870114,0.22175196902262542
3QDS,Cape,Clay,2.1741257326812744,0.32325283962480006
3QDS,Cape,Clay,1.255942469326112,-0.5645957653896435
3QDS,Cape,Clay,1.4452687946472813,-0.3815243454046217
3QDS,Cape,Clay,1.202860908518093,-0.6159236337970634
3QDS,Cape,Clay,1.8919477974017316,0.050397412824355246
3QDS,Cape,Clay,0.9361364705057547,-0.8738361112551885
3QDS,Cape,Clay,0.7813744448350052,-1.023485156369437
3QDS,Cape,Clay,1.1122517422091605,-0.7035392821317354
3QDS,Cape,Clay,3.890017119520241,1.982455130673302
3QDS,Cape,Clay,2.418371555290424,0.5594293433128853
3QDS,Cape,Clay,2.1246633415119702,0.27542457183447483
3QDS,Cape,Clay,2.378534941395835,0.5209088393063463
3QDS,Cape,Clay,2.4882006193035777,0.6269514160274275
3QDS,Cape,Clay,2.283485847763182,0.42899994861140045
3QDS,Cape,Clay,2.299292007249397,0.4442839090260039
3QDS,Cape,Clay,1.78751071733051,-0.05058930687927882
3QDS,Cape,Clay,1.3350578617879059,-0.48809416311070575
3QDS,Cape,Clay,1.0878863575422824,-0.7270996906585464
3QDS,Cape,Clay,1.915081434220759,0.07276676761266994
3QDS,Cape,Clay,2.8921108443125174,1.0175173783330842
3QDS,Cape,Clay,3.9404230944315595,2.0311958083740413
3QDS,Cape,Clay,3.3852987358331217,1.4944114788599507
3QDS,Cape,Clay,3.0938249295650255,1.2125672952187174
3QDS,Cape,Clay,2.2103610664239635,0.35829104147365587
3QDS,Cape,Clay,2.4877576702707955,0.6265231010095615
3QDS,Cape,Clay,2.413353759678279,0.5545773241002814
3QDS,Cape,Clay,1.8296428050155593,-0.009849166244578685
3QDS,Cape,Clay,1.2573055829413262,-0.5632776859059011
3QDS,Cape,Clay,0.958895820537632,-0.8518286776814167
3QDS,Cape,Clay,2.4850473070126005,0.6239022819052386
3QDS,Cape,Clay,3.193615588570322,1.3090611008970874
3QDS,Cape,Clay,5.348642884102543,3.392891262552118
3QDS,Cape,Clay,4.55354867776235,2.6240651358650884
3QDS,Cape,Clay,4.712720719988425,2.77797850075405
3QDS,Cape,Clay,2.229401241595584,0.3767021731507698
3QDS,Cape,Clay,1.1446060095609834,-0.672253925187183
3QDS,Cape,Clay,0.7628249042050926,-1.0414218629390448
3QDS,Cape,Clay,1.0495517717426168,-0.764167790115805
3QDS,Cape,Clay,1.2189290298583288,-0.6003863661441973
3QDS,Cape,Clay,6.784564837867514,4.781373665184093
3QDS,SWA,Clay,2.215358635023925,0.36312350192792975
3QDS,SWA,Clay,2.4885645036413577,0.6273032784655469
3QDS,SWA,Clay,2.237910854922904,0.3849306484708984
3QDS,SWA,Clay,1.3140090682253467,-0.5084475530575735
3QDS,SWA,Clay,1.1254357632027252,-0.6907908307987799
3QDS,SWA,Clay,1.0926828712399463,-0.7224616427160885
3QDS,SWA,Clay,1.1185176027446353,-0.6974804311837145
3QDS,SWA,Clay,0.8389620600988148,-0.9678001031576744
3QDS,SWA,Clay,0.8663142953130749,-0.9413515227400043
3QDS,SWA,Clay,0.49801928147791186,-1.2974789183456044
3QDS,SWA,Clay,0.7099884629774245,-1.0925127099519762
3QDS,SWA,Clay,0.9503163752474002,-0.8601246778773859
3QDS,SWA,Clay,0.933457965093203,-0.8764261250236466
3QDS,SWA,Clay,1.0537252039570975,-0.760132238480711
3QDS,SWA,Clay,0.8057607965050337,-0.9999044735409245
3QDS,SWA,Clay,0.6877492940103705,-1.114017148044137
3QDS,SWA,Clay,0.6144833095884424,-1.1848625932402528
3QDS,SWA,Clay,0.6399901536453871,-1.160198436510226
3QDS,SWA,Clay,1.007914747363466,-0.8044292231949682
3QDS,SWA,Clay,1.0151216152091367,-0.7974604536489837
3QDS,SWA,Clay,1.3340713809194418,-0.4890480529254022
3QDS,SWA,Clay,0.9876338666637933,-0.8240400703496759
3QDS,SWA,Clay,2.464207169262197,0.6037506542635056
3QDS,SWA,Clay,1.0253644937291764,-0.7875559762224201
3QDS,SWA,Clay,0.6981402451918569,-1.1039694899355106
3QDS,SWA,Clay,0.6793192691814625,-1.1221686642863669
3QDS,SWA,Clay,1.0555417149604018,-0.7583757408133674
3QDS,SWA,Clay,1.1587915447702437,-0.6585370473594356
3QDS,SWA,Clay,1.17527536748463,-0.6425978121475081
3QDS,SWA,Clay,1.227608445550071,-0.5919936983383226
3QDS,SWA,Clay,1.177034851824864,-0.6408964571137502
3QDS,SWA,Clay,1.0153221721206687,-0.7972665226754664
3QDS,SWA,Clay,0.8546261301248954,-0.9526535378950001
3QDS,SWA,Clay,1.797501125100219,-0.04092895915147379
3QDS,SWA,Clay,1.0658283704242824,-0.748428932732269
3QDS,SWA,Clay,1.0415467485717946,-0.7719083457749792
3QDS,SWA,Clay,0.748366069628517,-1.0554030109530461
3QDS,SWA,Clay,1.256905814666635,-0.5636642467583792
3QDS,SWA,Clay,1.8610283406638526,0.02049946365871937
3QDS,SWA,Clay,1.681310829350978,-0.1532805953817198
3QDS,SWA,Clay,1.8700014823987396,0.02917615347639766
3QDS,SWA,Clay,1.0520149405554322,-0.7617859987222417
3QDS,SWA,Clay,0.9084825988455427,-0.9005763627459963
3QDS,SWA,Clay,0.5759181428190097,-1.2221536558035941
3QDS,SWA,Clay,0.4516102633667849,-1.342354689484678
3QDS,SWA,Clay,0.5292303986780071,-1.2672989445070613
3QDS,SWA,Clay,1.6970545688442975,-0.13805699274734276
3QDS,SWA,Clay,3.6134887352655425,1.7150626067557055
3QDS,SWA,Clay,2.323544817793526,0.467735462619565
3QDS,SWA,Clay,2.188965731491278,0.3376025590846516
3QDS,SWA,Clay,2.3100317585321126,0.45466884368460136
3QDS,SWA,Clay,1.821699200618414,-0.017530332264769966
3QDS,SWA,Clay,1.269885491639181,-0.5511133883910605
3QDS,SWA,Clay,1.1350880490958122,-0.68145743418026306
3QDS,SWA,Clay,1.4838070229756153,-0.34425933129838626
3QDS,SWA,Clay,0.9137003410546204,-0.8955310027110871
3QDS,SWA,Clay,0.29161955908392606,-1.4970596697233225
3QDS,SWA,Clay,0.6030346191559731,-1.195933045333408
3QDS,SWA,Clay,1.6807843478915505,-0.15378968310742128
3QDS,SWA,Clay,1.4638369062444667,-0.3635696814096881
3QDS,SWA,Clay,1.6331228119095946,-0.19987659181429115
3QDS,SWA,Clay,2.4780520166823674,0.6171380998413295
3QDS,SWA,Clay,2.9181452074574112,1.0426916261364798
3QDS,SWA,Clay,2.3077311894421646,0.4524442800939017
3QDS,SWA,Clay,2.699972060164181,0.8317264166770059
3QDS,SWA,Clay,2.5043717447916665,0.6425882848085561
3QDS,SWA,Clay,2.3739472815431197,0.516472745159269
3QDS,SWA,Clay,1.7241016191798277,-0.11190351460354957
3QDS,SWA,Clay,1.39004309300373,-0.43492551717723854
3QDS,SWA,Clay,1.5869077323666891,-0.2445648316683524
3QDS,SWA,Clay,2.0860188432183846,0.2380567986776563
3QDS,SWA,Clay,1.6965086754490681,-0.13858485108323743
3QDS,SWA,Clay,1.627403513675425,-0.2054069376194563
3QDS,SWA,Clay,1.8255805943921872,-0.013777170793536228
3QDS,SWA,Clay,1.9831883711087737,0.13862360831228174
3QDS,SWA,Clay,3.6931578871207056,1.792099673494233
3QDS,SWA,Clay,1.3842237377516071,-0.4405526143471444
3QDS,SWA,Clay,1.7711497575705497,-0.06640973824555978
3QDS,SWA,Clay,2.570701865448505,0.7067270111891895
3QDS,SWA,Clay,3.268518843474534,1.3814897249331388
3QDS,SWA,Clay,1.9514714056570146,0.10795449828218193
3QDS,SWA,Clay,1.4114832579713124,-0.41419368583434424
3QDS,SWA,Clay,0.8828285894971738,-0.9253828227654777
3QDS,SWA,Clay,1.63983071320319,-0.193390304115765
3QDS,SWA,Clay,2.048023072373096,0.2013163205097494
3QDS,SWA,Clay,4.453942451906873,2.52774967009044
3QDS,SWA,Clay,2.1181034144441213,0.2690813696344002
3QDS,SWA,Clay,1.9765407623833298,0.13219562125444725
3QDS,SWA,Clay,2.5923483038055153,0.7276583011242455
3QDS,SWA,Clay,1.893204054675484,0.05161216625382276
3QDS,SWA,Clay,2.105505392018912,0.2568995568279994
3QDS,SWA,Clay,2.2879886225996113,0.4333539621474449
3QDS,SWA,Clay,1.4486603831064258,-0.3782448072095656
3QDS,SWA,Clay,1.3911809039493241,-0.4338252968823003
0.05º,Cape,Soil C,1.245790958404541,-0.9407210666602124
0.05º,Cape,Soil C,4.460776011149089,-0.14791534379850085
0.05º,Cape,Soil C,6.317623562282986,0.3099777228470186
0.05º,Cape,Soil C,4.097509172227648,-0.23749586255610564
0.05º,Cape,Soil C,11.87948269314236,1.681515592029871
0.05º,Cape,Soil C,5.137110816107856,0.018866801419912642
0.05º,Cape,Soil C,1.9308611551920574,-0.7717847998767982
0.05º,Cape,Soil C,9.116057925754124,1.0000632884140548
0.05º,Cape,Soil C,2.163947105407715,-0.7143064999102459
0.05º,Cape,Soil C,6.039651234944661,0.2414305761898726
0.05º,Cape,Soil C,12.958179473876953,1.9475190001231155
0.05º,Cape,Soil C,5.975204679701063,0.22553824792780783
0.05º,Cape,Soil C,8.238299051920572,0.7836105687120376
0.05º,Cape,Soil C,6.62846925523546,0.3866313433947274
0.05º,Cape,Soil C,8.311964246961805,0.8017761860465746
0.05º,Cape,Soil C,6.390040927463108,0.32783562906040997
0.05º,Cape,Soil C,7.429804992675781,0.5842383456524687
0.05º,Cape,Soil C,3.434729258219401,-0.40093541210392186
0.05º,Cape,Soil C,17.740750206841362,3.126886675207105
0.05º,Cape,Soil C,5.6855273776584205,0.15410468942759184
0.05º,Cape,Soil C,12.438182406955296,1.8192892747081058
0.05º,Cape,Soil C,1.1590760548909504,-0.9621047031733239
0.05º,Cape,Soil C,3.4927241007486978,-0.3866340569500497
0.05º,Cape,Soil C,6.8886392381456165,0.4507884850249577
0.05º,Cape,Soil C,4.122459835476345,-0.2313431034333607
0.05º,Cape,Soil C,5.352313232421875,0.07193507527760125
0.05º,Cape,Soil C,1.0400271945529513,-0.991461796978646
0.05º,Cape,Soil C,5.396023220486111,0.0827138279358633
0.05º,Cape,Soil C,2.892589145236545,-0.5346255466190992
0.05º,Cape,Soil C,8.229527367485893,0.781447497498685
0.05º,Cape,Soil C,6.1519622802734375,0.26912614491459286
0.05º,Cape,Soil C,1.0706520080566406,-0.983909809330501
0.05º,Cape,Soil C,2.625213199191623,-0.6005596572610815
0.05º,Cape,Soil C,11.945429484049479,1.6977778739309626
0.05º,Cape,Soil C,3.1944452921549478,-0.4601887213052148
0.05º,Cape,Soil C,7.0592324998643665,0.49285627444028135
0.05º,Cape,Soil C,19.602320777045357,3.585944424265304
0.05º,Cape,Soil C,17.283071517944336,3.0140244759008743
0.05º,Cape,Soil C,4.0127978854709205,-0.25838541315428976
0.05º,Cape,Soil C,18.702771928575302,3.3641183618231443
0.05º,Cape,Soil C,7.126102871365017,0.5093463085604546
0.05º,Cape,Soil C,6.548387315538195,0.36688337597084797
0.05º,Cape,Soil C,4.321667141384548,-0.1822191760841296
0.05º,Cape,Soil C,12.364425659179688,1.8011010807423977
0.05º,Cape,Soil C,6.271931966145833,0.2987103115496327
0.05º,Cape,Soil C,10.716673956976997,1.3947704266554601
0.05º,Cape,Soil C,5.7582041422526045,0.17202656276263426
0.05º,Cape,Soil C,2.1148499382866754,-0.7264137148525452
0.05º,Cape,Soil C,4.508251190185547,-0.13620810627904265
0.05º,Cape,Soil C,2.710974375406901,-0.5794112070545149
0.05º,Cape,Soil C,5.4123107062445746,0.0867302733340512
0.05º,Cape,Soil C,10.183086819118923,1.2631894302902822
0.05º,Cape,Soil C,6.500638484954834,0.355108656796298
0.05º,Cape,Soil C,9.204913245307075,1.0219747451370493
0.05º,Cape,Soil C,5.266898896959093,0.05087215496588301
0.05º,Cape,Soil C,7.9283998012542725,0.7071903380086134
0.05º,Cape,Soil C,6.813918828964233,0.4323626550314407
0.05º,Cape,Soil C,3.561219957139757,-0.36974318310515014
0.05º,Cape,Soil C,4.260229746500651,-0.19736945437860803
0.05º,Cape,Soil C,8.604712350027901,0.8739669949181679
0.05º,Cape,Soil C,2.5649515787760415,-0.6154199930793175
0.05º,Cape,Soil C,8.361422644721138,0.8139724793866312
0.05º,Cape,Soil C,6.325581073760986,0.3119400214381461
0.05º,Cape,Soil C,7.206227196587457,0.5291047281283947
0.05º,Cape,Soil C,3.6339311599731445,-0.3518128174030585
0.05º,Cape,Soil C,5.507706536187066,0.1102546004070453
0.05º,Cape,Soil C,3.8646532694498696,-0.2949174335107689
0.05º,Cape,Soil C,1.5379729270935059,-0.868669864837092
0.05º,Cape,Soil C,4.8136683570014105,-0.06089314408190235
0.05º,Cape,Soil C,1.6901463099888392,-0.8311443625882848
0.05º,Cape,Soil C,5.493102179633246,0.10665320964950602
0.05º,Cape,Soil C,1.5930290222167969,-0.8550931960264853
0.05º,Cape,Soil C,1.0449466705322266,-0.990248668878246
0.05º,Cape,Soil C,3.9410777621799045,-0.2760713815978833
0.05º,Cape,Soil C,7.645554012722439,0.6374414103599633
0.05º,Cape,Soil C,3.0798462459019254,-0.48844850423214625
0.05º,Cape,Soil C,4.078303443060981,-0.24223193807286963
0.05º,Cape,Soil C,13.980954911973742,2.199732371949935
0.05º,Cape,Soil C,8.21081903245714,0.7768340778924732
0.05º,Cape,Soil C,4.2703967624240455,-0.19486229858277873
0.05º,Cape,Soil C,10.092176649305555,1.2407712536232272
0.05º,Cape,Soil C,5.735342025756836,0.16638883303847787
0.05º,Cape,Soil C,11.201705932617188,1.514377864870514
0.05º,Cape,Soil C,6.410751819610596,0.33294287327794775
0.05º,Cape,Soil C,3.9339218139648438,-0.27783601707964367
0.05º,Cape,Soil C,10.543928782145182,1.3521719818861768
0.05º,Cape,Soil C,10.787078857421875,1.4121320650688514
0.05º,Cape,Soil C,4.491244422064887,-0.1404019245619398
0.05º,Cape,Soil C,13.814356909857857,2.158649801633769
0.05º,Cape,Soil C,5.51096428765191,0.11105795219954723
0.05º,Cape,Soil C,3.5612684885660806,-0.3697312154002008
0.05º,Cape,Soil C,4.8762927585177955,-0.045450153493005
0.05º,Cape,Soil C,6.19419691297743,0.2795410793423917
0.05º,Cape,Soil C,6.539414299858941,0.3646706570732073
0.05º,Cape,Soil C,5.839848412407769,0.19215979621658938
0.05º,Cape,Soil C,1.8066055297851562,-0.8024258664149634
0.05º,Cape,Soil C,3.6808764139811196,-0.34023625781471856
0.05º,Cape,Soil C,2.2675664689805775,-0.6887542739769636
0.05º,Cape,Soil C,1.8430612352159288,-0.7934359982126822
0.05º,Cape,Soil C,3.6347702026367186,-0.35160591198530583
0.05º,Cape,Soil C,10.185741848415798,1.2638441525942414
0.05º,Cape,Soil C,7.911518914358957,0.7030275616603493
0.05º,Cape,Soil C,7.994872199164496,0.7235822330286472
0.05º,Cape,Soil C,12.888642205132378,1.9303713170986456
0.05º,Cape,Soil C,10.09849739074707,1.2423299296062724
0.05º,Cape,Soil C,0.6589181688096788,-1.0854421457785832
0.05º,Cape,Soil C,1.895467546251085,-0.7805127582532073
0.05º,Cape,Soil C,3.2251832485198975,-0.4526088329650179
0.05º,Cape,Soil C,1.9941321478949652,-0.7561823618302557
0.05º,Cape,Soil C,3.9929741753472223,-0.2632738809314581
0.05º,Cape,Soil C,4.956289503309462,-0.02572319487868762
0.05º,Cape,Soil C,7.070269266764323,0.4955779082322353
0.05º,Cape,Soil C,10.470561981201172,1.334079947645827
0.05º,Cape,Soil C,6.704731623331706,0.40543741585658094
0.05º,Cape,Soil C,3.666773902045356,-0.34371389518657963
0.05º,Cape,Soil C,3.8770675659179688,-0.29185610503684367
0.05º,Cape,Soil C,2.292433844672309,-0.6826220533172979
0.05º,Cape,Soil C,7.186142391628689,0.5241518751438128
0.05º,Cape,Soil C,2.246360354953342,-0.6939836384326702
0.05º,Cape,Soil C,3.959971957736545,-0.2714121293399652
0.05º,Cape,Soil C,4.278964996337891,-0.19274939766091745
0.05º,Cape,Soil C,7.722063276502821,0.6563083665609702
0.05º,Cape,Soil C,7.110459645589192,0.5054887357519887
0.05º,Cape,Soil C,2.2103568183051214,-0.7028620031621123
0.05º,Cape,Soil C,5.985473208957249,0.22807043660866252
0.05º,Cape,Soil C,2.2866636912027993,-0.6840449559489951
0.05º,Cape,Soil C,2.1140354701450894,-0.7266145602664879
0.05º,Cape,Soil C,7.742468304104275,0.6613401854939304
0.05º,Cape,Soil C,7.231351216634114,0.5353002365203479
0.05º,Cape,Soil C,5.409977806939019,0.08615498732495282
0.05º,Cape,Soil C,6.070469750298394,0.24903033013637482
0.05º,Cape,Soil C,6.031559414333767,0.23943515736725296
0.05º,Cape,Soil C,5.153372234768337,0.022876818749503106
0.05º,Cape,Soil C,7.244923909505208,0.5386472220914508
0.05º,Cape,Soil C,15.891987800598145,2.6709873811715155
0.05º,Cape,Soil C,2.9693595038519964,-0.5156942052106787
0.05º,Cape,Soil C,4.375950707329644,-0.16883301066420822
0.05º,Cape,Soil C,9.824572245279947,1.174780805924758
0.05º,Cape,Soil C,6.368007236056858,0.32240218649191915
0.05º,Cape,Soil C,5.521917555067274,0.11375899526770157
0.05º,Cape,Soil C,7.423077901204427,0.5825794649643139
0.05º,Cape,Soil C,2.12239752875434,-0.7245525015596644
0.05º,Cape,Soil C,1.1521163516574435,-0.9638209452280833
0.05º,Cape,Soil C,2.8639734056260853,-0.541682102638769
0.05º,Cape,Soil C,2.2600830925835504,-0.6905996522715926
0.05º,Cape,Soil C,11.117243872748482,1.4935497728794067
0.05º,Cape,Soil C,2.32086181640625,-0.6756118002958166
0.05º,Cape,Soil C,7.0283203125,0.48523342125540514
0.05º,Cape,Soil C,10.339358859592014,1.301725649270392
0.05º,Cape,Soil C,8.756756252712673,0.9114605677333241
0.05º,Cape,Soil C,5.194636874728733,0.03305255586047413
0.05º,Cape,Soil C,2.4465679592556424,-0.6446130404836077
0.05º,Cape,Soil C,6.25563218858507,0.29469083502966736
0.05º,Cape,Soil C,7.1462512546115455,0.5143148397611276
0.05º,Cape,Soil C,2.4599990844726562,-0.6413009650736674
0.05º,Cape,Soil C,5.727351294623481,0.1644183425794429
0.05º,Cape,Soil C,4.221689012315538,-0.2068734844515209
0.05º,Cape,Soil C,3.172354804144965,-0.4656361697467469
0.05º,Cape,Soil C,7.761415209089007,0.6660124357395697
0.05º,Cape,Soil C,12.213898658752441,1.7639815714986293
0.05º,Cape,Soil C,25.810159895155167,5.116779031176091
0.05º,Cape,Soil C,3.4987650977240667,-0.38514436511780487
0.05º,Cape,Soil C,3.8986714680989585,-0.28652864720912785
0.05º,Cape,Soil C,6.97310225168864,0.4716168121893066
0.05º,Cape,Soil C,2.617979261610243,-0.6023435246879134
0.05º,Cape,Soil C,3.4946161905924478,-0.38616747323918205
0.05º,Cape,Soil C,7.715979258219401,0.654808065802504
0.05º,Cape,Soil C,5.3504378000895185,0.07147259925934948
0.05º,Cape,Soil C,1.8476359049479167,-0.7923078983042158
0.05º,Cape,Soil C,10.513690524631077,1.3447153177918652
0.05º,Cape,Soil C,2.195220947265625,-0.7065944638061721
0.05º,Cape,Soil C,11.60137939453125,1.6129361482475777
0.05º,Cape,Soil C,11.671254052056206,1.6301670303387699
0.05º,Cape,Soil C,2.9479408264160156,-0.5209759871688494
0.05º,Cape,Soil C,12.71665064493815,1.887958711450761
0.05º,Cape,Soil C,6.2586121029324,0.29542567301785155
0.05º,Cape,Soil C,3.7402441236707897,-0.3255963577147218
0.05º,Cape,Soil C,3.314955393473307,-0.43047128983340155
0.05º,Cape,Soil C,9.047341240776909,0.983117958898599
0.05º,Cape,Soil C,0.9301503499348959,-1.0185570990699628
0.05º,Cape,Soil C,19.88051435682509,3.6545461311144467
0.05º,Cape,Soil C,12.319574117660522,1.790040824407704
0.05º,Cape,Soil C,4.71793450249566,-0.08450082700378006
0.05º,Cape,Soil C,3.1041253407796225,-0.4824613518662251
0.05º,Cape,Soil C,4.50414064195421,-0.1372217552100449
0.05º,Cape,Soil C,3.0323528713650174,-0.5001602287077335
0.05º,Cape,Soil C,3.0965550740559897,-0.4843281570561783
0.05º,Cape,Soil C,1.9140148162841797,-0.7759390567944258
0.05º,Cape,Soil C,6.525287628173828,0.3611870619792316
0.05º,Cape,Soil C,4.307090335422092,-0.18581377294802923
0.05º,Cape,Soil C,9.021230273776585,0.9766790723321939
0.05º,Cape,Soil C,8.912098778618706,0.9497675711941834
0.05º,Cape,Soil C,6.163600497775608,0.27199609463076757
0.05º,Cape,Soil C,6.48289680480957,0.3507336114005692
0.05º,Cape,Soil C,5.793262481689453,0.18067184467952363
0.05º,Cape,Soil C,2.2607434590657554,-0.6904368078671276
0.05º,Cape,Soil C,8.149693489074707,0.7617607012479207
0.05º,Cape,Soil C,6.239343219333225,0.2906740238064374
0.05º,Cape,Soil C,11.211339738633898,1.5167535326940602
0.05º,Cape,Soil C,2.6881366305881076,-0.5850429267958364
0.05º,Cape,Soil C,4.343502892388238,-0.17683454502840193
0.05º,Cape,Soil C,9.47216902838813,1.0878792239506196
0.05º,Cape,Soil C,14.313399844699436,2.2817123005895135
0.05º,Cape,Soil C,5.684869130452474,0.1539423676303297
0.05º,Cape,Soil C,7.767449569702149,0.6675004910646873
0.05º,Cape,Soil C,1.7883175743950739,-0.8069356216563819
0.05º,Cape,Soil C,2.6503893534342446,-0.5943512927319338
0.05º,Cape,Soil C,6.468073103162977,0.34707813079751604
0.05º,Cape,Soil C,3.9042887006487166,-0.285143454420038
0.05º,Cape,Soil C,6.131157769097222,0.26399581452386106
0.05º,Cape,Soil C,4.2394899640764505,-0.20248382285219596
0.05º,Cape,Soil C,10.490424262152779,1.3389779268740907
0.05º,Cape,Soil C,5.152919345431858,0.0227651375902152
0.05º,Cape,Soil C,3.444568845960829,-0.39850899912096116
0.05º,Cape,Soil C,8.703934987386068,0.8984350012834956
0.05º,Cape,Soil C,4.112081739637587,-0.23390231090661198
0.05º,Cape,Soil C,5.693120744493273,0.15597719103605812
0.05º,Cape,Soil C,7.912346733940972,0.7032316994996711
0.05º,Cape,Soil C,5.962432013617621,0.22238854657584983
0.05º,Cape,Soil C,3.8984557257758246,-0.2865818486223966
0.05º,Cape,Soil C,7.276694615681966,0.5464817834542754
0.05º,Cape,Soil C,6.625763575236003,0.3859641307786155
0.05º,Cape,Soil C,3.5096236637660434,-0.3824666751258088
0.05º,Cape,Soil C,6.974891238742405,0.4720579710597468
0.05º,Cape,Soil C,6.118676503499349,0.2609179716623199
0.05º,Cape,Soil C,10.804940117730034,1.416536598576011
0.05º,Cape,Soil C,4.985292222764757,-0.01857121078374384
0.05º,Cape,Soil C,1.2272873984442816,-0.9452839893454315
0.05º,Cape,Soil C,2.090743170844184,-0.7323583717870427
0.05º,Cape,Soil C,7.777418030632867,0.6699586837916645
0.05º,Cape,Soil C,8.644081963433159,0.883675424134004
0.05º,Cape,Soil C,9.01644621955024,0.9754993388320679
0.05º,Cape,Soil C,4.716223398844401,-0.08492278005950865
0.05º,Cape,Soil C,1.906640625,-0.7777575103659544
0.05º,Cape,Soil C,12.587598164876303,1.8561347548649638
0.05º,Cape,Soil C,2.294187273297991,-0.682189663049143
0.05º,Cape,Soil C,8.312102635701498,0.8018103122969329
0.05º,Cape,Soil C,5.279052734375,0.05386925501455543
0.05º,Cape,Soil C,5.08200920952691,0.005278909619620788
0.05º,Cape,Soil C,11.092217339409721,1.4873783044187927
0.05º,Cape,Soil C,1.5511737399631076,-0.8654145837649413
0.05º,Cape,Soil C,14.081142663955688,2.2244383727022967
0.05º,Cape,Soil C,5.043250189887153,-0.004278948995204477
0.05º,Cape,Soil C,4.124037742614746,-0.23095399624034257
0.05º,Cape,Soil C,5.820004357231988,0.187266311410272
0.05º,Cape,Soil C,3.3155085245768228,-0.43033488935341
0.05º,Cape,Soil C,6.556758032904731,0.3689475699013866
0.05º,Cape,Soil C,5.315372890896267,0.06282569726013047
0.05º,Cape,Soil C,4.58403560093471,-0.1175198966731073
0.05º,Cape,Soil C,8.015840742323133,0.7287530132168938
0.05º,Cape,Soil C,2.409149063958062,-0.6538404284335951
0.05º,Cape,Soil C,3.413249969482422,-0.4062321406280993
0.05º,Cape,Soil C,3.6624569363064237,-0.3447784460591573
0.05º,Cape,Soil C,6.9355082511901855,0.46234624381916856
0.05º,Cape,Soil C,2.264884101019965,-0.6894157379138423
0.05º,Cape,Soil C,2.1777131822374134,-0.7109118264318661
0.05º,Cape,Soil C,2.8569734361436634,-0.5434082742303862
0.05º,Cape,Soil C,2.0465189615885415,-0.7432639298570487
0.05º,Cape,Soil C,22.536716885036892,4.309557750421464
0.05º,Cape,Soil C,13.501917945014107,2.0816032849908206
0.05º,Cape,Soil C,11.219329833984375,1.5187238663709342
0.05º,Cape,Soil C,10.180862002902561,1.2626407972485385
0.05º,Cape,Soil C,9.483103646172417,1.0905756680753869
0.05º,Cape,Soil C,9.305333455403646,1.0467380693669932
0.05º,Cape,Soil C,15.249468061659071,2.5125439303543318
0.05º,Cape,Soil C,11.707679430643717,1.6391494200319756
0.05º,Cape,Soil C,7.863512251112196,0.6911892617201876
0.05º,Cape,Soil C,7.401418050130208,0.5772382103064381
0.05º,Cape,Soil C,6.9874725341796875,0.47516048098127084
0.05º,Cape,Soil C,7.5111574445452005,0.6042996175877295
0.05º,Cape,Soil C,3.951734330919054,-0.27344350353815344
0.05º,Cape,Soil C,1.6755399703979492,-0.8347462423568498
0.05º,Cape,Soil C,12.739311218261719,1.8935467412299092
0.05º,Cape,Soil C,4.912612491183811,-0.03649381576887047
0.05º,Cape,Soil C,5.553676181369358,0.12159057776946919
0.05º,Cape,Soil C,1.458147684733073,-0.888354531463504
0.05º,Cape,Soil C,6.468796200222439,0.34725644437519076
0.05º,Cape,Soil C,6.769020080566406,0.4212907576212994
0.05º,Cape,Soil C,9.593375311957466,1.1177683318886291
0.05º,Cape,Soil C,8.606126573350695,0.8743157381705691
0.05º,Cape,Soil C,6.555018530951606,0.3685186139091373
0.05º,Cape,Soil C,4.2674204508463545,-0.19559624813871793
0.05º,Cape,Soil C,2.0591636657714845,-0.7401457835280097
0.05º,Cape,Soil C,10.799759758843315,1.4152591375289179
0.05º,Cape,Soil C,8.153908623589409,0.7628001408443925
0.05º,Cape,Soil C,1.9203367233276367,-0.774380093377419
0.05º,Cape,Soil C,7.568062464396159,0.618332225720351
0.05º,Cape,Soil C,8.69803237915039,0.8969794357016088
0.05º,Cape,Soil C,7.347996181911892,0.5640645369752699
0.05º,Cape,Soil C,13.442682054307726,2.066995891058852
0.05º,Cape,Soil C,1.5724317762586806,-0.8601724154327605
0.05º,Cape,Soil C,1.0795533921983507,-0.9817147545563228
0.05º,Cape,Soil C,7.775455474853516,0.669474723391296
0.05º,Cape,Soil C,6.575553470187717,0.3735824686636435
0.05º,Cape,Soil C,1.5088187323676214,-0.8758592022818724
0.05º,Cape,Soil C,4.512019687228733,-0.13527880615060972
0.05º,Cape,Soil C,7.605297088623047,0.6275141729740347
0.05º,Cape,Soil C,4.732519361707899,-0.0809042442325088
0.05º,Cape,Soil C,3.9348220825195312,-0.27761401353979537
0.05º,Cape,Soil C,3.7330830891927085,-0.32736224745376935
0.05º,Cape,Soil C,11.372319115532768,1.556450566793546
0.05º,Cape,Soil C,19.78735139634874,3.631572422990567
0.05º,Cape,Soil C,5.63884777492947,0.14259363865215186
0.05º,Cape,Soil C,8.923876444498697,0.9526719084643176
0.05º,Cape,Soil C,17.976234859890408,3.18495648813641
0.05º,Cape,Soil C,10.207402971055773,1.2691857208164392
0.05º,Cape,Soil C,2.597015380859375,-0.6075131551403133
0.05º,Cape,Soil C,10.455669403076172,1.3304074823086753
0.05º,Cape,Soil C,8.126731024848091,0.756098226072701
0.05º,Cape,Soil C,3.817194620768229,-0.3066205946940435
0.05º,Cape,Soil C,3.848331027560764,-0.29894244966708644
0.05º,Cape,Soil C,1.668913099500868,-0.836380408950373
0.05º,Cape,Soil C,4.698921839396159,-0.08918929300434765
0.05º,Cape,Soil C,2.5006586710611978,-0.6312744323191625
0.05º,Cape,Soil C,2.45548333062066,-0.6424145365018895
0.05º,Cape,Soil C,11.744511074490017,1.6482319935260028
0.05º,Cape,Soil C,3.6236209869384766,-0.35435527531545263
0.05º,Cape,Soil C,7.432177225748698,0.5848233312512555
0.05º,Cape,Soil C,9.2330322265625,1.0289088020283281
0.05º,Cape,Soil C,5.918268415662977,0.2114979350718505
0.05º,Cape,Soil C,5.066505432128906,0.0014557243651144344
0.05º,Cape,Soil C,8.537500593397352,0.8573927762434033
0.05º,Cape,Soil C,5.057334476047092,-8.058060452893568e-4
0.05º,Cape,Soil C,9.008449009486608,0.9735272506881549
0.05º,Cape,Soil C,3.858257838657924,-0.2964945276648123
0.05º,Cape,Soil C,1.8804601033528645,-0.7842135489007636
0.05º,Cape,Soil C,4.092454062567817,-0.2387424375174997
0.05º,Cape,Soil C,3.906386057535807,-0.28462625246864814
0.05º,Cape,Soil C,4.807045406765408,-0.06252634385210004
0.05º,Cape,Soil C,1.3414897918701172,-0.9171220198223647
0.05º,Cape,Soil C,3.100910186767578,-0.4832541992539461
0.05º,Cape,Soil C,3.099920484754774,-0.48349825681776243
0.05º,Cape,Soil C,16.900401645236546,2.9196592268959036
0.05º,Cape,Soil C,4.455319722493489,-0.1492608483034291
0.05º,Cape,Soil C,4.291659884982639,-0.18961887599331062
0.05º,Cape,Soil C,11.586461808946398,1.6092575161454301
0.05º,Cape,Soil C,3.947840796576606,-0.27440363749156527
0.05º,Cape,Soil C,2.070099300808377,-0.7374490885517846
0.05º,Cape,Soil C,8.55314212375217,0.8612499309661069
0.05º,Cape,Soil C,8.48738564385308,0.8450345791918473
0.05º,Cape,Soil C,7.189019097222222,0.5248612621612095
0.05º,Cape,Soil C,7.414230770534939,0.5803977889345334
0.05º,Cape,Soil C,2.7919548882378473,-0.5594416541765496
0.05º,Cape,Soil C,11.716857486300999,1.64141270117651
0.05º,Cape,Soil C,0.644028557671441,-1.0891138794656507
0.05º,Cape,Soil C,13.82677247789171,2.161711443672016
0.05º,Cape,Soil C,7.762244542439778,0.6662169468697506
0.05º,Cape,Soil C,4.0943756103515625,-0.2382685895665099
0.05º,Cape,Soil C,16.801734500461155,2.895328203344308
0.05º,Cape,Soil C,3.1507136027018228,-0.47097282546123603
0.05º,Cape,Soil C,2.919017367892795,-0.5281084257543996
0.05º,Cape,Soil C,2.1169614791870117,-0.7258930151658035
0.05º,Cape,Soil C,1.7760687934027777,-0.8099561345077503
0.05º,Cape,Soil C,6.771901448567708,0.42200129437454265
0.05º,Cape,Soil C,7.005086263020833,0.47950397396711647
0.05º,Cape,Soil C,5.476670159233941,0.10260112244007139
0.05º,Cape,Soil C,7.564718246459961,0.6175075515539652
0.05º,Cape,Soil C,6.6426412794325085,0.3901261222828478
0.05º,Cape,Soil C,7.784657160441081,0.6717438316061439
0.05º,Cape,Soil C,2.537049823337131,-0.6223004827322857
0.05º,Cape,Soil C,5.793657938639323,0.18076936318360962
0.05º,Cape,Soil C,6.84205796983507,0.4393016832237387
0.05º,Cape,Soil C,15.020011901855469,2.455960725874774
0.05º,Cape,Soil C,9.515650431315104,1.0986016081959624
0.05º,Cape,Soil C,1.8269182840983074,-0.7974168017996232
0.05º,Cape,Soil C,6.562319967481825,0.37031912637538583
0.05º,Cape,Soil C,7.306190490722656,0.5537553782453649
0.05º,Cape,Soil C,4.223895602756077,-0.20632934583172316
0.05º,Cape,Soil C,5.214424345228407,0.03793208705447039
0.05º,Cape,Soil C,6.001529269748264,0.2320298133002792
0.05º,Cape,Soil C,6.78960206773546,0.42636621425571286
0.05º,Cape,Soil C,7.420733451843262,0.5820013307459591
0.05º,Cape,Soil C,5.527494642469618,0.11513428838320254
0.05º,Cape,Soil C,9.597133000691732,1.1186949667203263
0.05º,Cape,Soil C,2.5999879837036133,-0.6067801201469795
0.05º,Cape,Soil C,8.411150190565321,0.8262351438414725
0.05º,Cape,Soil C,5.387948354085286,0.08072258997086797
0.05º,Cape,Soil C,2.9146041870117188,-0.529196702993995
0.05º,Cape,Soil C,2.148929172092014,-0.7180098774634569
0.05º,Cape,Soil C,5.556236267089844,0.12222188727073263
0.05º,Cape,Soil C,20.512833459036692,3.810474135345815
0.05º,Cape,Soil C,1.6845031314425998,-0.8325359535827033
0.05º,Cape,Soil C,7.681760999891493,0.6463699453808965
0.05º,Cape,Soil C,1.1085922718048096,-0.9745538534759774
0.05º,Cape,Soil C,5.140923182169597,0.01980691951744834
0.05º,Cape,Soil C,2.8302849663628473,-0.5499895712596181
0.05º,Cape,Soil C,3.7509803771972656,-0.3229488296241579
0.05º,Cape,Soil C,2.218170166015625,-0.7009352549259712
0.05º,Cape,Soil C,3.8024715847439237,-0.3102512514549525
0.05º,Cape,Soil C,12.7235107421875,1.8896503909669782
0.05º,Cape,Soil C,5.6802412668863935,0.15280115028106725
0.05º,Cape,Soil C,1.3872383965386286,-0.9058405503912171
0.05º,Cape,Soil C,8.368775261773003,0.8157856128168326
0.05º,Cape,Soil C,3.4049148559570312,-0.40828755475762707
0.05º,Cape,Soil C,5.392171223958333,0.08176393708363101
0.05º,Cape,Soil C,2.9971466064453125,-0.5088419886073946
0.05º,Cape,Soil C,7.356722513834636,0.5662164243944777
0.05º,Cape,Soil C,2.353363460964627,-0.6675969917086658
0.05º,Cape,Soil C,7.536021709442139,0.6104310711346796
0.05º,Cape,Soil C,20.55421913994683,3.820679720793896
0.05º,Cape,Soil C,5.182461632622613,0.03005017747905095
0.05º,Cape,Soil C,4.25889417860243,-0.19769880143795937
0.05º,Cape,Soil C,3.8592130872938366,-0.29625896620095393
0.05º,Cape,Soil C,8.916924794514975,0.9509576523169299
0.05º,Cape,Soil C,2.338754177093506,-0.6711995975279521
0.05º,Cape,Soil C,9.650083541870117,1.13175241220954
0.05º,Cape,Soil C,4.874190860324436,-0.04596847531697287
0.05º,Cape,Soil C,4.042689429389106,-0.25101424759839425
0.05º,Cape,Soil C,9.35422134399414,1.058793676847993
0.05º,Cape,Soil C,3.3573358323838978,-0.42002040003003394
0.05º,Cape,Soil C,7.8699840969509545,0.692785199596809
0.05º,Cape,Soil C,2.133864508734809,-0.7217247785054949
0.05º,Cape,Soil C,3.28116946750217,-0.4388027983855901
0.05º,Cape,Soil C,1.3769163404192244,-0.9083859386368569
0.05º,Cape,Soil C,4.8050821092393665,-0.06301048716498943
0.05º,Cape,Soil C,15.950218200683594,2.685346824116005
0.05º,Cape,Soil C,3.785927242702908,-0.31433103684614794
0.05º,Cape,Soil C,8.003348244561089,0.7256724005371765
0.05º,Cape,Soil C,5.501644134521484,0.1087596302420498
0.05º,Cape,Soil C,6.516433397928874,0.359003635215321
0.05º,Cape,Soil C,6.436038970947266,0.33917860935935434
0.05º,Cape,Soil C,3.792665269639757,-0.3126694595048256
0.05º,Cape,Soil C,5.249590131971571,0.04660386515655359
0.05º,Cape,Soil C,14.699474758572048,2.376917222587597
0.05º,Cape,Soil C,6.418320973714192,0.33480940409911936
0.05º,Cape,Soil C,3.843387179904514,-0.3001615877503212
0.05º,Cape,Soil C,8.081508000691732,0.7449463632279056
0.05º,Cape,Soil C,11.641822814941406,1.6229093750673733
0.05º,Cape,Soil C,3.8342100779215493,-0.30242463372161393
0.05º,Cape,Soil C,8.624154196845161,0.8787612963431672
0.05º,Cape,Soil C,6.053654564751519,0.24488375554463185
0.05º,Cape,Soil C,7.343364170619419,0.5629222968090528
0.05º,Cape,Soil C,8.176037258572048,0.7682569962155793
0.05º,Cape,Soil C,8.397571563720703,0.8228866949702011
0.05º,Cape,Soil C,2.1103473239474826,-0.7275240461161085
0.05º,Cape,Soil C,4.495628780788845,-0.13932075478030576
0.05º,Cape,Soil C,2.2777887980143228,-0.6862334781331353
0.05º,Cape,Soil C,12.536694844563803,1.8435821479338796
0.05º,Cape,Soil C,5.689161936442058,0.15500096078079298
0.05º,Cape,Soil C,3.393252478705512,-0.41116346219591626
0.05º,Cape,Soil C,5.02076784769694,-0.009823027508577225
0.05º,Cape,Soil C,8.726746453179253,0.9040602406954992
0.05º,Cape,Soil C,4.556755277845594,-0.124247142962512
0.05º,Cape,Soil C,2.656401104397244,-0.5928688128790907
0.05º,Cape,Soil C,9.516678704155815,1.0988551772108737
0.05º,Cape,Soil C,3.097395215715681,-0.48412098062926173
0.05º,Cape,Soil C,5.839081658257379,0.19197071693053214
0.05º,Cape,Soil C,19.665184020996094,3.6014463126859826
0.05º,Cape,Soil C,3.267579820421007,-0.44215396481431724
0.05º,Cape,Soil C,16.54556655883789,2.8321579531562846
0.05º,Cape,Soil C,4.873447206285265,-0.046151858184517114
0.05º,Cape,Soil C,6.116889953613281,0.26047741379016337
0.05º,Cape,Soil C,4.858940760294597,-0.049729104489276206
0.05º,Cape,Soil C,4.169846534729004,-0.21965768476462894
0.05º,Cape,Soil C,10.56741205851237,1.357962887781542
0.05º,Cape,Soil C,8.851455476548937,0.9348131138186814
0.05º,Cape,Soil C,10.894810994466146,1.438698488670699
0.05º,Cape,Soil C,5.950474103291829,0.2194397615630977
0.05º,Cape,Soil C,4.479710472954644,-0.14324616200372517
0.05º,Cape,Soil C,10.306109534369575,1.2935264648620113
0.05º,Cape,Soil C,8.604236390855577,0.8738496248061841
0.05º,Cape,Soil C,5.607387118869358,0.134835534723131
0.05º,Cape,Soil C,4.310444725884332,-0.18498659026706907
0.05º,Cape,Soil C,2.587514877319336,-0.6098559509707888
0.05º,Cape,Soil C,2.189024183485243,-0.7081225672678398
0.05º,Cape,Soil C,2.0012355380588107,-0.7544306870071306
0.05º,Cape,Soil C,3.380466037326389,-0.414316560494694
0.05º,Cape,Soil C,7.465872870551215,0.5931325767365948
0.05º,Cape,Soil C,3.424708684285482,-0.40340645574202155
0.05º,Cape,Soil C,5.591677347819011,0.13096155204848986
0.05º,Cape,Soil C,14.956802792019314,2.4403735479585604
0.05º,Cape,Soil C,2.0556233723958335,-0.74101880931282
0.05º,Cape,Soil C,20.598495059543186,3.831598030479656
0.05º,Cape,Soil C,8.65489649772644,0.8863422560281301
0.05º,Cape,Soil C,18.668838924831814,3.3557505843310653
0.05º,Cape,Soil C,4.613597022162543,-0.1102301383878099
0.05º,Cape,Soil C,5.800590091281467,0.18247881134472974
0.05º,Cape,Soil C,7.951505025227864,0.7128880173115476
0.05º,Cape,Soil C,2.441045125325521,-0.6459749548547109
0.05º,Cape,Soil C,6.9203440348307295,0.4586067933037682
0.05º,Cape,Soil C,6.191320631239149,0.27883179684643566
0.05º,Cape,Soil C,1.6188117265701294,-0.8487352580495344
0.05º,Cape,Soil C,3.219677516392299,-0.4539665300826382
0.05º,Cape,Soil C,1.2035083770751953,-0.9511478250759798
0.05º,Cape,Soil C,6.15501594543457,0.2698791696334427
0.05º,Cape,Soil C,2.9606229994032116,-0.517848601144461
0.05º,Cape,Soil C,5.585877736409505,0.12953138517667032
0.05º,Cape,Soil C,5.668285369873047,0.14985286174515797
0.05º,Cape,Soil C,1.942506578233507,-0.7689130732961332
0.05º,Cape,Soil C,3.1858433314732144,-0.4623099391474215
0.05º,Cape,Soil C,9.519526163736979,1.0995573522488686
0.05º,Cape,Soil C,8.727807786729601,0.9043219623827782
0.05º,Cape,Soil C,4.115423838297526,-0.23307815934742923
0.05º,Cape,Soil C,5.243916988372803,0.04520488486957522
0.05º,Cape,Soil C,3.3154830932617188,-0.4303411606398464
0.05º,Cape,Soil C,9.986244837443033,1.2146487848403558
0.05º,Cape,Soil C,5.429804907904731,0.09104429127364588
0.05º,Cape,Soil C,6.098214891221788,0.2558721991170389
0.05º,Cape,Soil C,1.5855731964111328,-0.8569317804274746
0.05º,Cape,Soil C,7.086565229627821,0.49959644405923515
0.05º,Cape,Soil C,6.617049323187934,0.3838152222204651
0.05º,Cape,Soil C,7.239728715684679,0.5373661027939364
0.05º,Cape,Soil C,4.890674167209202,-0.04190374101322481
0.05º,Cape,Soil C,6.504904429117839,0.35616062590046277
0.05º,Cape,Soil C,0.98656463623046875,-1.0046455043681124
0.05º,Cape,Soil C,4.08487065633138,-0.24061248287211182
0.05º,Cape,Soil C,2.807203080919054,-0.5556814953507289
0.05º,Cape,Soil C,8.429381370544434,0.8307308984359217
0.05º,Cape,Soil C,2.3608411153157554,-0.665753024453485
0.05º,Cape,Soil C,6.526435640123156,0.3614701583011145
0.05º,Cape,Soil C,10.507352617051867,1.3431524086904754
0.05º,Cape,Soil C,1.5506193372938368,-0.8655512978092547
0.05º,Cape,Soil C,3.1871636708577475,-0.4619843473941149
0.05º,Cape,Soil C,7.770338694254558,0.6682129405602938
0.05º,Cape,Soil C,7.294290330674913,0.5508208342788955
0.05º,Cape,Soil C,8.99719958835178,0.9707531769962853
0.05º,Cape,Soil C,6.414268069797092,0.3338099700840397
0.05º,Cape,Soil C,8.447643703884548,0.8352343353562556
0.05º,Cape,Soil C,5.037903043958876,-0.005597539229176413
0.05º,Cape,Soil C,5.066263834635417,0.0013961471439687748
0.05º,Cape,Soil C,3.3694621192084417,-0.41703009387500095
0.05º,Cape,Soil C,12.724677191840279,1.8899380339715277
0.05º,Cape,Soil C,4.896692064073351,-0.04041974559949309
0.05º,Cape,Soil C,1.988059573703342,-0.7576798405098257
0.05º,Cape,Soil C,1.810860104031033,-0.801376701098443
0.05º,Cape,Soil C,3.5034205118815103,-0.38399635387490283
0.05º,Cape,Soil C,3.085993085588728,-0.4869327119030185
0.05º,Cape,Soil C,5.347389221191406,0.07072082879778681
0.05º,Cape,Soil C,4.814414554172092,-0.0607091340857144
0.05º,Cape,Soil C,7.745808495415582,0.6621638667066303
0.05º,Cape,Soil C,3.3937500847710504,-0.41104075402464413
0.05º,Cape,Soil C,3.9049610561794705,-0.2849776535519673
0.05º,Cape,Soil C,6.088047027587891,0.25336483427832834
0.05º,Cape,Soil C,3.5611824459499783,-0.3697524332526439
0.05º,Cape,Soil C,8.70542441474067,0.8988022896257871
0.05º,Cape,Soil C,9.178369734022352,1.0154291944405045
0.05º,Cape,Soil C,2.8590799967447915,-0.5428888026705717
0.05º,Cape,Soil C,18.628128899468315,3.345711613525128
0.05º,Cape,Soil C,6.3339517381456165,0.3140042023035048
0.05º,Cape,Soil C,6.005510965983073,0.23301168771333708
0.05º,Cape,Soil C,5.610464307996962,0.1355943603819344
0.05º,Cape,Soil C,3.4979434543185763,-0.3853469799304206
0.05º,Cape,Soil C,3.412841251918248,-0.40633292916011277
0.05º,Cape,Soil C,1.5852462768554687,-0.8570123978146145
0.05º,Cape,Soil C,3.355376773410373,-0.42050349812851745
0.05º,Cape,Soil C,9.48244900173611,1.0904142347103702
0.05º,Cape,Soil C,4.915398915608724,-0.03580669181832319
0.05º,Cape,Soil C,2.0338957044813366,-0.746376787401193
0.05º,Cape,Soil C,10.766359541151258,1.4070227434876814
0.05º,Cape,Soil C,3.776535881890191,-0.3166469184056672
0.05º,Cape,Soil C,2.2067091200086804,-0.7037615146799723
0.05º,Cape,Soil C,2.4094081454806857,-0.6537765397030244
0.05º,Cape,Soil C,6.189112769232856,0.2782873446623162
0.05º,Cape,Soil C,14.013646019829643,2.207793901621037
0.05º,Cape,Soil C,6.298646714952257,0.30529808890818233
0.05º,Cape,Soil C,2.4776102701822915,-0.6369580992164653
0.05º,Cape,Soil C,2.8214870029025607,-0.5521591228022883
0.05º,Cape,Soil C,3.2689912584092884,-0.4418059084170974
0.05º,Cape,Soil C,2.499253167046441,-0.6316210254162137
0.05º,Cape,Soil C,0.705727047390408,-1.0738992159637584
0.05º,Cape,Soil C,6.984407424926758,0.4744046341835246
0.05º,Cape,Soil C,3.88450927734375,-0.2900210011998263
0.05º,Cape,Soil C,5.589289771185981,0.13037278277355308
0.05º,Cape,Soil C,4.155774434407552,-0.2231278227231266
0.05º,Cape,Soil C,7.5242222679985895,0.6075213640755344
0.05º,Cape,Soil C,2.465752919514974,-0.6398820865174334
0.05º,Cape,Soil C,6.571147282918294,0.37249591602781795
0.05º,Cape,Soil C,5.356225755479601,0.07289989179155218
0.05º,Cape,Soil C,6.199530495537652,0.2808563248902643
0.05º,Cape,Soil C,7.452792697482639,0.5899070450794768
0.05º,Cape,Soil C,3.488342523574829,-0.3877145408097298
0.05º,Cape,Soil C,6.050541347927517,0.24411604556337663
0.05º,Cape,Soil C,2.741510179307726,-0.5718811689088973
0.05º,Cape,Soil C,7.642589569091797,0.6367103874043613
0.05º,Cape,Soil C,2.2180502149793835,-0.7009648344936629
0.05º,Cape,Soil C,4.055007086859809,-0.24797675001292735
0.05º,Cape,Soil C,6.379125171237522,0.32514383613974923
0.05º,Cape,Soil C,16.61718241373698,2.8498182093254893
0.05º,Cape,Soil C,5.42889404296875,0.09081967469778243
0.05º,Cape,Soil C,11.363351821899414,1.5542392589353538
0.05º,Cape,Soil C,1.8397127787272136,-0.794261717593474
0.05º,Cape,Soil C,6.262994130452474,0.2965062679315624
0.05º,Cape,Soil C,4.123752593994141,-0.23102431303951063
0.05º,Cape,Soil C,15.176599290635851,2.4945747088066947
0.05º,Cape,Soil C,6.466938018798828,0.34679822237957175
0.05º,Cape,Soil C,3.984095255533854,-0.26546339606928415
0.05º,Cape,Soil C,3.5750488705105252,-0.36633301432320065
0.05º,Cape,Soil C,5.207613627115886,0.03625258428608419
0.05º,Cape,Soil C,4.4816394382052955,-0.14277048492752467
0.05º,Cape,Soil C,4.536799536810981,-0.1291681691684292
0.05º,Cape,Soil C,2.6367340087890625,-0.5977186599839549
0.05º,Cape,Soil C,2.4799341474260603,-0.6363850380208883
0.05º,Cape,Soil C,13.03542709350586,1.966568032673659
0.05º,Cape,Soil C,5.366987652248806,0.07555374342927261
0.05º,Cape,Soil C,3.6527701483832464,-0.3471671790627794
0.05º,Cape,Soil C,1.8349939982096355,-0.7954253547917466
0.05º,Cape,Soil C,9.648832321166992,1.1314438649168694
0.05º,Cape,Soil C,9.038309097290039,0.980890659259994
0.05º,Cape,Soil C,6.315066867404514,0.30934724951728004
0.05º,Cape,Soil C,4.9562661912706165,-0.025728943557920884
0.05º,Cape,Soil C,8.859759012858072,0.9368607411008838
0.05º,Cape,Soil C,6.12629148695204,0.26279580386425716
0.05º,Cape,Soil C,4.823854234483507,-0.05838133708196601
0.05º,Cape,Soil C,21.908944845199585,4.154751038206515
0.05º,Cape,Soil C,6.646782769097222,0.3911474012790145
0.05º,Cape,Soil C,3.9729732937282987,-0.2682060386707999
0.05º,Cape,Soil C,6.061510721842448,0.24682106044627425
0.05º,Cape,Soil C,9.512516869439018,1.097828881185558
0.05º,Cape,Soil C,9.31752904256185,1.0497454647775655
0.05º,Cape,Soil C,7.694658491346571,0.6495504282971132
0.05º,Cape,Soil C,10.974173227945963,1.4582689786884282
0.05º,Cape,Soil C,4.894513448079427,-0.040956985804210866
0.05º,Cape,Soil C,5.97214232550727,0.22478308051942555
0.05º,Cape,Soil C,1.2338333129882812,-0.9436697863470641
0.05º,Cape,Soil C,6.565576341417101,0.3711221384732059
0.05º,Cape,Soil C,3.4757705688476563,-0.3908147473400066
0.05º,Cape,Soil C,2.608770582411024,-0.6046143575065314
0.05º,Cape,Soil C,11.738211822509765,1.6466786167799963
0.05º,Cape,Soil C,3.7606981065538196,-0.32055246655537145
0.05º,Cape,Soil C,9.127358330620659,1.0028499345420656
0.05º,Cape,Soil C,16.642594231499565,2.856084687775614
0.05º,Cape,Soil C,7.316507975260417,0.5562996391526096
0.05º,Cape,Soil C,8.265444013807508,0.7903044353328029
0.05º,Cape,Soil C,4.950718773735894,-0.027096920172579413
0.05º,Cape,Soil C,11.816885418362087,1.6660792908131725
0.05º,Cape,Soil C,5.656376732720269,0.14691622734987642
0.05º,Cape,Soil C,3.9975145128038196,-0.26215424725968073
0.05º,Cape,Soil C,3.669109132554796,-0.3431380343095578
0.05º,Cape,Soil C,4.270913441975911,-0.1947348869466795
0.05º,Cape,Soil C,6.575048658582899,0.37345798362788096
0.05º,Cape,Soil C,8.664973788791233,0.8888272859415011
0.05º,Cape,Soil C,5.337107340494792,0.06818534769155322
0.05º,Cape,Soil C,9.235786437988281,1.0295879823493894
0.05º,Cape,Soil C,8.643871731228298,0.8836235814994633
0.05º,Cape,Soil C,8.41889500617981,0.8281449922671855
0.05º,Cape,Soil C,1.3007698059082031,-0.9271634468821561
0.05º,Cape,Soil C,5.449439154730903,0.09588603796686303
0.05º,Cape,Soil C,5.507545047336155,0.11021477773817427
0.05º,Cape,Soil C,16.48114776611328,2.81627247104858
0.05º,Cape,Soil C,1.424029032389323,-0.8967680893465687
0.05º,Cape,Soil C,5.0678905910915795,0.0017973004330165375
0.05º,Cape,Soil C,1.7771873474121094,-0.8096803024259897
0.05º,Cape,Soil C,5.878719117906359,0.20174519623101445
0.05º,Cape,Soil C,8.168399386935764,0.7663735198558496
0.05º,Cape,Soil C,5.882520039876302,0.20268249224965357
0.05º,Cape,Soil C,4.924074808756511,-0.033667242450547606
0.05º,Cape,Soil C,14.64624743991428,2.3637915245976675
0.05º,Cape,Soil C,19.53346405029297,3.568964560865872
0.05º,Cape,Soil C,4.923949347601996,-0.03369818079696724
0.05º,Cape,Soil C,4.547589619954427,-0.12650736685490835
0.05º,Cape,Soil C,5.337226019965278,0.06821461369492297
0.05º,Cape,Soil C,6.663368225097656,0.3952373252499487
0.05º,Cape,Soil C,11.778388977050781,1.656586183230803
0.05º,Cape,Soil C,3.968236287434896,-0.2693741702910187
0.05º,Cape,Soil C,5.741315460205078,0.16786186415308993
0.05º,Cape,Soil C,1.074567159016927,-0.9829443447836184
0.05º,Cape,Soil C,3.664847479926215,-0.3441889451341364
0.05º,Cape,Soil C,4.054767184787327,-0.24803590914831053
0.05º,Cape,Soil C,8.45282506942749,0.8365120446417703
0.05º,Cape,Soil C,3.9950493706597223,-0.26276214395824843
0.05º,Cape,Soil C,1.430183834499783,-0.8952503335075211
0.05º,Cape,Soil C,3.3831719292534723,-0.4136492956178618
0.05º,Cape,Soil C,6.324369642469618,0.31164128609571246
0.05º,Cape,Soil C,6.241637759738499,0.291239850625161
0.05º,Cape,Soil C,0.63353729248046875,-1.091700994163544
0.05º,Cape,Soil C,3.2690851423475475,-0.44178275691800317
0.05º,Cape,Soil C,2.7857935428619385,-0.5609610235653366
0.05º,Cape,Soil C,8.838757091098362,0.9316817298491897
0.05º,Cape,Soil C,7.973570505777995,0.7183292989880841
0.05º,Cape,Soil C,3.936449262830946,-0.27721275572930687
0.05º,Cape,Soil C,3.9966778225368924,-0.2623605725834381
0.05º,Cape,Soil C,2.6922420925564237,-0.5840305321221213
0.05º,Cape,Soil C,3.955778333875868,-0.2724462644733264
0.05º,Cape,Soil C,4.218718634711371,-0.20760597070729167
0.05º,Cape,Soil C,4.34775776333279,-0.17578530654687322
0.05º,Cape,Soil C,6.173574659559462,0.2744556931711207
0.05º,Cape,Soil C,1.4774623446994357,-0.8835915939365043
0.05º,Cape,Soil C,5.827701144748264,0.1891643162502464
0.05º,Cape,Soil C,9.995821634928385,1.2170103945301405
0.05º,Cape,Soil C,0.5253766377766927,-1.118373088941845
0.05º,Cape,Soil C,3.306518130832248,-0.4325518936301155
0.05º,Cape,Soil C,4.479415045844184,-0.14331901344782796
0.05º,Cape,Soil C,3.090044233534071,-0.4859337109053356
0.05º,Cape,Soil C,5.603287590874566,0.1338246033495844
0.05º,Cape,Soil C,7.103517320421007,0.5037767790762941
0.05º,Cape,Soil C,4.169173346625434,-0.21982369094267232
0.05º,Cape,Soil C,10.681106567382812,1.3859996144884021
0.05º,Cape,Soil C,3.9589886135525174,-0.27165461908217237
0.05º,Cape,Soil C,6.982934739854601,0.47404147443813716
0.05º,Cape,Soil C,1.8824493408203125,-0.7837230088757088
0.05º,Cape,Soil C,4.631109873453776,-0.10591152150482844
0.05º,Cape,Soil C,5.651561192103794,0.14572872939987655
0.05º,Cape,Soil C,8.361532423231337,0.813999550439748
0.05º,Cape,Soil C,12.84297095404731,1.9191089228304092
0.05º,Cape,Soil C,6.031589508056641,0.23944257838953611
0.05º,Cape,Soil C,8.278642926897321,0.7935592479249252
0.05º,Cape,Soil C,2.2722074720594616,-0.6876098164630423
0.05º,Cape,Soil C,4.209385765923394,-0.2099074283080072
0.05º,Cape,Soil C,13.06291495429145,1.9733464571398753
0.05º,Cape,Soil C,5.491688966751099,0.10630471556875369
0.05º,Cape,Soil C,2.82143317328559,-0.5521723970252453
0.05º,Cape,Soil C,10.156482696533203,1.256628933027731
0.05º,Cape,Soil C,3.409592522515191,-0.4071340561390932
0.05º,Cape,Soil C,5.02852037217882,-0.007911278099163175
0.05º,Cape,Soil C,4.275188869900173,-0.19368057917528128
0.05º,Cape,Soil C,2.345369127061632,-0.6695683705999459
0.05º,Cape,Soil C,1.066775957743327,-0.9848656317744876
0.05º,Cape,Soil C,1.4492200215657551,-0.8905560665669999
0.05º,Cape,Soil C,6.803382873535156,0.4297645198541535
0.05º,Cape,Soil C,8.36786699295044,0.8155616364347931
0.05º,Cape,Soil C,5.720131874084473,0.16263805501195172
0.05º,Cape,Soil C,3.1093487209743924,-0.48117328189291025
0.05º,Cape,Soil C,4.174387613932292,-0.21853786818033047
0.05º,Cape,Soil C,1.6287782457139757,-0.846277544161407
0.05º,Cape,Soil C,10.666968875461155,1.3825133018369706
0.05º,Cape,Soil C,5.333841323852539,0.0673799577309594
0.05º,Cape,Soil C,0.7256143358018663,-1.0689950699704993
0.05º,Cape,Soil C,2.8457209269205728,-0.5461831094356089
0.05º,Cape,Soil C,7.3950000339084205,0.575655546652774
0.05º,Cape,Soil C,6.497083452012804,0.3542319962783907
0.05º,Cape,Soil C,4.73995361328125,-0.07907097997284623
0.05º,Cape,Soil C,5.569621192084418,0.12552256984364682
0.05º,Cape,Soil C,12.871233622233072,1.9260784124900536
0.05º,Cape,Soil C,1.8681259155273438,-0.787255122822414
0.05º,Cape,Soil C,3.996462140764509,-0.2624137590650724
0.05º,Cape,Soil C,1.64304690890842,-0.8427589343848283
0.05º,Cape,Soil C,9.198374430338541,1.0203622928728118
0.05º,Cape,Soil C,11.639841927422417,1.6224208941146983
0.05º,Cape,Soil C,6.393043518066406,0.32857605894566666
0.05º,Cape,Soil C,6.3629949357774525,0.3211661681960264
0.05º,Cape,Soil C,5.743833753797743,0.16848286784030972
0.05º,Cape,Soil C,5.503346252441406,0.10917936744323754
0.05º,Cape,Soil C,6.898472256130642,0.4532132779255889
0.05º,Cape,Soil C,3.5902086893717446,-0.36259464821774656
0.05º,Cape,Soil C,7.447989993625217,0.588722712635964
0.05º,Cape,Soil C,8.68282741970486,0.8932299380627299
0.05º,Cape,Soil C,5.6704211764865455,0.15037954528437447
0.05º,Cape,Soil C,1.7400856018066406,-0.8188294822080432
0.05º,Cape,Soil C,2.198913029261998,-0.7056840074003172
0.05º,Cape,Soil C,1.9768123626708984,-0.7604533691970408
0.05º,Cape,Soil C,10.805103302001953,1.4165768393306448
0.05º,Cape,Soil C,5.808707555135091,0.1844805537145059
0.05º,Cape,Soil C,7.81216303507487,0.6785266982335856
0.05º,Cape,Soil C,10.568158467610678,1.3581469500384504
0.05º,Cape,Soil C,2.9527206420898438,-0.5197972988831293
0.05º,Cape,Soil C,11.067945692274305,1.4813929886438995
0.05º,Cape,Soil C,1.1594757080078124,-0.9620061499069759
0.05º,Cape,Soil C,4.001395331488715,-0.26119724894948726
0.05º,Cape,Soil C,3.520469135708279,-0.37979221409974573
0.05º,Cape,Soil C,2.095118204752604,-0.7312795014771019
0.05º,Cape,Soil C,0.32898585001627606,-1.1668024713182454
0.05º,Cape,Soil C,13.146090189615885,1.9938572220373005
0.05º,Cape,Soil C,5.510956658257379,0.1110560708136163
0.05º,Cape,Soil C,10.621114095052084,1.3712056497849514
0.05º,Cape,Soil C,5.873472425672743,0.2004513775784662
0.05º,Cape,Soil C,8.760000864664713,0.9122606793611672
0.05º,Cape,Soil C,4.419639587402344,-0.15805946317368827
0.05º,Cape,Soil C,5.1288588387625555,0.016831888424378084
0.05º,Cape,Soil C,9.123809814453125,1.0019748810413078
0.05º,Cape,Soil C,14.52437264578683,2.3337375639503697
0.05º,Cape,Soil C,5.9644383324517145,0.22288329881496097
0.05º,Cape,Soil C,3.7369308471679688,-0.32641340181594314
0.05º,Cape,Soil C,3.1590338812934027,-0.4689210695821295
0.05º,Cape,Soil C,4.728757222493489,-0.08183197653933255
0.05º,Cape,Soil C,8.931091547012329,0.9544511312196328
0.05º,Cape,Soil C,11.537819332546658,1.5972624265785413
0.05º,Cape,Soil C,12.892742580837673,1.9313824575150735
0.05º,Cape,Soil C,1.1398569742838542,-0.9668440711154667
0.05º,Cape,Soil C,4.868197547064887,-0.047446408487149594
0.05º,Cape,Soil C,10.774152755737305,1.4089445269553937
0.05º,Cape,Soil C,3.463317447238498,-0.3938856499778914
0.05º,Cape,Soil C,12.5033327738444,1.8353551608222973
0.05º,Cape,Soil C,8.543383280436197,0.8588434293175815
0.05º,Cape,Soil C,4.485536193847656,-0.1418095566111645
0.05º,Cape,Soil C,2.580551995171441,-0.6115729769363528
0.05º,Cape,Soil C,1.5341063605414496,-0.8696233486138452
0.05º,Cape,Soil C,16.159122467041016,2.7368619929834326
0.05º,Cape,Soil C,5.2489471435546875,0.04644530613115351
0.05º,Cape,Soil C,6.8406016031901045,0.4389425475538146
0.05º,Cape,Soil C,7.887940300835504,0.6972131459066648
0.05º,Cape,Soil C,5.150345272488064,0.02213037888141144
0.05º,Cape,Soil C,7.230586581759983,0.5351116798414938
0.05º,Cape,Soil C,3.3705825805664062,-0.4167537914467575
0.05º,Cape,Soil C,4.812500423855251,-0.06118115291149377
0.05º,Cape,Soil C,4.101509941948785,-0.23650928467822044
0.05º,Cape,Soil C,6.396263334486219,0.32937005606923425
0.05º,Cape,Soil C,4.840244717068142,-0.05433949297371093
0.05º,Cape,Soil C,9.055972576141357,0.9852464204499309
0.05º,Cape,Soil C,5.64722654554579,0.14465981849006215
0.05º,Cape,Soil C,7.245649973551433,0.5388262673192099
0.05º,Cape,Soil C,3.660682890150282,-0.34521592054881606
0.05º,Cape,Soil C,11.057472652859158,1.478810368367952
0.05º,Cape,Soil C,7.167296091715495,0.5195044338086834
0.05º,Cape,Soil C,1.6737611558702257,-0.8351848927127152
0.05º,Cape,Soil C,7.529983096652561,0.6089419672355384
0.05º,Cape,Soil C,5.047888014051649,-0.0031352753920876482
0.05º,Cape,Soil C,2.6159244113498263,-0.602850244631974
0.05º,Cape,Soil C,1.9629162682427301,-0.7638801046273265
0.05º,Cape,Soil C,8.792403327094185,0.9202510299312163
0.05º,Cape,Soil C,7.088378482394749,0.5000435867821501
0.05º,Cape,Soil C,2.2381579081217446,-0.6960063373512881
0.05º,Cape,Soil C,21.57859781053331,4.073288444969809
0.05º,Cape,Soil C,6.042039659288195,0.2420195545076906
0.05º,Cape,Soil C,4.12845696343316,-0.22986422957021851
0.05º,Cape,Soil C,2.9498848385281033,-0.5204965995815074
0.05º,Cape,Soil C,7.34298833211263,0.5628296161545036
0.05º,Cape,Soil C,3.7420569828578403,-0.32514931204743036
0.05º,Cape,Soil C,11.55544704861111,1.601609368771927
0.05º,Cape,Soil C,6.60618421766493,0.3811359196119568
0.05º,Cape,Soil C,5.353590647379558,0.0722500819953013
0.05º,Cape,Soil C,2.995580037434896,-0.5092282998518763
0.05º,Cape,Soil C,5.821057637532552,0.18752604719017918
0.05º,Cape,Soil C,7.627948760986328,0.6331000078029299
0.05º,Cape,Soil C,6.34824964735243,0.3175300240594854
0.05º,Cape,Soil C,6.123018052842882,0.2619885847784529
0.05º,Cape,Soil C,5.839715321858724,0.19212697648423885
0.05º,Cape,Soil C,5.57579951816135,0.12704612662264828
0.05º,Cape,Soil C,4.468228658040364,-0.14607754330831604
0.05º,Cape,Soil C,3.885420481363932,-0.2897963010068104
0.05º,Cape,Soil C,3.573212093777127,-0.3667859579860691
0.05º,Cape,Soil C,7.717847188313802,0.6552686917912568
0.05º,Cape,Soil C,8.22645738389757,0.7806904487043721
0.05º,Cape,Soil C,3.4782206217447915,-0.39021057160472455
0.05º,Cape,Soil C,8.226675245496962,0.7807441727248438
0.05º,Cape,Soil C,3.287292904324002,-0.4372927771331473
0.05º,Cape,Soil C,5.423993852403429,0.08961130232293017
0.05º,Cape,Soil C,4.055722130669488,-0.24780042234262406
0.05º,Cape,Soil C,6.818030887179905,0.4333766763200753
0.05º,Cape,Soil C,9.995714399549696,1.216983950605667
0.05º,Cape,Soil C,1.998370361328125,-0.7551372310413427
0.05º,Cape,Soil C,7.1165750291612415,0.5069967710970601
0.05º,Cape,Soil C,10.334376017252604,1.300496895214621
0.05º,Cape,Soil C,4.166628519694011,-0.22045123767207395
0.05º,Cape,Soil C,19.74051496717665,3.6200226992821034
0.05º,Cape,Soil C,4.81852354322161,-0.05969586964429731
0.05º,Cape,Soil C,7.932696024576823,0.7082497738631915
0.05º,Cape,Soil C,2.928960164388021,-0.5256565618006512
0.05º,Cape,Soil C,10.521218617757162,1.3465717230984782
0.05º,Cape,Soil C,7.198579515729632,0.5272188328438965
0.05º,Cape,Soil C,7.163729773627387,0.5186249904074197
0.05º,Cape,Soil C,9.64563708835178,1.130655930036857
0.05º,Cape,Soil C,9.157667432512556,1.0103240686485933
0.05º,Cape,Soil C,5.9105712042914496,0.2095998257104356
0.05º,Cape,Soil C,3.395274692111545,-0.4106647904027824
0.05º,Cape,Soil C,2.4413333468967013,-0.6459038802750986
0.05º,Cape,Soil C,6.499934726291233,0.354935112009351
0.05º,Cape,Soil C,2.285148893083845,-0.6844185006460884
0.05º,Cape,Soil C,6.221524132622613,0.2862798901826178
0.05º,Cape,Soil C,10.277148776584202,1.2863848283896875
0.05º,Cape,Soil C,9.952441745334202,1.2063130431698228
0.05º,Cape,Soil C,12.898846096462673,1.9328875662598077
0.05º,Cape,Soil C,1.2848536173502605,-0.9310883314983726
0.05º,Cape,Soil C,2.5943162706163196,-0.6081787476740957
0.05º,Cape,Soil C,4.357444975111219,-0.1733964690218105
0.05º,Cape,Soil C,7.402198791503906,0.5774307388000355
0.05º,Cape,Soil C,4.6079559326171875,-0.11162121424084243
0.05º,Cape,Soil C,5.198552661471897,0.034018177189517725
0.05º,Cape,Soil C,0.7909764183892144,-1.0528769753967244
0.05º,Cape,Soil C,13.168720245361328,1.9994377262727254
0.05º,Cape,Soil C,10.376844787597657,1.3109695672862112
0.05º,Cape,Soil C,4.813708782196045,-0.06088317534950448
0.05º,Cape,Soil C,3.146295335557726,-0.4720623569581186
0.05º,Cape,Soil C,7.120785183376736,0.5080349825666047
0.05º,Cape,Soil C,4.61256578233507,-0.11048443905280556
0.05º,Cape,Soil C,4.924271053738064,-0.03361884902354694
0.05º,Cape,Soil C,3.599794387817383,-0.3602308435777091
0.05º,Cape,Soil C,3.719893561469184,-0.330614745642564
0.05º,Cape,Soil C,6.080353200435638,0.2514675594552908
0.05º,Cape,Soil C,2.765436808268229,-0.5659809335866577
0.05º,Cape,Soil C,5.291870964898004,0.057030192421378696
0.05º,Cape,Soil C,8.81575478447808,0.9260094296585525
0.05º,Cape,Soil C,3.78554195827908,-0.3144260468356593
0.05º,Cape,Soil C,11.12846459282769,1.4963167689765835
0.05º,Cape,Soil C,3.0313309563530817,-0.5004122299010358
0.05º,Cape,Soil C,5.297732761928013,0.05847569408169839
0.05º,Cape,Soil C,2.151642269558377,-0.7173408357221344
0.05º,Cape,Soil C,2.1085710525512695,-0.7279620693433305
0.05º,Cape,Soil C,4.985230127970378,-0.018586523174792674
0.05º,Cape,Soil C,2.6747252146402993,-0.5883501419587884
0.05º,Cape,Soil C,3.8761363559299045,-0.2920857386418563
0.05º,Cape,Soil C,4.7230712042914496,-0.08323413166506935
0.05º,Cape,Soil C,6.1518838670518665,0.26910680844808066
0.05º,Cape,Soil C,2.1355508168538413,-0.7213089399540417
0.05º,Cape,Soil C,17.91846974690755,3.1707117836033465
0.05º,Cape,Soil C,9.878726959228516,1.1881351968267349
0.05º,Cape,Soil C,7.773895263671875,0.6690899799684232
0.05º,Cape,Soil C,3.6784256829155817,-0.34084060078430556
0.05º,Cape,Soil C,9.68199963039822,1.1396228244264925
0.05º,Cape,Soil C,6.6582472664969305,0.39397451213617474
0.05º,Cape,Soil C,9.85877185397678,1.1832143274029787
0.05º,Cape,Soil C,2.9381781684027777,-0.52338342951034
0.05º,Cape,Soil C,5.964921951293945,0.22300255777869302
0.05º,Cape,Soil C,5.230968899197048,0.04201192470638605
0.05º,Cape,Soil C,8.335249582926432,0.8075182804291765
0.05º,Cape,Soil C,2.261748843722873,-0.6901888830100089
0.05º,Cape,Soil C,2.0058807796902127,-0.7532851842788031
0.05º,Cape,Soil C,2.748076968722873,-0.57026181822958
0.05º,Cape,Soil C,1.6036326090494792,-0.8524783831468311
0.05º,Cape,Soil C,2.5976573096381292,-0.6073548574185147
0.05º,Cape,Soil C,2.601381089952257,-0.6064365843020658
0.05º,Cape,Soil C,7.2034496731228295,0.5284197991280999
0.05º,Cape,Soil C,7.445605959211077,0.588134816861638
0.05º,Cape,Soil C,7.621553421020508,0.6315229360463379
0.05º,Cape,Soil C,5.5087708367241754,0.11051705374440833
0.05º,Cape,Soil C,10.757970598008898,1.4049540551351967
0.05º,Cape,Soil C,6.000299877590603,0.2317266488617997
0.05º,Cape,Soil C,5.4601287841796875,0.0985220686989602
0.05º,Cape,Soil C,16.33570310804579,2.7804062522687647
0.05º,Cape,Soil C,2.0833841959635415,-0.7341730730388536
0.05º,Cape,Soil C,4.876706441243489,-0.04534814056697318
0.05º,Cape,Soil C,2.6548385620117188,-0.5932541311698868
0.05º,Cape,Soil C,11.908401065402561,1.688646776358134
0.05º,Cape,Soil C,6.416559431287977,0.33437501299195854
0.05º,Cape,Soil C,14.639136844211155,2.362038072910052
0.05º,Cape,Soil C,7.81694581773546,0.6797061181693899
0.05º,Cape,Soil C,6.789614359537761,0.42636924537749044
0.05º,Cape,Soil C,13.173311021592882,2.0005697979959347
0.05º,Cape,Soil C,7.623358408610026,0.631968040601161
0.05º,Cape,Soil C,3.4523595174153647,-0.3965878427818924
0.05º,Cape,Soil C,4.870043436686198,-0.046991217613307976
0.05º,Cape,Soil C,3.338764190673828,-0.4246001114716505
0.05º,Cape,Soil C,11.525488959418404,1.5942217933498566
0.05º,Cape,Soil C,10.202044169108072,1.2678642562428506
0.05º,Cape,Soil C,6.351922776963976,0.3184358068637818
0.05º,Cape,Soil C,10.455126020643446,1.3302734858218177
0.05º,Cape,Soil C,1.5318823920355902,-0.8701717726127077
0.05º,Cape,Soil C,7.012528283255441,0.48133915395546917
0.05º,Cape,Soil C,3.809117211235894,-0.3086124597876824
0.05º,Cape,Soil C,4.638414171006945,-0.1041103035188558
0.05º,Cape,Soil C,15.402158313327366,2.5501968909005965
0.05º,Cape,Soil C,2.8989189995659723,-0.533064623425081
0.05º,Cape,Soil C,3.034480200873481,-0.4996356355973292
0.05º,Cape,Soil C,3.3865941365559897,-0.4128053895064045
0.05º,Cape,Soil C,6.548479715983073,0.3669061616449002
0.05º,Cape,Soil C,3.486175537109375,-0.38824891320742083
0.05º,Cape,Soil C,4.340068817138672,-0.1776813777401962
0.05º,Cape,Soil C,5.512372970581055,0.11140532920740306
0.05º,Cape,Soil C,5.39521238538954,0.08251387841998302
0.05º,Cape,Soil C,5.124118804931641,0.015663010222440744
0.05º,Cape,Soil C,3.5064498053656683,-0.3832493391388878
0.05º,Cape,Soil C,4.410517692565918,-0.16030889522734193
0.05º,Cape,Soil C,5.3268890380859375,0.06566554480141049
0.05º,Cape,Soil C,3.0890073776245117,-0.48618939647941933
0.05º,Cape,Soil C,6.276805241902669,0.29991204681300643
0.05º,Cape,Soil C,4.409620496961805,-0.1605301409867459
0.05º,Cape,Soil C,14.589231279161242,2.349731509450155
0.05º,Cape,Soil C,2.479008992513021,-0.6366131784624637
0.05º,Cape,Soil C,4.961318545871311,-0.024483047985890776
0.05º,Cape,Soil C,10.222062004937065,1.2728005948398164
0.05º,Cape,Soil C,6.421789487202962,0.33566472917796286
0.05º,Cape,Soil C,1.1798790825737848,-0.956974738607634
0.05º,Cape,Soil C,4.282567977905273,-0.19186091315504147
0.05º,Cape,Soil C,3.488702562120226,-0.38762575637852453
0.05º,Cape,Soil C,1.466220219930013,-0.8863638683664321
0.05º,Cape,Soil C,1.9501642499651228,-0.7670247142919635
0.05º,Cape,Soil C,5.649505615234375,0.1452218302762036
0.05º,Cape,Soil C,11.864141464233398,1.6777324907478373
0.05º,Cape,Soil C,7.58332633972168,0.6220962518394739
0.05º,Cape,Soil C,6.115638732910156,0.2601688664974928
0.05º,Cape,Soil C,2.624881320529514,-0.6006414975490764
0.05º,Cape,Soil C,17.23309850692749,3.0017012804667416
0.05º,Cape,Soil C,4.518609183175223,-0.13365385610840297
0.05º,Cape,Soil C,5.529246738978794,0.11556635015540122
0.05º,Cape,Soil C,1.3608534071180556,-0.9123470100689749
0.05º,Cape,Soil C,3.5450439453125,-0.37373213936445854
0.05º,Cape,Soil C,8.807598961724175,0.9239982280984013
0.05º,Cape,Soil C,5.478981441921658,0.10317107785569878
0.05º,Cape,Soil C,2.75138176812066,-0.5694468645571708
0.05º,Cape,Soil C,10.656552124023438,1.3799445620083362
0.05º,Cape,Soil C,2.158992494855608,-0.7155282920914904
0.05º,Cape,Soil C,4.158529917399089,-0.22244832883774326
0.05º,Cape,Soil C,10.644098069932726,1.3768734294232818
0.05º,Cape,Soil C,3.9412642584906683,-0.27602539216401645
0.05º,Cape,Soil C,7.169317245483398,0.5200028442982156
0.05º,Cape,Soil C,8.644091924031576,0.8836778803878585
0.05º,Cape,Soil C,6.4151255289713545,0.3340214169583867
0.05º,Cape,Soil C,11.228766547309029,1.5210509317245986
0.05º,Cape,Soil C,4.292565663655599,-0.1893955136747346
0.05º,Cape,Soil C,8.689285702175564,0.8948225312532518
0.05º,Cape,Soil C,8.18116209242079,0.7695207649539532
0.05º,Cape,Soil C,2.3791961669921875,-0.6612267234680186
0.05º,Cape,Soil C,2.2666681077745228,-0.6889758071703292
0.05º,Cape,Soil C,3.497534010145399,-0.3854479476420466
0.05º,Cape,Soil C,6.255408604939778,0.29463569996974726
0.05º,Cape,Soil C,5.11631605360243,0.013738875022314747
0.05º,Cape,Soil C,8.946673287285698,0.9582935418866204
0.05º,Cape,Soil C,7.5015320248074,0.6019260177955439
0.05º,Cape,Soil C,6.70282957288954,0.4049683758918589
0.05º,Cape,Soil C,6.5711451636420355,0.372495393420615
0.05º,Cape,Soil C,6.384051852756077,0.32635874110463947
0.05º,Cape,Soil C,3.762739817301432,-0.3200489867759698
0.05º,Cape,Soil C,9.009501139322916,0.9737867027670088
0.05º,Cape,Soil C,10.020982530381945,1.2232149962874266
0.05º,Cape,Soil C,6.941780938042535,0.46389306968388494
0.05º,Cape,Soil C,4.587502161661784,-0.11666505313947226
0.05º,Cape,Soil C,6.068595674302843,0.248568188586733
0.05º,Cape,Soil C,3.3311369154188366,-0.4264809747953654
0.05º,Cape,Soil C,12.415356953938803,1.813660586088562
0.05º,Cape,Soil C,18.064000023735893,3.2065991157141642
0.05º,Cape,Soil C,3.633980645073785,-0.35180061452486766
0.05º,Cape,Soil C,14.476192898220486,2.3218565819333543
0.05º,Cape,Soil C,6.458872477213542,0.3448092838862698
0.05º,Cape,Soil C,3.3746507432725696,-0.4157505946598158
0.05º,Cape,Soil C,4.868487040201823,-0.047375020343215224
0.05º,Cape,Soil C,3.01344723171658,-0.5048223030445479
0.05º,Cape,Soil C,6.928617689344618,0.4606470518244079
0.05º,Cape,Soil C,10.722796630859374,1.3962802597693096
0.05º,Cape,Soil C,6.100615978240967,0.2564643000128949
0.05º,Cape,Soil C,1.1840513944625854,-0.9559458589429584
0.05º,Cape,Soil C,2.326849195692274,-0.6741353304258085
0.05º,Cape,Soil C,4.492567698160808,-0.14007560862436608
0.05º,Cape,Soil C,2.082887649536133,-0.7342955199065241
0.05º,Cape,Soil C,17.7981079949273,3.1410309346357455
0.05º,Cape,Soil C,4.714057922363281,-0.08545678009956759
0.05º,Cape,Soil C,4.977911207411024,-0.02039134715046637
0.05º,Cape,Soil C,6.197153727213542,0.2802702209120631
0.05º,Cape,Soil C,12.947425842285156,1.9448671866534868
0.05º,Cape,Soil C,5.827739715576172,0.1891738277013415
0.05º,Cape,Soil C,11.809329986572266,1.6642161438736407
0.05º,Cape,Soil C,6.4233347574869795,0.3360457882200543
0.05º,Cape,Soil C,13.707901000976562,2.1323980920895877
0.05º,Cape,Soil C,6.974558936225043,0.4719760262503111
0.05º,Cape,Soil C,10.198694017198351,1.2670381187762965
0.05º,Cape,Soil C,7.895265367296007,0.6990194854432272
0.05º,Cape,Soil C,4.375094095865886,-0.169044248495674
0.05º,Cape,Soil C,3.4308458964029946,-0.40189303754275907
0.05º,Cape,Soil C,3.7106602986653647,-0.332891640704737
0.05º,Cape,Soil C,3.519627465142144,-0.3799997675504302
0.05º,Cape,Soil C,6.015702353583442,0.23552485349200114
0.05º,Cape,Soil C,2.2695693969726562,-0.6882603579093775
0.05º,Cape,Soil C,2.908320109049479,-0.5307463378724278
0.05º,Cape,Soil C,6.434647454155816,0.33883546546984306
0.05º,Cape,Soil C,3.8145565456814237,-0.3072711361403786
0.05º,Cape,Soil C,6.52581787109375,0.3613178183014304
0.05º,Cape,Soil C,14.041185167100695,2.2145849731815663
0.05º,Cape,Soil C,9.711238861083984,1.1468331314852949
0.05º,Cape,Soil C,5.1535491943359375,0.022920456450956438
0.05º,Cape,Soil C,2.9805252075195314,-0.5129407759964922
0.05º,Cape,Soil C,1.6127204895019531,-0.8502373389387862
0.05º,Cape,Soil C,2.9660542805989585,-0.5165092634045285
0.05º,Cape,Soil C,14.525077395968967,2.3339113532428297
0.05º,Cape,Soil C,8.505707634819878,0.8495527275049466
0.05º,Cape,Soil C,1.6842676798502605,-0.8325940152429602
0.05º,Cape,Soil C,7.683759477403429,0.6468627639733565
0.05º,Cape,Soil C,3.5161654154459634,-0.3808534986773045
0.05º,Cape,Soil C,8.213587443033854,0.7775167596817947
0.05º,Cape,Soil C,11.194658915201822,1.5126400913989893
0.05º,Cape,Soil C,0.42173614501953127,-1.1439305252689411
0.05º,Cape,Soil C,9.609801610310873,1.1218190080586155
0.05º,Cape,Soil C,7.116979810926649,0.5070965890728393
0.05º,Cape,Soil C,5.09471681382921,0.008412566930445741
0.05º,Cape,Soil C,6.953088972303602,0.466681597197827
0.05º,Cape,Soil C,12.52225070529514,1.8400202662808898
0.05º,Cape,Soil C,3.8845689561631946,-0.2900062845809889
0.05º,Cape,Soil C,8.221745808919271,0.7795285883705898
0.05º,Cape,Soil C,2.9506043328179254,-0.5203191744360778
0.05º,Cape,Soil C,5.000800132751465,-0.014747006445191644
0.05º,Cape,Soil C,0.8703121609157987,-1.0333130179690326
0.05º,Cape,Soil C,6.5005370246039496,0.3550836369764528
0.05º,Cape,Soil C,10.941274007161459,1.450156128989989
0.05º,Cape,Soil C,3.740248786078559,-0.3255952079788751
0.05º,Cape,Soil C,6.419955783420139,0.33521254329553896
0.05º,Cape,Soil C,7.320259094238281,0.5572246539019775
0.05º,Cape,Soil C,7.098328908284505,0.5024973321218292
0.05º,Cape,Soil C,6.017797682020399,0.2360415552336396
0.05º,Cape,Soil C,2.9087041219075522,-0.5306516414472382
0.05º,Cape,Soil C,2.4339158799913196,-0.6477330054857131
0.05º,Cape,Soil C,7.979135513305664,0.7197016132425277
0.05º,Cape,Soil C,8.295723385281033,0.7977712380068535
0.05º,Cape,Soil C,5.085899353027344,0.006238207401507665
0.05º,Cape,Soil C,6.68941068649292,0.4016593185385162
0.05º,Cape,Soil C,2.777342054578993,-0.5630451353629009
0.05º,Cape,Soil C,2.806088129679362,-0.5559564390002445
0.05º,Cape,Soil C,5.440941704644097,0.093790592125583
0.05º,Cape,Soil C,9.904802534315321,1.1945653558528497
0.05º,Cape,Soil C,10.06424617767334,1.233883682642658
0.05º,Cape,Soil C,6.4235788981119795,0.3361059925698437
0.05º,Cape,Soil C,7.084585401746962,0.49910822441016195
0.05º,Cape,Soil C,10.519252353244358,1.3460868481355044
0.05º,Cape,Soil C,8.572724236382378,0.8660788215221291
0.05º,Cape,Soil C,11.39081785413954,1.5610123005473782
0.05º,Cape,Soil C,4.7109222412109375,-0.08623002971717483
0.05º,Cape,Soil C,9.575769696916852,1.113426839741789
0.05º,Cape,Soil C,11.07899390326606,1.4841174445147498
0.05º,Cape,Soil C,2.537120819091797,-0.6222829753909841
0.05º,Cape,Soil C,7.7800206078423395,0.6706004715673488
0.05º,Cape,Soil C,12.228185865614149,1.7675047540882347
0.05º,Cape,Soil C,3.264827346801758,-0.4428327165974721
0.05º,Cape,Soil C,17.768514156341553,3.1337331823266963
0.05º,Cape,Soil C,4.864500045776367,-0.04835820127428079
0.05º,Cape,Soil C,3.5224210951063366,-0.3793108667353925
0.05º,Cape,Soil C,3.911769019232856,-0.28329883017294494
0.05º,Cape,Soil C,19.24279679192437,3.4972868820889746
0.05º,Cape,Soil C,7.260285271538629,0.5424352881419133
0.05º,Cape,Soil C,3.1955659654405384,-0.459912366616251
0.05º,Cape,Soil C,11.49296040005154,1.586200347651227
0.05º,Cape,Soil C,4.123412662082249,-0.231108139234877
0.05º,Cape,Soil C,9.056237962510851,0.9853118639369307
0.05º,Cape,Soil C,5.765135871039496,0.17373590640231365
0.05º,Cape,Soil C,11.99952507019043,1.7111176840919748
0.05º,Cape,Soil C,5.487310621473524,0.1052250286850581
0.05º,Cape,Soil C,9.610421180725098,1.1219717922744221
0.05º,Cape,Soil C,9.844645182291666,1.1797307323090027
0.05º,Cape,Soil C,9.838384840223524,1.1781869506312441
0.05º,Cape,Soil C,6.953229268391927,0.4667161937946677
0.05º,SWA,Soil C,4.554855770534939,-0.12471555579859031
0.05º,SWA,Soil C,12.084158155653212,1.7319879504843672
0.05º,SWA,Soil C,0.9370452033148872,-1.016856848795616
0.05º,SWA,Soil C,2.078801472981771,-0.7353031588546916
0.05º,SWA,Soil C,2.7080663045247397,-0.5801283286585164
0.05º,SWA,Soil C,6.711547003851996,0.4071180683608138
0.05º,SWA,Soil C,3.611480712890625,-0.3573490306780257
0.05º,SWA,Soil C,1.1313472323947482,-0.9689425480785244
0.05º,SWA,Soil C,3.428736368815104,-0.4024132407526579
0.05º,SWA,Soil C,3.616646236843533,-0.35607522788135365
0.05º,SWA,Soil C,5.071581522623698,0.0027074731378185315
0.05º,SWA,Soil C,4.748116970062256,-0.07705792054408815
0.05º,SWA,Soil C,2.236373053656684,-0.6964464771376824
0.05º,SWA,Soil C,9.248905605740017,1.0328231299790434
0.05º,SWA,Soil C,2.359219021267361,-0.6661530280066864
0.05º,SWA,Soil C,10.67927975124783,1.3855491270793878
0.05º,SWA,Soil C,10.170611911349827,1.2601131552503504
0.05º,SWA,Soil C,2.03025139702691,-0.747275462747528
0.05º,SWA,Soil C,3.662104288736979,-0.344865407897742
0.05º,SWA,Soil C,5.922811720106337,0.21261830039371207
0.05º,SWA,Soil C,8.56515163845486,0.8642114414642527
0.05º,SWA,Soil C,3.245497809516059,-0.44759932282703724
0.05º,SWA,Soil C,3.2429591284857855,-0.4482253539955502
0.05º,SWA,Soil C,5.716716766357422,0.16179589963462462
0.05º,SWA,Soil C,1.8944293128119574,-0.7807687835219732
0.05º,SWA,Soil C,0.6566297743055556,-1.086006457036418
0.05º,SWA,Soil C,2.743506113688151,-0.5713889774450811
0.05º,SWA,Soil C,1.8642641703287761,-0.7882074176677802
0.05º,SWA,Soil C,13.911353217230904,2.1825688016664935
0.05º,SWA,Soil C,1.0736622280544705,-0.9831674980593132
0.05º,SWA,Soil C,3.6207207573784723,-0.3550704632728029
0.05º,SWA,Soil C,1.85138734181722,-0.7913828051637675
0.05º,SWA,Soil C,4.299146016438802,-0.18777281830931794
0.05º,SWA,Soil C,3.9411031934950085,-0.276065110311447
0.05º,SWA,Soil C,2.2793231540256076,-0.6858551105181395
0.05º,SWA,Soil C,4.155606587727864,-0.22316921321360678
0.05º,SWA,Soil C,3.140658908420139,-0.47345228307530457
0.05º,SWA,Soil C,2.148101806640625,-0.7182139033155209
0.05º,SWA,Soil C,2.185374789767795,-0.7090224968714622
0.05º,SWA,Soil C,1.4082310994466145,-0.9006638124808561
0.05º,SWA,Soil C,2.6188507080078125,-0.6021286286060263
0.05º,SWA,Soil C,3.9108428955078125,-0.28352720952067023
0.05º,SWA,Soil C,4.015098995632595,-0.257817966253237
0.05º,SWA,Soil C,0.6839684380425347,-1.0792648241172957
0.05º,SWA,Soil C,2.0639156765407987,-0.7389739518487936
0.05º,SWA,Soil C,31.764502631293404,6.5851021865389985
0.05º,SWA,Soil C,2.314867231580946,-0.6770900470303151
0.05º,SWA,Soil C,1.4801527659098308,-0.8829281440922542
0.05º,SWA,Soil C,5.5709788004557295,0.12585735201790968
0.05º,SWA,Soil C,1.9089427524142795,-0.777189812613444
0.05º,SWA,Soil C,0.665696038140191,-1.083770743421844
0.05º,SWA,Soil C,5.215974595811632,0.03831437422348894
0.05º,SWA,Soil C,5.27266968621148,0.05229521437974114
0.05º,SWA,Soil C,5.091688368055555,0.007665761237311855
0.05º,SWA,Soil C,1.3942159016927083,-0.9041199184359523
0.05º,SWA,Soil C,1.6369400024414062,-0.8442648793010874
0.05º,SWA,Soil C,5.701212141248915,0.15797250533723703
0.05º,SWA,Soil C,6.4116333855523004,0.33316026480922933
0.05º,SWA,Soil C,2.6762958102756076,-0.5879628377606209
0.05º,SWA,Soil C,3.0807969835069446,-0.48821405517504857
0.05º,SWA,Soil C,1.6624522738986545,-0.8379736292695387
0.05º,SWA,Soil C,5.86643648147583,0.19871633472957762
0.05º,SWA,Soil C,1.361794153849284,-0.9121150247315486
0.05º,SWA,Soil C,1.0002126693725586,-1.0012799401109416
0.05º,SWA,Soil C,0.5593227810329862,-1.1100020712851069
0.05º,SWA,Soil C,21.621626536051433,4.083899200316585
0.05º,SWA,Soil C,4.2449696858723955,-0.20113253980476573
0.05º,SWA,Soil C,3.151276058620877,-0.4708341255095511
0.05º,SWA,Soil C,3.2351616753472223,-0.4501481826776685
0.05º,SWA,Soil C,11.030060662163628,1.4720506532396047
0.05º,SWA,Soil C,4.83428955078125,-0.05580801921423283
0.05º,SWA,Soil C,1.2369910346137152,-0.9428911016145454
0.05º,SWA,Soil C,4.514129214816624,-0.13475860294071093
0.05º,SWA,Soil C,2.6210945977105036,-0.6015752920994553
0.05º,SWA,Soil C,1.3234121534559462,-0.9215799115249543
0.05º,SWA,Soil C,3.3293836381700306,-0.42691332773443424
0.05º,SWA,Soil C,4.303796132405599,-0.1866261135844235
0.05º,SWA,Soil C,5.8978992038302955,0.20647494820062173
0.05º,SWA,Soil C,2.3122041490342884,-0.6777467552416458
0.05º,SWA,Soil C,3.0997848510742188,-0.4835317036787565
0.05º,SWA,Soil C,6.744024064805773,0.4151268147044095
0.05º,SWA,Soil C,5.795446607801649,0.18121044366296912
0.05º,SWA,Soil C,3.196913242340088,-0.4595801321521031
0.05º,SWA,Soil C,0.8919512430826823,-1.0279768848617465
0.05º,SWA,Soil C,2.6067322625054254,-0.6051170011144081
0.05º,SWA,Soil C,3.182276831732856,-0.4631894273435882
0.05º,SWA,Soil C,2.8365516662597656,-0.5484442217602503
0.05º,SWA,Soil C,2.1042374504937067,-0.729030722682452
0.05º,SWA,Soil C,0.8208033243815104,-1.0455217493605211
0.05º,SWA,Soil C,4.783441543579102,-0.06834698609731772
0.05º,SWA,Soil C,5.273413340250651,0.052478597247285375
0.05º,SWA,Soil C,1.493314954969618,-0.8796823875363788
0.05º,SWA,Soil C,12.768084208170572,1.900642074704044
0.05º,SWA,Soil C,4.00260247124566,-0.26089957188663976
0.05º,SWA,Soil C,6.428440093994141,0.3373047489721601
0.05º,SWA,Soil C,3.085526360405816,-0.4870478049407607
0.05º,SWA,Soil C,2.392414093017578,-0.6579672223427033
0.05º,SWA,Soil C,3.046545240614149,-0.49666043279046385
0.05º,SWA,Soil C,2.7504399617513022,-0.5696791111981985
0.05º,SWA,Soil C,3.754845937093099,-0.3219955940858261
0.05º,SWA,Soil C,1.8019443088107638,-0.8035753096016017
0.05º,SWA,Soil C,4.354337904188368,-0.1741626634421768
0.05º,SWA,Soil C,5.201565742492676,0.03476119398042943
0.05º,SWA,Soil C,1.8566856384277344,-0.7900762610258254
0.05º,SWA,Soil C,2.701107449001736,-0.5818443616703947
0.05º,SWA,Soil C,6.365118238661024,0.32168976835274476
0.05º,SWA,Soil C,1.3456609514024522,-0.9160934243253557
0.05º,SWA,Soil C,4.828377193874783,-0.05726598878925368
0.05º,SWA,Soil C,2.472489674886068,-0.6382208227404329
0.05º,SWA,Soil C,11.550984700520834,1.6005089670452215
0.05º,SWA,Soil C,2.423853556315104,-0.6502143444857126
0.05º,SWA,Soil C,2.115642547607422,-0.726218259758611
0.05º,SWA,Soil C,6.919598579406738,0.45842296622010137
0.05º,SWA,Soil C,6.321753607855903,0.31099617976428884
0.05º,SWA,Soil C,2.6379373338487415,-0.5974219236140729
0.05º,SWA,Soil C,1.3789439731174045,-0.9078859304624468
0.05º,SWA,Soil C,5.297101762559679,0.05832009151990413
0.05º,SWA,Soil C,2.9570418463812933,-0.5187317027961457
0.05º,SWA,Soil C,1.7148378160264757,-0.8250555108606534
0.05º,SWA,Soil C,2.2589988708496094,-0.6908670181166642
0.05º,SWA,Soil C,2.9141434563530817,-0.5293103177999343
0.05º,SWA,Soil C,1.7918968200683594,-0.8060529903511799
0.05º,SWA,Soil C,9.167603386773003,1.0127742453276574
0.05º,SWA,Soil C,3.643257904052734,-0.3495128701371597
0.05º,SWA,Soil C,16.796022203233505,2.8939195678892533
0.05º,SWA,Soil C,1.027892854478624,-0.9944540890410505
0.05º,SWA,Soil C,17.909040662977432,3.168386599635614
0.05º,SWA,Soil C,2.510892868041992,-0.6287507098749969
0.05º,SWA,Soil C,4.725057390001085,-0.08274434419438699
0.05º,SWA,Soil C,3.2139290703667536,-0.45538407972341294
0.05º,SWA,Soil C,1.3531744215223525,-0.9142406250084437
0.05º,SWA,Soil C,3.085808072771345,-0.4869783355118433
0.05º,SWA,Soil C,2.684082455105252,-0.5860426743752379
0.05º,SWA,Soil C,1.7818421257866754,-0.8085324479652485
0.05º,SWA,Soil C,5.046734280056423,-0.0034197827534187216
0.05º,SWA,Soil C,1.496352301703559,-0.8789333868929923
0.05º,SWA,Soil C,5.126382403903538,0.016221206976000116
0.05º,SWA,Soil C,0.6621186998155382,-1.0846529043805633
0.05º,SWA,Soil C,12.363850911458334,1.8009593496689353
0.05º,SWA,Soil C,7.084615071614583,0.4991155409110044
0.05º,SWA,Soil C,6.1037792629665795,0.25724435658932154
0.05º,SWA,Soil C,0.6919903225368924,-1.077286651332376
0.05º,SWA,Soil C,1.6155022515190973,-0.8495513647240853
0.05º,SWA,Soil C,1.1371917724609375,-0.9675013019340007
0.05º,SWA,Soil C,1.7269651624891493,-0.822064943402019
0.05º,SWA,Soil C,4.050526936848958,-0.24908154164013863
0.05º,SWA,Soil C,1.5630262162950304,-0.86249179846054
0.05º,SWA,Soil C,3.562034183078342,-0.36954239741774503
0.05º,SWA,Soil C,1.0914779239230685,-0.9787742006070186
0.05º,SWA,Soil C,1.4280420939127605,-0.8957784803469059
0.05º,SWA,Soil C,1.970884535047743,-0.7619151538046437
0.05º,SWA,Soil C,1.3273355695936415,-0.9206124088099799
0.05º,SWA,Soil C,8.092701382107204,0.7477066176921634
0.05º,SWA,Soil C,3.5144475301106772,-0.3812771240760828
0.05º,SWA,Soil C,1.7087749905056424,-0.8265505855470896
0.05º,SWA,Soil C,2.5594245062934027,-0.6167829526648269
0.05º,SWA,Soil C,1.1986668904622395,-0.9523417212313082
0.05º,SWA,Soil C,2.4602508544921875,-0.6412388793379471
0.05º,SWA,Soil C,2.780981699625651,-0.5621476097524125
0.05º,SWA,Soil C,3.361331515842014,-0.41903507640943605
0.05º,SWA,Soil C,2.5060225592719183,-0.6299517134882865
0.05º,SWA,Soil C,2.3083919949001737,-0.6786868210784612
0.05º,SWA,Soil C,1.1046392652723525,-0.9755286530940244
0.05º,SWA,Soil C,2.4915934668646917,-0.6335098846301349
0.05º,SWA,Soil C,1.5998768276638455,-0.8534045476320458
0.05º,SWA,Soil C,3.555022769504123,-0.3712713910882586
0.05º,SWA,Soil C,6.942206700642903,0.4639980614709741
0.05º,SWA,Soil C,2.3131980895996094,-0.6775016524634236
0.05º,SWA,Soil C,1.1869260999891493,-0.9552369651361097
0.05º,SWA,Soil C,1.0073746575249567,-0.9995138151986526
0.05º,SWA,Soil C,4.078268263075087,-0.24224061335244002
0.05º,SWA,Soil C,1.1067144605848525,-0.9750169161208146
0.05º,SWA,Soil C,5.857279883490668,0.19645834498297426
0.05º,SWA,Soil C,0.8468581305609809,-1.039096711884996
0.05º,SWA,Soil C,2.337859683566623,-0.6714201769631722
0.05º,SWA,Soil C,11.13159434000651,1.4970885552940223
0.05º,SWA,Soil C,2.390568627251519,-0.6584223086951042
0.05º,SWA,Soil C,3.585241529676649,-0.36381953498021474
0.05º,SWA,Soil C,2.2982220119900174,-0.6811947085243748
0.05º,SWA,Soil C,2.5793969896104603,-0.6118577978620057
0.05º,SWA,Soil C,5.979327731662327,0.22655498024130818
0.05º,SWA,Soil C,2.011262681749132,-0.7519580232867014
0.05º,SWA,Soil C,3.7857422298855252,-0.3143766604549727
0.05º,SWA,Soil C,3.1294725206163196,-0.47621081293579254
0.05º,SWA,Soil C,0.9740693834092882,-1.0077267964371932
0.05º,SWA,Soil C,2.7685568067762585,-0.5652115512623529
0.05º,SWA,Soil C,1.9431966145833333,-0.7687429123908259
0.05º,SWA,Soil C,1.0690220726860895,-0.9843117465303535
0.05º,SWA,Soil C,4.001107109917535,-0.2612683235290996
0.05º,SWA,Soil C,1.680554707845052,-0.8335096230626736
0.05º,SWA,Soil C,9.00635019938151,0.9730096903775398
0.05º,SWA,Soil C,2.850397745768229,-0.5450298198599562
0.05º,SWA,Soil C,3.2698112063937717,-0.4416037116902441
0.05º,SWA,Soil C,2.213726043701172,-0.7020311622307308
0.05º,SWA,Soil C,9.628549363878038,1.126442148158804
0.05º,SWA,Soil C,3.3506853103637697,-0.421660398919943
0.05º,SWA,Soil C,1.5996716817220051,-0.8534551360092995
0.05º,SWA,Soil C,3.5865118238661022,-0.3635062842227169
0.05º,SWA,Soil C,3.260641574859619,-0.4438649154711461
0.05º,SWA,Soil C,1.6257489522298176,-0.8470245588974221
0.05º,SWA,Soil C,3.0514420403374567,-0.4954528965871363
0.05º,SWA,Soil C,2.024300469292535,-0.7487429437736439
0.05º,SWA,Soil C,3.9888839721679688,-0.26428251283331133
0.05º,SWA,Soil C,2.095332251654731,-0.7312267181495956
0.05º,SWA,Soil C,1.3648507859971788,-0.9113612683626144
0.05º,SWA,Soil C,4.733704884847005,-0.08061189776313231
0.05º,SWA,Soil C,2.381393644544813,-0.6606848320591939
0.05º,SWA,Soil C,1.5059577094184027,-0.8765647220059667
0.05º,SWA,Soil C,1.728782229953342,-0.8216168599861386
0.05º,SWA,Soil C,4.471848381890191,-0.14518493020553602
0.05º,SWA,Soil C,2.097639719645182,-0.7306577034269336
0.05º,SWA,Soil C,0.605849372016059,-1.0985287527497263
0.05º,SWA,Soil C,8.565071105957031,0.8641915823905375
0.05º,SWA,Soil C,4.649906921386719,-0.10127622556109746
0.05º,SWA,Soil C,13.331857408796038,2.0396668640947047
0.05º,SWA,Soil C,6.113228268093533,0.2595744530647633
0.05º,SWA,Soil C,1.5816891988118489,-0.8578895626484728
0.05º,SWA,Soil C,2.3334227667914496,-0.6725143074034415
0.05º,SWA,Soil C,1.1743558247884114,-0.9583367575001781
0.05º,SWA,Soil C,4.924847920735677,-0.03347659534288141
0.05º,SWA,Soil C,1.7392976548936632,-0.8190237875661307
0.05º,SWA,Soil C,1.564372804429796,-0.862159733843733
0.05º,SWA,Soil C,4.739264170328776,-0.07924099454813668
0.05º,SWA,Soil C,2.439139472113715,-0.646444883251678
0.05º,SWA,Soil C,1.9985309176974826,-0.7550976383196409
0.05º,SWA,Soil C,10.871502346462673,1.4329506456088634
0.05º,SWA,Soil C,4.378654056125217,-0.16816637291601957
0.05º,SWA,Soil C,0.9552883572048612,-1.0123581414704694
0.05º,SWA,Soil C,12.327385796440971,1.7919671610906724
0.05º,SWA,Soil C,2.862918429904514,-0.5419422565044388
0.05º,SWA,Soil C,2.30208248562283,-0.6802427272433303
0.05º,SWA,Soil C,0.8458133273654513,-1.0393543572360915
0.05º,SWA,Soil C,3.7881236606174045,-0.3137894067409248
0.05º,SWA,Soil C,1.9955018361409504,-0.7558446007949357
0.05º,SWA,Soil C,4.095151265462239,-0.2380773153302
0.05º,SWA,Soil C,2.752810584174262,-0.5690945227808861
0.05º,SWA,Soil C,3.1483972337510853,-0.4715440351341508
0.05º,SWA,Soil C,2.520630306667752,-0.6263494865592224
0.05º,SWA,Soil C,5.658884048461914,0.14753452393178443
0.05º,SWA,Soil C,4.17704094780816,-0.21788356396213351
0.05º,SWA,Soil C,3.6052424112955728,-0.3588873772408729
0.05º,SWA,Soil C,1.1033278571234808,-0.975852042431261
0.05º,SWA,Soil C,4.79518296983507,-0.06545158541035537
0.05º,SWA,Soil C,2.4298426310221353,-0.6487374565299421
0.05º,SWA,Soil C,1.4924341837565105,-0.8798995830899591
0.05º,SWA,Soil C,1.5737508138020833,-0.8598471447095929
0.05º,SWA,Soil C,4.886059284210205,-0.043041757393368935
0.05º,SWA,Soil C,3.065977308485243,-0.491868542824416
0.05º,SWA,Soil C,2.1429434882269964,-0.7194859292477026
0.05º,SWA,Soil C,5.094755172729492,0.008422026120820585
0.05º,SWA,Soil C,2.038629319932726,-0.745209491952499
0.05º,SWA,Soil C,4.101308186848958,-0.23655903688394928
0.05º,SWA,Soil C,2.71305168999566,-0.5788989474741021
0.05º,SWA,Soil C,1.6422801547580295,-0.8429480136708855
0.05º,SWA,Soil C,0.9692132737901475,-1.0089242985822224
0.05º,SWA,Soil C,4.553221130371094,-0.12511865318643334
0.05º,SWA,Soil C,1.6940714518229167,-0.8301764343217306
0.05º,SWA,Soil C,2.135420905219184,-0.7213409757755876
0.05º,SWA,Soil C,6.19596693250868,0.2799775608783647
0.05º,SWA,Soil C,0.46231969197591144,-1.1339227436608812
0.05º,SWA,Soil C,2.0636395348442926,-0.7390420475673487
0.05º,SWA,Soil C,1.143618901570638,-0.9659163910693634
0.05º,SWA,Soil C,1.0414886474609375,-0.9911014070514346
0.05º,SWA,Soil C,0.9618966844346788,-1.0107285476899728
0.05º,SWA,Soil C,1.6004931131998699,-0.8532525734574038
0.05º,SWA,Soil C,2.5921495225694446,-0.6087130612784765
0.05º,SWA,Soil C,5.9210655212402346,0.21218769296270132
0.05º,SWA,Soil C,5.676620059543186,0.15190817135324522
0.05º,SWA,Soil C,4.25569831000434,-0.19848689310013273
0.05º,SWA,Soil C,4.038181728786892,-0.25212583311924497
0.05º,SWA,Soil C,1.9924714830186632,-0.7565918768345521
0.05º,SWA,Soil C,0.6403668721516927,-1.0900168401910508
0.05º,SWA,Soil C,2.1305995517306857,-0.7225299071624871
0.05º,SWA,Soil C,6.088235643174913,0.2534113463193983
0.05º,SWA,Soil C,2.000859154595269,-0.7545235020463891
0.05º,SWA,Soil C,1.9790492587619357,-0.7599017572942397
0.05º,SWA,Soil C,2.14984130859375,-0.7177849473232716
0.05º,SWA,Soil C,7.799264695909288,0.6753460062744876
0.05º,SWA,Soil C,7.370542738172743,0.5696244504868947
0.05º,SWA,Soil C,6.364349365234375,0.32150016645948454
0.05º,SWA,Soil C,5.6480895148383246,0.14487262414313712
0.05º,SWA,Soil C,7.5482970343695746,0.613458129641266
0.05º,SWA,Soil C,0.7685796949598525,-1.0583999405790947
0.05º,SWA,Soil C,2.176386515299479,-0.7112389785409647
0.05º,SWA,Soil C,2.611970477634006,-0.6038252728906721
0.05º,SWA,Soil C,2.2193578084309897,-0.7006423858493915
0.05º,SWA,Soil C,4.438591851128472,-0.15338589147840703
0.05º,SWA,Soil C,1.7729977501763239,-0.810713444605665
0.05º,SWA,Soil C,8.504579332139757,0.8492744914300522
0.05º,SWA,Soil C,2.3152758280436196,-0.6769892883615704
0.05º,SWA,Soil C,0.9588834974500868,-1.0114715906112448
0.05º,SWA,Soil C,12.949896918402779,1.9454765466522232
0.05º,SWA,Soil C,2.089419894748264,-0.7326846877246164
0.05º,SWA,Soil C,2.1702067057291665,-0.7127629011450082
0.05º,SWA,Soil C,4.981007893880208,-0.019627713505394953
0.05º,SWA,Soil C,1.3018258412679036,-0.926903031712885
0.05º,SWA,Soil C,1.0035018920898438,-1.0004688276014746
0.05º,SWA,Soil C,2.399048275417752,-0.6563312527543296
0.05º,SWA,Soil C,3.991003248426649,-0.2637599056302786
0.05º,SWA,Soil C,1.249070061577691,-0.9399124496001399
0.05º,SWA,Soil C,1.6750768025716145,-0.8348604581610727
0.05º,SWA,Soil C,0.6500489976671007,-1.0876292569232753
0.05º,SWA,Soil C,8.31094469342913,0.8015247671870129
0.05º,SWA,Soil C,1.6694450378417969,-0.8362492345424118
0.05º,SWA,Soil C,2.901241726345486,-0.5324918459305571
0.05º,SWA,Soil C,4.001784854465061,-0.2611011937455697
0.05º,SWA,Soil C,1.3654950459798176,-0.9112023957728926
0.05º,SWA,Soil C,0.9636594984266493,-1.0102938430184902
0.05º,SWA,Soil C,3.817659166124132,-0.30650603919513864
0.05º,SWA,Soil C,3.47066413031684,-0.3920739798478581
0.05º,SWA,Soil C,18.720916748046875,3.3685928201740705
0.05º,SWA,Soil C,8.779289245605469,0.9170171365588495
0.05º,SWA,Soil C,3.4638086954752603,-0.3937645096282284
0.05º,SWA,Soil C,1.4854409959581163,-0.8816240823385265
0.05º,SWA,Soil C,3.457633760240343,-0.39528723023570483
0.05º,SWA,Soil C,1.8291147020128038,-0.7968751716944001
0.05º,SWA,Soil C,3.2892308916364397,-0.43681487524342544
0.05º,SWA,Soil C,1.0751478407118056,-0.9828011504099874
0.05º,SWA,Soil C,2.342164781358507,-0.6703585526909314
0.05º,SWA,Soil C,26.50201670328776,5.287388856070957
0.05º,SWA,Soil C,21.697351667616104,4.10257279185247
0.05º,SWA,Soil C,3.369463784354074,-0.41702968325505563
0.05º,SWA,Soil C,6.773919423421224,0.4224989209532704
0.05º,SWA,Soil C,11.168590969509548,1.5062118137588054
0.05º,SWA,Soil C,1.1602986653645833,-0.9618032110778942
0.05º,SWA,Soil C,5.713729434543186,0.16105923252122975
0.05º,SWA,Soil C,6.765362209743923,0.4203887375888648
0.05º,SWA,Soil C,5.866052415635851,0.19862162523920807
0.05º,SWA,Soil C,1.7568723890516493,-0.8146899105528209
0.05º,SWA,Soil C,4.798293007744683,-0.06468465933990485
0.05º,SWA,Soil C,2.3964466518825955,-0.6569728053567726
0.05º,SWA,Soil C,4.601453145345052,-0.11322478218262817
0.05º,SWA,Soil C,2.774137708875868,-0.5638353174538865
0.05º,SWA,Soil C,0.9492710961235894,-1.0138419801020404
0.05º,SWA,Soil C,3.4532233344184027,-0.3963748280859363
0.05º,SWA,Soil C,1.6468060811360676,-0.8418319337280888
0.05º,SWA,Soil C,5.7431589762369795,0.1683164697068642
0.05º,SWA,Soil C,2.2630782657199435,-0.6898610515115464
0.05º,SWA,Soil C,2.2810550265842013,-0.6854280359118212
0.05º,SWA,Soil C,3.0107091267903647,-0.5054975115508662
0.05º,SWA,Soil C,7.313655005560981,0.5555961053358869
0.05º,SWA,Soil C,0.7858142852783203,-1.0541499420218716
0.05º,SWA,Soil C,14.22675641377767,2.2603462890043238
0.05º,SWA,Soil C,3.3317082722981772,-0.42634007989342765
0.05º,SWA,Soil C,4.956489562988281,-0.02567386075872128
0.05º,SWA,Soil C,1.4493492974175348,-0.8905241875276148
0.05º,SWA,Soil C,1.4905577765570746,-0.8803622995075244
0.05º,SWA,Soil C,3.4950039386749268,-0.38607185571879715
0.05º,SWA,Soil C,8.17167494032118,0.7671812615488568
0.05º,SWA,Soil C,4.144587622748481,-0.22588645710505517
0.05º,SWA,Soil C,1.4297591315375433,-0.895355063991009
0.05º,SWA,Soil C,3.3460767534044056,-0.422796855317586
0.05º,SWA,Soil C,0.6493492126464844,-1.0878018218217167
0.05º,SWA,Soil C,7.493092854817708,0.5998449436523473
0.05º,SWA,Soil C,1.0162667168511286,-0.9973210598961678
0.05º,SWA,Soil C,1.3823655446370442,-0.9070421811331505
0.05º,SWA,Soil C,1.7339738210042317,-0.8203366291208695
0.05º,SWA,Soil C,6.691062503390842,0.4020666516577401
0.05º,SWA,Soil C,2.035894605848524,-0.7458838642872925
0.05º,SWA,Soil C,4.917033301459418,-0.03540365714334429
0.05º,SWA,Soil C,4.153557586669922,-0.22367449076178691
0.05º,SWA,Soil C,1.292064242892795,-0.9293102127507741
0.05º,SWA,Soil C,3.6418914794921875,-0.34984982635738704
0.05º,SWA,Soil C,2.0792533026801214,-0.735191738999005
0.05º,SWA,Soil C,12.42470974392361,1.8159669561969858
0.05º,SWA,Soil C,4.296164194742839,-0.18850812664398484
0.05º,SWA,Soil C,4.785027609931098,-0.06795586686656804
0.05º,SWA,Soil C,1.384736696879069,-0.9064574620640371
0.05º,SWA,Soil C,1.9907379150390625,-0.757019369526633
0.05º,SWA,Soil C,5.944765726725261,0.218032092931369
0.05º,SWA,Soil C,1.8859151204427083,-0.7828683579601573
0.05º,SWA,Soil C,1.2962377336290147,-0.9282810423858416
0.05º,SWA,Soil C,1.5131246778700087,-0.8747973689667505
0.05º,SWA,Soil C,1.0077730814615886,-0.9994155650444824
0.05º,SWA,Soil C,2.0818218655056424,-0.7345583390689293
0.05º,SWA,Soil C,1.0401759677463107,-0.9914251099529932
0.05º,SWA,Soil C,4.753105799357097,-0.07582769012296893
0.05º,SWA,Soil C,3.975163141886393,-0.26766602864790623
0.05º,SWA,Soil C,2.5672314961751304,-0.6148577722502948
0.05º,SWA,Soil C,5.007221221923828,-0.01316358501108289
0.05º,SWA,Soil C,3.870677524142795,-0.293431870275428
0.05º,SWA,Soil C,2.1631143358018665,-0.7145118584106775
0.05º,SWA,Soil C,2.348562240600586,-0.6687809583271366
0.05º,SWA,Soil C,0.6416808234320747,-1.0896928237251704
0.05º,SWA,Soil C,4.455638885498047,-0.1491821436586523
0.05º,SWA,Soil C,1.0507912105984158,-0.9888074227337222
0.05º,SWA,Soil C,3.2729954189724393,-0.4408184943676874
0.05º,SWA,Soil C,8.731319851345486,0.90518802703964385
0.05º,SWA,Soil C,2.7106751335991754,-0.579484999191583
0.05º,SWA,Soil C,2.4166539510091147,-0.6519897456758554
0.05º,SWA,Soil C,10.227096557617188,1.2740421005113414
0.05º,SWA,Soil C,3.164257049560547,-0.46763305186953497
0.05º,SWA,Soil C,1.0774898529052734,-0.9822236171899158
0.05º,SWA,Soil C,6.723901960584852,0.4101647638330541
0.05º,SWA,Soil C,4.606517155965169,-0.11197601227098143
0.05º,SWA,Soil C,9.2615598042806,1.035943617588352
0.05º,SWA,Soil C,4.045416514078776,-0.2503417566495316
0.05º,SWA,Soil C,1.5134874979654949,-0.8747078986135912
0.05º,SWA,Soil C,2.265507592095269,-0.68926198687471
0.05º,SWA,Soil C,1.9643495347764757,-0.7635266653759154
0.05º,SWA,Soil C,0.970253414577908,-1.008667802966974
0.05º,SWA,Soil C,18.069550408257378,3.207967823978907
0.05º,SWA,Soil C,1.3464635213216145,-0.9158955129775672
0.05º,SWA,Soil C,6.208671569824219,0.28311048653910537
0.05º,SWA,Soil C,2.1474291483561196,-0.7183797788417635
0.05º,SWA,Soil C,2.810490502251519,-0.5548708270573846
0.05º,SWA,Soil C,4.246836556328668,-0.2006721751196141
0.05º,SWA,Soil C,2.3702604505750866,-0.6634302444788859
0.05º,SWA,Soil C,4.858757866753472,-0.049774205490897984
0.05º,SWA,Soil C,1.9604899088541667,-0.7644784376140785
0.05º,SWA,Soil C,5.224219004313151,0.040347420764726936
0.05º,SWA,Soil C,1.319282955593533,-0.9225981593993433
0.05º,SWA,Soil C,3.1524073282877603,-0.4705551577845723
0.05º,SWA,Soil C,1.4040171305338542,-0.9017029646433663
0.05º,SWA,Soil C,3.0298597547743054,-0.5007750238213812
0.05º,SWA,Soil C,15.042734781901041,2.461564120305691
0.05º,SWA,Soil C,3.3773180643717446,-0.41509284123407886
0.05º,SWA,Soil C,5.7272826300726996,0.16440141010606463
0.05º,SWA,Soil C,2.002931382921007,-0.7540124967232636
0.05º,SWA,Soil C,2.7643792894151478,-0.566241714580971
0.05º,SWA,Soil C,2.6925938924153647,-0.5839437793264178
0.05º,SWA,Soil C,0.7897413041856554,-1.0531815508746518
0.05º,SWA,Soil C,1.1604046291775174,-0.9617770807177425
0.05º,SWA,Soil C,4.731573104858398,-0.08113758834866287
0.05º,SWA,Soil C,4.15355724758572,-0.22367457437893945
0.05º,SWA,Soil C,1.005831582205636,-0.9998943329689979
0.05º,SWA,Soil C,1.1800032721625433,-0.9569441138255363
0.05º,SWA,Soil C,2.5772823757595487,-0.6123792553291918
0.05º,SWA,Soil C,1.825301276312934,-0.7978155510955373
0.05º,SWA,Soil C,1.6207978990342882,-0.8482454738451471
0.05º,SWA,Soil C,6.372527228461371,0.3235168031345473
0.05º,SWA,Soil C,0.7746331956651475,-1.056907165364352
0.05º,SWA,Soil C,1.7807913886176214,-0.8087915566165121
0.05º,SWA,Soil C,1.4722167121039496,-0.884885151285451
0.05º,SWA,Soil C,4.067190382215712,-0.24497238572413274
0.05º,SWA,Soil C,5.02802848815918,-0.008032575230987124
0.05º,SWA,Soil C,0.9081293741861979,-1.0239874059952352
0.05º,SWA,Soil C,0.43032052781846786,-1.1418136420801928
0.05º,SWA,Soil C,1.7922147115071614,-0.8059745992707251
0.05º,SWA,Soil C,1.9802252451578777,-0.7596117625572768
0.05º,SWA,Soil C,2.020780775282118,-0.7496108898164409
0.05º,SWA,Soil C,7.20192633734809,0.5280441490705601
0.05º,SWA,Soil C,2.406802283393012,-0.6544191375198735
0.05º,SWA,Soil C,2.1061041090223522,-0.7285704102580208
0.05º,SWA,Soil C,1.6625925699869792,-0.8379390326726978
0.05º,SWA,Soil C,7.364546245998806,0.5681457334059136
0.05º,SWA,Soil C,0.8136077457004123,-1.0472961575969784
0.05º,SWA,Soil C,2.6335279676649304,-0.5985092601607028
0.05º,SWA,Soil C,1.7685885959201388,-0.8118007288915746
0.05º,SWA,Soil C,1.1602923075358074,-0.9618047788995032
0.05º,SWA,Soil C,4.888102213541667,-0.04253797711482537
0.05º,SWA,Soil C,2.034446292453342,-0.746241014049845
0.05º,SWA,Soil C,1.8732083638509114,-0.786001806228101
0.05º,SWA,Soil C,1.5723686218261719,-0.8601879891274108
0.05º,SWA,Soil C,3.6773753696017795,-0.34109960491412866
0.05º,SWA,Soil C,1.9546046786838107,-0.7659297178169006
0.05º,SWA,Soil C,1.9914504157172308,-0.75684366898497335
0.05º,SWA,Soil C,1.1967695024278429,-0.9528096114601834
0.05º,SWA,Soil C,1.0653934478759766,-0.9852065545833861
0.05º,SWA,Soil C,3.4703551398383246,-0.3921501759780603
0.05º,SWA,Soil C,4.283089107937283,-0.19173240404381584
0.05º,SWA,Soil C,2.975863562689887,-0.5140903237045712
0.05º,SWA,Soil C,11.473302205403646,1.5813526954966157
0.05º,SWA,Soil C,6.494852338518415,0.3536818103466721
0.05º,SWA,Soil C,8.423566182454428,0.8292968904011603
0.05º,SWA,Soil C,3.087233225504557,-0.4866268970994382
0.05º,SWA,Soil C,1.204287634955512,-0.9509556624074248
0.05º,SWA,Soil C,1.0167338053385417,-0.9972058772686193
0.05º,SWA,Soil C,11.764931572808159,1.653267627491545
0.05º,SWA,Soil C,15.592589060465494,2.5971565450399074
0.05º,SWA,Soil C,2.458260430230035,-0.6417297120230354
0.05º,SWA,Soil C,26.73699188232422,5.345333034228653
0.05º,SWA,Soil C,6.193335003323025,0.27932853499291826
0.05º,SWA,Soil C,0.93743133544921875,-1.0167616297632234
0.05º,SWA,Soil C,2.8908827039930554,-0.5350463499389811
0.05º,SWA,Soil C,2.2871420118543835,-0.6839270035032706
0.05º,SWA,Soil C,3.3365762498643665,-0.42513965114806146
0.05º,SWA,Soil C,2.0619903140597873,-0.7394487404927488
0.05º,SWA,Soil C,1.4845629798041449,-0.8818405985027431
0.05º,SWA,Soil C,1.8979034423828125,-0.7799120735340416
0.05º,SWA,Soil C,1.509385002983941,-0.8757195616372221
0.05º,SWA,Soil C,1.320709228515625,-0.9222464447517023
0.05º,SWA,Soil C,2.28440433078342,-0.6846021074881483
0.05º,SWA,Soil C,1.7093798319498699,-0.826401433451344
0.05º,SWA,Soil C,2.2336196899414062,-0.6971254484158624
0.05º,SWA,Soil C,3.4365030924479165,-0.4004979898749835
0.05º,SWA,Soil C,4.371090359157986,-0.17003155802364364
0.05º,SWA,Soil C,1.8389439053005643,-0.7944513194867343
0.05º,SWA,Soil C,3.4578687879774304,-0.3952292730968886
0.05º,SWA,Soil C,5.736627366807726,0.16670579430711727
0.05º,SWA,Soil C,6.060507965087891,0.24657378362208726
0.05º,SWA,Soil C,8.461968315972221,0.8387667419629944
0.05º,SWA,Soil C,1.3197975158691406,-0.922471270370447
0.05º,SWA,Soil C,4.971688588460286,-0.021925826420011132
0.05º,SWA,Soil C,1.3071753184000652,-0.9255838666109896
0.05º,SWA,Soil C,11.778911590576172,1.656715058167071
0.05º,SWA,Soil C,3.558679368760851,-0.3703696846201458
0.05º,SWA,Soil C,4.734803517659505,-0.08034097818908013
0.05º,SWA,Soil C,6.247326321072048,0.2926426328795413
0.05º,SWA,Soil C,0.9333775838216146,-1.0177612728211844
0.05º,SWA,Soil C,1.4844203525119357,-0.8818757699675072
0.05º,SWA,Soil C,1.6974928114149306,-0.8293327372531547
0.05º,SWA,Soil C,1.9025332132975261,-0.7787703858382962
0.05º,SWA,Soil C,5.708051469590929,0.1596590633028644
0.05º,SWA,Soil C,1.94927003648546,-0.7672452246683745
0.05º,SWA,Soil C,1.1919894748263888,-0.9539883520066238
0.05º,SWA,Soil C,6.402741326226129,0.33096750950674453
0.05º,SWA,Soil C,5.876847161187066,0.2012835772885756
0.05º,SWA,Soil C,4.948255962795681,-0.027704242003223883
0.05º,SWA,Soil C,4.636557261149089,-0.10456821195015308
0.05º,SWA,Soil C,11.128490447998047,1.4963231447844607
0.05º,SWA,Soil C,2.6305698818630643,-0.5992387152946959
0.05º,SWA,Soil C,2.599959479437934,-0.6067871492138602
0.05º,SWA,Soil C,1.2394871181911893,-0.9422755748508134
0.05º,SWA,Soil C,9.673890855577257,1.137623224746249
0.05º,SWA,Soil C,5.8740590413411455,0.20059603525226563
0.05º,SWA,Soil C,0.6750471327039931,-1.0814647913991824
0.05º,SWA,Soil C,21.88058132595486,4.147756678976597
0.05º,SWA,Soil C,5.707224951850043,0.15945524649368154
0.05º,SWA,Soil C,2.1876737806532116,-0.7084555725776124
0.05º,SWA,Soil C,3.457236819797092,-0.39538511456483294
0.05º,SWA,Soil C,2.0660523308648004,-0.7384470592666958
0.05º,SWA,Soil C,7.2073690626356335,0.5293863088893888
0.05º,SWA,Soil C,2.2306944529215493,-0.6978468031382086
0.05º,SWA,Soil C,4.4385325113932295,-0.1534005244800919
0.05º,SWA,Soil C,2.5307846069335938,-0.6238454664066113
0.05º,SWA,Soil C,1.9385454389784071,-0.7698898784193218
0.05º,SWA,Soil C,4.843595716688368,-0.053513146464275504
0.05º,SWA,Soil C,1.6157158745659723,-0.8494986859180197
0.05º,SWA,Soil C,3.0367084079318576,-0.49908616638406056
0.05º,SWA,Soil C,1.0463748508029513,-0.9898964838841224
0.05º,SWA,Soil C,1.2338676452636719,-0.943661320110375
0.05º,SWA,Soil C,0.641548580593533,-1.0897254344146396
0.05º,SWA,Soil C,1.4112591743469238,-0.8999170982439828
0.05º,SWA,Soil C,4.561319563123915,-0.1231216038293404
0.05º,SWA,Soil C,7.790220896402995,0.6731158322962657
0.05º,SWA,Soil C,9.310523139105904,1.0480178298857799
0.05º,SWA,Soil C,1.3832613627115886,-0.9068212750684284
0.05º,SWA,Soil C,12.146210564507378,1.7472898893891657
0.05º,SWA,Soil C,6.856981549944196,0.4429817935576889
0.05º,SWA,Soil C,1.5320892333984375,-0.8701207661496917
0.05º,SWA,Soil C,6.370698928833008,0.323065949900491
0.05º,SWA,Soil C,3.4750463697645397,-0.390993332673427
0.05º,SWA,Soil C,2.809555901421441,-0.555101296833922
0.05º,SWA,Soil C,0.7546212938096788,-1.0618420406611495
0.05º,SWA,Soil C,2.3230328030056424,-0.6750764414770298
0.05º,SWA,Soil C,4.254772186279297,-0.19871527244785803
0.05º,SWA,Soil C,5.891510433620876,0.20489949652635903
0.05º,SWA,Soil C,2.302174038357205,-0.6802201506121593
0.05º,SWA,Soil C,22.053894890679253,4.1904952869977325
0.05º,SWA,Soil C,1.1995018853081598,-0.9521358139933133
0.05º,SWA,Soil C,3.0948045518663196,-0.48475983060588335
0.05º,SWA,Soil C,4.045528835720486,-0.25031405846777105
0.05º,SWA,Soil C,1.4993582831488714,-0.8781921208362106
0.05º,SWA,Soil C,1.8739209856305803,-0.7858260758231725
0.05º,SWA,Soil C,2.5876024034288196,-0.6098343672933034
0.05º,SWA,Soil C,20.166788736979168,3.725140539228753
0.05º,SWA,Soil C,2.987369113498264,-0.5112530891993065
0.05º,SWA,Soil C,1.405381096733941,-0.9013666146474945
0.05º,SWA,Soil C,5.804447174072266,0.18342995645424923
0.05º,SWA,Soil C,4.864558325873481,-0.048343829576197414
0.05º,SWA,Soil C,3.0744361877441406,-0.4897826084342311
0.05º,SWA,Soil C,1.050036112467448,-0.9889936276801629
0.05º,SWA,Soil C,3.1042857699924045,-0.4824217905009555
0.05º,SWA,Soil C,3.085585912068685,-0.4870331196783555
0.05º,SWA,Soil C,3.500380622016059,-0.38474598164693297
0.05º,SWA,Soil C,0.857060538397895,-1.0365808285488762
0.05º,SWA,Soil C,2.0174505445692272,-0.7504321147752865
0.05º,SWA,Soil C,2.3007918463812933,-0.6805609950299772
0.05º,SWA,Soil C,2.9821569654676647,-0.5125383893544452
0.05º,SWA,Soil C,0.9068599277072482,-1.024300447709852
0.05º,SWA,Soil C,23.417008293999565,4.526634985731105
0.05º,SWA,Soil C,2.4719793531629772,-0.6383466665549233
0.05º,SWA,Soil C,6.420392778184679,0.3353203049008043
0.05º,SWA,Soil C,3.4018656412760415,-0.4090394820013506
0.05º,SWA,Soil C,2.0820719401041665,-0.7344966714189715
0.05º,SWA,Soil C,3.0541924370659723,-0.49477465695904044
0.05º,SWA,Soil C,1.089954588148329,-0.9791498506645585
0.05º,SWA,Soil C,1.2233673334121704,-0.9462506656877662
0.05º,SWA,Soil C,1.1175289154052734,-0.9723501038244589
0.05º,SWA,Soil C,0.7969559563530816,-1.0514024391733674
0.05º,SWA,Soil C,3.4433169894748263,-0.39881770319579257
0.05º,SWA,Soil C,8.095011393229166,0.7482762595434691
0.05º,SWA,Soil C,3.3098941379123263,-0.43171938035568436
0.05º,SWA,Soil C,5.6876720852322045,0.1546335679170608
0.05º,SWA,Soil C,3.4036797417534723,-0.4085921302355545
0.05º,SWA,Soil C,1.7264713711208768,-0.8221867108803256
0.05º,SWA,Soil C,1.9772491455078125,-0.7603456598524957
0.05º,SWA,Soil C,1.3134939405653212,-0.9240257132351476
0.05º,SWA,Soil C,7.212978786892361,0.5307696501558163
0.05º,SWA,Soil C,3.0166375901963978,-0.5040355701611025
0.05º,SWA,Soil C,1.9678145514594183,-0.7626722025989568
0.05º,SWA,Soil C,21.456409454345703,4.043157160853915
0.05º,SWA,Soil C,1.9350742763943143,-0.7707458567571691
0.05º,SWA,Soil C,2.307253943549262,-0.6789674611464899
0.05º,SWA,Soil C,1.0083696577284071,-0.9992684511168288
0.05º,SWA,Soil C,1.9160255855984158,-0.7754432070801883
0.05º,SWA,Soil C,2.2712894015842013,-0.6878362099033961
0.05º,SWA,Soil C,3.5808567470974393,-0.3649008092832894
0.05º,SWA,Soil C,2.5108214484320746,-0.6287683217377392
0.05º,SWA,Soil C,3.3582776387532554,-0.41978815338900616
0.05º,SWA,Soil C,5.672216839260525,0.1508223503675039
0.05º,SWA,Soil C,26.273856268988716,5.231125173635333
0.05º,SWA,Soil C,6.795492384168837,0.42781874871582193
0.05º,SWA,Soil C,1.5883162362234933,-0.8562553549929551
0.05º,SWA,Soil C,1.3533753289116754,-0.9141910818455962
0.05º,SWA,Soil C,5.897667355007595,0.20641777497260977
0.05º,SWA,Soil C,3.0225628444126675,-0.5025744201479604
0.05º,SWA,Soil C,2.0767979092068143,-0.7357972317044387
0.05º,SWA,Soil C,1.7465860578748915,-0.81722648913418094
0.05º,SWA,Soil C,2.4267094930013022,-0.6495100790189057
0.05º,SWA,Soil C,2.110549079047309,-0.7274742939103799
0.05º,SWA,Soil C,8.24342515733507,0.7848746510147334
0.05º,SWA,Soil C,1.4779927995469835,-0.8834607853535852
0.05º,SWA,Soil C,1.746859414236886,-0.8171590802708069
0.05º,SWA,Soil C,2.8515252007378473,-0.5447517928279427
0.05º,SWA,Soil C,2.9974072774251304,-0.5087777079214215
0.05º,SWA,Soil C,3.8528980678982205,-0.29781623114455086
0.05º,SWA,Soil C,3.3055169847276478,-0.4327987732728281
0.05º,SWA,Soil C,3.4847064548068576,-0.38861118452056315
0.05º,SWA,Soil C,2.3368797302246094,-0.6716618305338545
0.05º,SWA,Soil C,0.68030760023329,-1.0801675757998146
0.05º,SWA,Soil C,0.9666383531358507,-1.0095592663339072
0.05º,SWA,Soil C,2.0213411119249134,-0.7494727124719589
0.05º,SWA,Soil C,2.6414260864257812,-0.5965616076364404
0.05º,SWA,Soil C,3.3201391432020397,-0.4291929926147835
0.05º,SWA,Soil C,2.607850816514757,-0.6048411690326474
0.05º,SWA,Soil C,1.5902315775553386,-0.8557830375344884
0.05º,SWA,Soil C,10.200385199652779,1.2674551593243168
0.05º,SWA,Soil C,1.8960910373263888,-0.7803590072140751
0.05º,SWA,Soil C,1.3437228732638888,-0.9165713486125291
0.05º,SWA,Soil C,11.754541185167101,1.6507053888965164
0.05º,SWA,Soil C,7.4152069091796875,0.5806385018122504
0.05º,SWA,Soil C,4.4345681932237415,-0.15437811351408498
0.05º,SWA,Soil C,5.1956066555447045,0.033291700916581714
0.05º,SWA,Soil C,1.2126089731852214,-0.9489036452247166
0.05º,SWA,Soil C,7.717260633196149,0.6551240490490917
0.05º,SWA,Soil C,5.61700439453125,0.1372071262104935
0.05º,SWA,Soil C,0.7528508504231771,-1.062278626718563
0.05º,SWA,Soil C,4.248183250427246,-0.20034008437244696
0.05º,SWA,Soil C,2.896842108832465,-0.533576778484053
0.05º,SWA,Soil C,7.680556403266059,0.6460728954466928
0.05º,SWA,Soil C,4.102518293592665,-0.23626062817101753
0.05º,SWA,Soil C,1.2074364556206598,-0.9501791726251587
0.05º,SWA,Soil C,1.1899320814344618,-0.954495699079328
0.05º,SWA,Soil C,3.2106140984429254,-0.45620154191039675
0.05º,SWA,Soil C,4.273709191216363,-0.19404546352443863
0.05º,SWA,Soil C,1.2179308997260199,-0.9475912740164609
0.05º,SWA,Soil C,7.48410881890191,0.5976295071972509
0.05º,SWA,Soil C,1.675630357530382,-0.8347239531596404
0.05º,SWA,Soil C,5.848242865668403,0.19422984334780202
0.05º,SWA,Soil C,23.361072116427952,4.51284129121426
0.05º,SWA,Soil C,12.955068800184462,1.9467519172705041
0.05º,SWA,Soil C,1.8463346693250868,-0.7926287791268779
0.05º,SWA,Soil C,1.6304630703396268,-0.845862071434996
0.05º,SWA,Soil C,3.2557271321614585,-0.44507680237943875
0.05º,SWA,Soil C,25.815577612982857,5.118115024229924
0.05º,SWA,Soil C,1.5122498406304254,-0.8750131012201624
0.05º,SWA,Soil C,3.54636812210083,-0.3734056013188236
0.05º,SWA,Soil C,2.8679801093207464,-0.5406940614607154
0.05º,SWA,Soil C,2.064514584011502,-0.7388262630532165
0.05º,SWA,Soil C,3.2153498331705728,-0.45503372385449986
0.05º,SWA,Soil C,7.957894219292535,0.7144635735072508
0.05º,SWA,Soil C,2.4628787570529513,-0.6405908464061865
0.05º,SWA,Soil C,0.5655958387586806,-1.1084551539641303
0.05º,SWA,Soil C,3.9804977416992187,-0.26635053224857624
0.05º,SWA,Soil C,3.0619244045681424,-0.4928679768394958
0.05º,SWA,Soil C,2.579562505086263,-0.6118169822394488
0.05º,SWA,Soil C,3.29718017578125,-0.43485460548811833
0.05º,SWA,Soil C,1.874131096733941,-0.7857742630519005
0.05º,SWA,Soil C,12.51359642876519,1.8378861475065849
0.05º,SWA,Soil C,7.9401529100206165,0.7100886195677826
0.05º,SWA,Soil C,2.1486994425455728,-0.7180665280842657
0.05º,SWA,Soil C,1.8352716233995225,-0.7953568932481494
0.05º,SWA,Soil C,4.214680565728082,-0.2086017464719502
0.05º,SWA,Soil C,1.1602239608764648,-0.9618216329818011
0.05º,SWA,Soil C,9.1784820556640625,1.0154568926222654
0.05º,SWA,Soil C,0.4883134629991319,-1.1275127572728032
0.05º,SWA,Soil C,0.7290390862358941,-1.0681505367303983
0.05º,SWA,Soil C,18.803889592488606,3.3890536760836065
0.05º,SWA,Soil C,4.963029225667317,-0.024061199451602917
0.05º,SWA,Soil C,1.7645308176676433,-0.8128013649032214
0.05º,SWA,Soil C,1.2411503261990018,-0.9418654327178733
0.05º,SWA,Soil C,2.442825105455187,-0.6455360170648837
0.05º,SWA,Soil C,0.9451344807942709,-1.01486205710164
0.05º,SWA,Soil C,1.3153658972846136,-0.9235640942927087
0.05º,SWA,Soil C,2.7959764268663196,-0.5584499547480746
0.05º,SWA,Soil C,2.264807383219401,-0.6894346562945921
0.05º,SWA,Soil C,5.371283213297526,0.07661301596909983
0.05º,SWA,Soil C,6.554435306125217,0.36837479240686283
0.05º,SWA,Soil C,4.094770855373806,-0.23817112332314438
0.05º,SWA,Soil C,1.0424215528700087,-0.9908713553606596
0.05º,SWA,Soil C,0.4589742024739583,-1.1347477313915888
0.05º,SWA,Soil C,8.513561672634548,0.851489509799386
0.05º,SWA,Soil C,2.413354661729601,-0.6528033405695367
0.05º,SWA,Soil C,8.901280721028646,0.9470998704655827
0.05º,SWA,Soil C,18.505672878689236,3.31551432411949
0.05º,SWA,Soil C,4.868235694037543,-0.047437001557495
0.05º,SWA,Soil C,7.122286224365235,0.508405134796369
0.05º,SWA,Soil C,1.3440606858995225,-0.9164880450243656
0.05º,SWA,Soil C,0.9850533803304037,-1.005018175564595
0.05º,SWA,Soil C,11.556525336371529,1.6018752713168305
0.05º,SWA,Soil C,1.2695176866319444,-0.9348701262623987
0.05º,SWA,Soil C,5.172255198160808,0.027533301189245313
0.05º,SWA,Soil C,2.801700168185764,-0.5570384972141238
0.05º,SWA,Soil C,2.6268378363715277,-0.6001590265792366
0.05º,SWA,Soil C,30.592206319173176,6.29601741323805
0.05º,SWA,Soil C,1.4337043762207031,-0.8943821784218431
0.05º,SWA,Soil C,5.7411304050021705,0.1678162300921213
0.05º,SWA,Soil C,2.6367840237087674,-0.5977063264539633
0.05º,SWA,Soil C,0.8420221540662978,-1.0402892492615965
0.05º,SWA,Soil C,8.766639709472656,0.9138977986853877
0.05º,SWA,Soil C,6.245418548583984,0.2921721818753713
0.05º,SWA,Soil C,4.478466457790798,-0.1435529324319055
0.05º,SWA,Soil C,4.427550845675999,-0.15610857048476695
0.05º,SWA,Soil C,1.330214606391059,-0.9199024469246598
0.05º,SWA,Soil C,1.7705599466959636,-0.8113145996713135
0.05º,SWA,Soil C,3.6871698167588978,-0.3386843234645925
0.05º,SWA,Soil C,1.0990053812662761,-0.9769179520825665
0.05º,SWA,Soil C,3.2522159152560763,-0.4459426579934234
0.05º,SWA,Soil C,2.869614495171441,-0.5402910267857365
0.05º,SWA,Soil C,1.6946868896484375,-0.83002466918997
0.05º,SWA,Soil C,1.067169189453125,-0.984768662007965
0.05º,SWA,Soil C,1.0495185852050781,-0.9891212483591435
0.05º,SWA,Soil C,1.214957767062717,-0.9483244396615955
0.05º,SWA,Soil C,1.8810708787706163,-0.7840629335048493
0.05º,SWA,Soil C,1.294905768500434,-0.9286095010129477
0.05º,SWA,Soil C,1.7357574039035373,-0.819896802898797
0.05º,SWA,Soil C,3.204448699951172,-0.4577219107854596
0.05º,SWA,Soil C,5.585879007975261,0.1295316987409923
0.05º,SWA,Soil C,1.2838575575086806,-0.931333956883798
0.05º,SWA,Soil C,1.8477236429850261,-0.7922862623660102
0.05º,SWA,Soil C,3.1571278042263455,-0.4693911025005371
0.05º,SWA,Soil C,4.140382554796007,-0.22692341431731267
0.05º,SWA,Soil C,0.7800331115722656,-1.0555755622110246
0.05º,SWA,Soil C,3.6859779357910156,-0.3389782377555781
0.05º,SWA,Soil C,5.444388919406467,0.09464066500203612
0.05º,SWA,Soil C,5.039911482069227,-0.005102264382862283
0.05º,SWA,Soil C,1.6498379177517362,-0.8410842918634301
0.05º,SWA,Soil C,5.14444817437066,0.020676172078252654
0.05º,SWA,Soil C,10.600343068440756,1.3660835765880275
0.05º,SWA,Soil C,3.4758843315972223,-0.3907866937853478
0.05º,SWA,Soil C,15.67288080851237,2.616956250576887
0.05º,SWA,Soil C,1.1278724670410156,-0.969799414848617
0.05º,SWA,Soil C,6.03433100382487,0.24011862306737936
0.05º,SWA,Soil C,2.2687704298231335,-0.6884573808249208
0.05º,SWA,Soil C,2.2142255306243896,-0.701907990245566
0.05º,SWA,Soil C,2.2095349629720054,-0.7030646702354483
0.05º,SWA,Soil C,3.1781785753038196,-0.4642000451528128
0.05º,SWA,Soil C,2.557714674207899,-0.6172045921562337
0.05º,SWA,Soil C,3.407578362358941,-0.4076307420248555
0.05º,SWA,Soil C,2.874302758110894,-0.5391349151311875
0.05º,SWA,Soil C,1.3523356119791667,-0.914447472939404
0.05º,SWA,Soil C,3.1533889770507812,-0.4703130861281275
0.05º,SWA,Soil C,2.5876134236653647,-0.6098316497358477
0.05º,SWA,Soil C,7.91312493218316,0.7034236008646247
0.05º,SWA,Soil C,1.2678421868218317,-0.9352832995171164
0.05º,SWA,Soil C,4.393053266737196,-0.16461557053573406
0.05º,SWA,Soil C,3.9260116153293185,-0.27978664846496337
0.05º,SWA,Soil C,2.01651848687066,-0.7506619574231802
0.05º,SWA,Soil C,4.434543185763889,-0.15438428027908072
0.05º,SWA,Soil C,12.43614027235243,1.8187856904072632
0.05º,SWA,Soil C,3.939538319905599,-0.27645100347016627
0.05º,SWA,Soil C,1.0875150892469618,-0.9797514238159695
0.05º,SWA,Soil C,4.502891540527344,-0.13752977989551243
0.05º,SWA,Soil C,1.1660559517996651,-0.9603834814185012
0.05º,SWA,Soil C,6.228972329033746,0.28811659319767635
0.05º,SWA,Soil C,9.965902540418837,1.2096324350806056
0.05º,SWA,Soil C,3.445972866482205,-0.39816277184895194
0.05º,SWA,Soil C,4.865879482693142,-0.04801803624582688
0.05º,SWA,Soil C,1.0847863091362848,-0.9804243328505944
0.05º,SWA,Soil C,1.051219516330295,-0.9887018038179896
0.05º,SWA,Soil C,1.759176042344835,-0.8141218365231242
0.05º,SWA,Soil C,1.9541710747612848,-0.766036643250641
0.05º,SWA,Soil C,1.9392500983344183,-0.7697161115243134
0.05º,SWA,Soil C,3.4462995529174805,-0.39808221194860444
0.05º,SWA,Soil C,2.824779086642795,-0.5513473047730972
0.05º,SWA,Soil C,4.230421702067058,-0.20472002921070415
0.05º,SWA,Soil C,3.415050506591797,-0.4057881335484027
0.05º,SWA,Soil C,0.5195494757758247,-1.1198100497073038
0.05º,SWA,Soil C,6.095090230305989,0.2551016670568873
0.05º,SWA,Soil C,1.4274616241455078,-0.8959216224598167
0.05º,SWA,Soil C,1.92348141140408,-0.7736046226791988
0.05º,SWA,Soil C,3.655381520589193,-0.3465232224672024
0.05º,SWA,Soil C,7.641605801052517,0.6364677931407133
0.05º,SWA,Soil C,4.264169057210286,-0.1963980321096109
0.05º,SWA,Soil C,3.2375534057617186,-0.4495583890926139
0.05º,SWA,Soil C,5.093839009602864,0.008196103026949458
0.05º,SWA,Soil C,3.3601048787434897,-0.41933756145855133
0.05º,SWA,Soil C,2.266352335611979,-0.6890536756435812
0.05º,SWA,Soil C,1.6422051323784723,-0.8429665139658729
0.05º,SWA,Soil C,3.4441420237223306,-0.398614252211652
0.05º,SWA,Soil C,3.2018864949544272,-0.45835374289392616
0.05º,SWA,Soil C,1.2895208994547527,-0.9299373936551335
0.05º,SWA,Soil C,5.720374425252278,0.16269786740633876
0.05º,SWA,Soil C,2.0607528686523438,-0.7397538908385995
0.05º,SWA,Soil C,1.4645567999945746,-0.8867740627600925
0.05º,SWA,Soil C,1.6838898128933377,-0.8326871961072609
0.05º,SWA,Soil C,1.26513671875,-0.935950459872508
0.05º,SWA,Soil C,4.78339343600803,-0.06835884928082647
0.05º,SWA,Soil C,2.0681415134006076,-0.7379318730859462
0.05º,SWA,Soil C,1.5080689324273004,-0.8760441007103054
0.05º,SWA,Soil C,4.318360010782878,-0.18303470462446203
0.05º,SWA,Soil C,1.1131517622205946,-0.9734294967416027
0.05º,SWA,Soil C,0.8777923583984375,-1.0314684235852085
0.05º,SWA,Soil C,19.73478020562066,3.6186085241906962
0.05º,SWA,Soil C,2.38199700249566,-0.6605360457884905
0.05º,SWA,Soil C,0.8253911336263021,-1.0443904092873961
0.05º,SWA,Soil C,3.808526780870226,-0.30875805815444735
0.05º,SWA,Soil C,1.325286865234375,-0.9211176131931516
0.05º,SWA,Soil C,0.5022178226047092,-1.1240839836744259
0.05º,SWA,Soil C,1.2538350423177083,-0.9387374195648411
0.05º,SWA,Soil C,24.74517313639323,4.854156473600706
0.05º,SWA,Soil C,5.609416325887044,0.13533593112003467
0.05º,SWA,Soil C,4.892287784152561,-0.04150582788883568
0.05º,SWA,Soil C,4.795816633436415,-0.06529532585664868
0.05º,SWA,Soil C,1.0916548834906683,-0.9787305629055654
0.05º,SWA,Soil C,1.7516492207845051,-0.8159779282654155
0.05º,SWA,Soil C,4.650922139485677,-0.10102587580655668
0.05º,SWA,Soil C,5.278776380750868,0.05380110703527991
0.05º,SWA,Soil C,5.887328677707249,0.20386828799333503
0.05º,SWA,Soil C,0.7166663275824653,-1.0712016221031442
0.05º,SWA,Soil C,1.0873858133951824,-0.9797833028553544
0.05º,SWA,Soil C,2.8893250359429254,-0.5354304662332102
0.05º,SWA,Soil C,5.211576461791992,0.037229807495035044
0.05º,SWA,Soil C,2.192479027642144,-0.7072706130054558
0.05º,SWA,Soil C,2.5307824876573353,-0.6238459890138143
0.05º,SWA,Soil C,2.368708292643229,-0.663813001994387
0.05º,SWA,Soil C,7.220459408230251,0.5326143490610813
0.05º,SWA,Soil C,0.8421732584635416,-1.0402519873680203
0.05º,SWA,Soil C,3.008994632297092,-0.5059203007781198
0.05º,SWA,Soil C,1.6047604878743489,-0.8522002515933772
0.05º,SWA,Soil C,1.5779495239257812,-0.8588117553189444
0.05º,SWA,Soil C,4.1501049465603295,-0.2245259015126798
0.05º,SWA,Soil C,4.480373806423611,-0.14308258594917603
0.05º,SWA,Soil C,1.0434218512641058,-0.9906246847608281
0.05º,SWA,Soil C,8.970079210069445,0.9640653726190752
0.05º,SWA,Soil C,1.4322646458943684,-0.8947372116252235
0.05º,SWA,Soil C,13.047678629557291,1.9695892249143911
0.05º,SWA,Soil C,0.746506585015191,-1.0638431036415619
0.05º,SWA,Soil C,7.598509894476996,0.6258404711456019
0.05º,SWA,Soil C,5.096391042073567,0.008825426620841485
0.05º,SWA,Soil C,1.8744532267252605,-0.7856948267570394
0.05º,SWA,Soil C,4.536867565578884,-0.1291513934772119
0.05º,SWA,Soil C,4.177547454833984,-0.21775866084060871
0.05º,SWA,Soil C,1.5236515469021268,-0.8722014744678462
0.05º,SWA,Soil C,1.4831746419270833,-0.8821829584814499
0.05º,SWA,Soil C,4.908455742730035,-0.037518857536898965
0.05º,SWA,Soil C,2.5514166090223522,-0.6187576762422065
0.05º,SWA,Soil C,1.8270314534505208,-0.7973888945749814
0.05º,SWA,Soil C,0.6773959265814887,-1.0808855858360613
0.05º,SWA,Soil C,4.305403815375434,-0.1862296637602028
0.05º,SWA,Soil C,1.888623555501302,-0.7822004659546814
0.05º,SWA,Soil C,3.292364332411024,-0.43604217809629
0.05º,SWA,Soil C,4.006405353546143,-0.2599617924563377
0.05º,SWA,Soil C,7.733299255371094,0.6590791254300092
0.05º,SWA,Soil C,1.0808978610568576,-0.9813832125467189
0.05º,SWA,Soil C,3.2009463840060763,-0.45858557144919154
0.05º,SWA,Soil C,1.2172798580593533,-0.9477518189492325
0.05º,SWA,Soil C,1.8137732611762152,-0.8006583252371542
0.05º,SWA,Soil C,1.637748294406467,-0.8440655569138508
0.05º,SWA,Soil C,4.059253692626953,-0.24692954969949032
0.05º,SWA,Soil C,2.455256144205729,-0.6424705599940547
0.05º,SWA,Soil C,0.9663045671251085,-1.009641576968385
0.05º,SWA,Soil C,1.8696356879340277,-0.7868828174509735
0.05º,SWA,Soil C,3.2455295986599393,-0.4475914837189917
0.05º,SWA,Soil C,4.380322774251302,-0.16775487200435177
0.05º,SWA,Soil C,2.121726565890842,-0.7247179590001446
0.05º,SWA,Soil C,3.503040737575955,-0.38409000508568625
0.05º,SWA,Soil C,1.6552975972493489,-0.8397379511869772
0.05º,SWA,Soil C,3.016423906598772,-0.5040882638988026
0.05º,SWA,Soil C,12.431577894422743,1.8176606216205744
0.05º,SWA,Soil C,1.8354979621039496,-0.7953010787988656
0.05º,SWA,Soil C,0.8217413160536025,-1.045290443412459
0.05º,SWA,Soil C,1.259378645155165,-0.9373703836431481
0.05º,SWA,Soil C,2.197874281141493,-0.7059401595879752
0.05º,SWA,Soil C,1.7342775132921007,-0.8202617395086748
0.05º,SWA,Soil C,4.417245229085286,-0.15864990479167473
0.05º,SWA,Soil C,1.2263637118869357,-0.9455117676948733
0.05º,SWA,Soil C,1.3494074079725478,-0.9151695593118344
0.05º,SWA,Soil C,5.374668969048394,0.07744793323666489
0.05º,SWA,Soil C,4.121938069661458,-0.23147176932674735
0.05º,SWA,Soil C,7.8136411394391745,0.6788911943602494
0.05º,SWA,Soil C,5.514014350043403,0.1118100884861519
0.05º,SWA,Soil C,2.5250350104437933,-0.6252632997484392
0.05º,SWA,Soil C,2.3131103515625,-0.6775232884016291
0.05º,SWA,Soil C,11.93572743733724,1.6953853781554789
0.05º,SWA,Soil C,3.7724104987250433,-0.3176642255870908
0.05º,SWA,Soil C,2.1360352834065757,-0.7211894719474283
0.05º,SWA,Soil C,3.1701872083875866,-0.4661706923940088
0.05º,SWA,Soil C,4.180239359537761,-0.21709484517131644
0.05º,SWA,Soil C,3.333466000027127,-0.4259066294792323
0.05º,SWA,Soil C,2.053041246202257,-0.7416555539289951
0.05º,SWA,Soil C,1.8956915537516277,-0.7804575186718468
0.05º,SWA,Soil C,8.758125729031033,0.9117982765079239
0.05º,SWA,Soil C,2.918453640407986,-0.5282474392704064
0.05º,SWA,Soil C,7.351256476508246,0.5648685158964156
0.05º,SWA,Soil C,1.1641883850097656,-0.9608440178174479
0.05º,SWA,Soil C,1.9395713806152344,-0.7696368842723337
0.05º,SWA,Soil C,3.6286214192708335,-0.35312218361989683
0.05º,SWA,Soil C,2.4754765828450522,-0.6374842601484786
0.05º,SWA,Soil C,4.3798400031195746,-0.1678739219252026
0.05º,SWA,Soil C,0.9226837158203125,-1.0203983487676878
0.05º,SWA,Soil C,2.2802217271592884,-0.6856335250640536
0.05º,SWA,Soil C,2.9009420606825085,-0.532565742589066
0.05º,SWA,Soil C,1.8535457187228732,-0.7908505558578387
0.05º,SWA,Soil C,5.921588473849827,0.21231665151612172
0.05º,SWA,Soil C,1.4767672220865886,-0.883763009099099
0.05º,SWA,Soil C,1.6599244011773004,-0.838596995141316
0.05º,SWA,Soil C,2.1100050608317056,-0.7276084471793984
0.05º,SWA,Soil C,4.464613808525933,-0.1469689544145289
0.05º,SWA,Soil C,1.7342955271402996,-0.8202572973474489
0.05º,SWA,Soil C,1.4204254150390625,-0.8976567306346057
0.05º,SWA,Soil C,1.31071048312717,-0.9247121055356108
0.05º,SWA,Soil C,3.36397467719184,-0.4183832807058136
0.05º,SWA,Soil C,7.662936687469482,0.6417279260954984
0.05º,SWA,Soil C,2.6189804077148438,-0.6020966450452008
0.05º,SWA,Soil C,5.567954593234592,0.12511159153918197
0.05º,SWA,Soil C,3.957831064860026,-0.2719400671364689
0.05º,SWA,Soil C,5.280719333224827,0.054280233319020474
0.05º,SWA,Soil C,3.4132701328822543,-0.4062271683938533
0.05º,SWA,Soil C,1.1342279646131728,-0.9682321681074421
0.05º,SWA,Soil C,1.5541487799750433,-0.8646809477733239
0.05º,SWA,Soil C,2.3800888061523438,-0.6610066013141012
0.05º,SWA,Soil C,6.455920749240452,0.3440813965738858
0.05º,SWA,Soil C,10.302984619140625,1.2927558700889954
0.05º,SWA,Soil C,1.840767330593533,-0.7940016682492449
0.05º,SWA,Soil C,2.805924733479818,-0.5559967320155983
0.05º,SWA,Soil C,2.515872531467014,-0.6275227397300309
0.05º,SWA,Soil C,2.2190178765190973,-0.700726212044758
0.05º,SWA,Soil C,1.7920737796359592,-0.8060093526497267
0.05º,SWA,Soil C,2.4880498250325522,-0.634383736134326
0.05º,SWA,Soil C,0.7777061462402344,-1.0561493849199546
0.05º,SWA,Soil C,4.260877821180555,-0.19720964109592073
0.05º,SWA,Soil C,2.4190735287136502,-0.651393085032153
0.05º,SWA,Soil C,3.5316696166992188,-0.3770302089013575
0.05º,SWA,Soil C,2.317066192626953,-0.6765477897964483
0.05º,SWA,Soil C,7.5017206403944225,0.6019725298366139
0.05º,SWA,Soil C,6.205912272135417,0.2824300519607568
0.05º,SWA,Soil C,1.8924149407280817,-0.7812655216684558
0.05º,SWA,Soil C,1.6965569390190973,-0.829563520594014
0.05º,SWA,Soil C,1.5985811021592882,-0.85372406967598
0.05º,SWA,Soil C,2.8169242011176214,-0.5532842961104177
0.05º,SWA,Soil C,3.0149514940049915,-0.5044513564518353
0.05º,SWA,Soil C,1.9918284946017795,-0.7567504358599523
0.05º,SWA,Soil C,2.889852099948459,-0.535300493821816
0.05º,SWA,Soil C,1.9660347832573786,-0.7631110881280637
0.05º,SWA,Soil C,2.9008199903700085,-0.5325958447639606
0.05º,SWA,Soil C,1.1715660095214844,-0.9590247176222503
0.05º,SWA,Soil C,3.342049492730035,-0.4237899657855091
0.05º,SWA,Soil C,3.6767756144205728,-0.3412475027525869
0.05º,SWA,Soil C,8.034867604573568,0.733444980685722
0.05º,SWA,Soil C,6.871713426378038,0.44661463033721643
0.05º,SWA,Soil C,6.767911275227864,0.4210173295326726
0.05º,SWA,Soil C,1.759386698404948,-0.8140698893671428
0.05º,SWA,Soil C,1.3074417114257812,-0.9255181748855684
0.05º,SWA,Soil C,1.1130597856309679,-0.9734521778942142
0.05º,SWA,Soil C,3.2424127790662975,-0.448360082132492
0.05º,SWA,Soil C,1.7486243777804904,-0.8167238455263041
0.05º,SWA,Soil C,1.0845364464653864,-0.9804859482398319
0.05º,SWA,Soil C,2.3861596849229603,-0.6595095407202936
0.05º,SWA,Soil C,4.189993116590712,-0.21468959778007868
0.05º,SWA,Soil C,2.458296457926432,-0.6417208277005839
0.05º,SWA,Soil C,2.4780057271321616,-0.6368605807123793
0.05º,SWA,Soil C,4.918808831108941,-0.034965816828643415
0.05º,SWA,Soil C,0.8404873741997613,-1.0406677213980329
0.05º,SWA,Soil C,6.504991319444445,0.3561820527957871
0.05º,SWA,Soil C,3.6542765299479165,-0.34679570986286373
0.05º,SWA,Soil C,1.413429684109158,-0.8993818570118167
0.05º,SWA,Soil C,2.13413143157959,-0.7216589561282729
0.05º,SWA,Soil C,8.237726847330729,0.7834694647672188
0.05º,SWA,Soil C,1.9322708977593317,-0.7714371615653408
0.05º,SWA,Soil C,4.1587539248996315,-0.22239308925638268
0.05º,SWA,Soil C,1.5379871792263455,-0.8686663503036516
0.05º,SWA,Soil C,5.256711959838867,0.048360086662345175
0.05º,SWA,Soil C,15.679478115505642,2.6185831267999284
0.05º,SWA,Soil C,3.2925987243652344,-0.43598437773963455
0.05º,SWA,Soil C,1.3321384853786893,-0.9194280241057466
0.05º,SWA,Soil C,3.51731448703342,-0.38057014105182013
0.05º,SWA,Soil C,4.612666659884983,-0.11045956294994115
0.05º,SWA,Soil C,1.3507198757595487,-0.9148459086709962
0.05º,SWA,Soil C,3.7673602634006076,-0.3189095985519178
0.05º,SWA,Soil C,2.261280059814453,-0.6903044837233198
0.05º,SWA,Soil C,2.442243364122179,-0.6456794727421162
0.05º,SWA,Soil C,9.437898423936632,1.0794281951310973
0.05º,SWA,Soil C,1.7774331834581163,-0.8096196799904377
0.05º,SWA,Soil C,3.1209822760687933,-0.4783044819125824
0.05º,SWA,Soil C,1.1867357889811199,-0.9552838952629419
0.05º,SWA,Soil C,4.981853908962673,-0.019419088709944306
0.05º,SWA,Soil C,3.209580315483941,-0.45645646970403614
0.05º,SWA,Soil C,2.4286861419677734,-0.6490226432806371
0.05º,SWA,Soil C,1.3748961554633246,-0.9088841102202393
0.05º,SWA,Soil C,4.166862063937717,-0.2203936463582997
0.05º,SWA,Soil C,4.027197943793403,-0.254834401731123
0.05º,SWA,Soil C,15.164869520399305,2.491682182459349
0.05º,SWA,Soil C,5.432693905300564,0.09175670941282005
0.05º,SWA,Soil C,1.8159739176432292,-0.8001156499175249
0.05º,SWA,Soil C,0.6470425923665365,-1.0883706275014977
0.05º,SWA,Soil C,1.4239976671006944,-0.8967758239331737
0.05º,SWA,Soil C,2.6144783020019533,-0.6032068508830354
0.05º,SWA,Soil C,2.0365914238823786,-0.7457120310389352
0.05º,SWA,Soil C,4.008147769504124,-0.2595321178791842
0.05º,SWA,Soil C,2.0138142903645835,-0.75132880421425
0.05º,SWA,Soil C,4.326633453369141,-0.1809944983645426
0.05º,SWA,Soil C,22.06131362915039,4.19232472577267
0.05º,SWA,Soil C,1.5149913363986545,-0.8743370565423193
0.05º,SWA,Soil C,6.8325013054741754,0.4369450383023828
0.05º,SWA,Soil C,1.3707167307535808,-0.9099147438853401
0.05º,SWA,Soil C,3.0208748711480036,-0.5029906693193588
0.05º,SWA,Soil C,1.6638370090060763,-0.8376321577230771
0.05º,SWA,Soil C,9.990285237630209,1.215645135472938
0.05º,SWA,Soil C,1.1657324896918402,-0.9604632462093182
0.05º,SWA,Soil C,3.7159144083658853,-0.3315959929269783
0.05º,SWA,Soil C,2.005925496419271,-0.753274157266819
0.05º,SWA,Soil C,3.710261027018229,-0.3329900999017884
0.05º,SWA,Soil C,1.972624037000868,-0.7614861978123945
0.05º,SWA,Soil C,9.915670606825087,1.1972453901114422
0.05º,SWA,Soil C,1.6975491841634114,-0.8293188359015541
0.05º,SWA,Soil C,3.8980712890625,-0.2866766495690267
0.05º,SWA,Soil C,7.394125196668837,0.5754398143993619
0.05º,SWA,Soil C,2.3034439086914062,-0.6799070043761021
0.05º,SWA,Soil C,3.956639183892144,-0.2722339814274545
0.05º,SWA,Soil C,1.1926651000976562,-0.9538217448302969
0.05º,SWA,Soil C,2.6863301595052085,-0.5854883971757013
0.05º,SWA,Soil C,7.028202480740017,0.4852043642949164
0.05º,SWA,Soil C,0.9434170193142362,-1.0152855779789776
0.05º,SWA,Soil C,4.7707091437445746,-0.07148675791241815
0.05º,SWA,Soil C,3.05326165093316,-0.49500418604261237
0.05º,SWA,Soil C,5.343170166015625,0.06968042237798923
0.05º,SWA,Soil C,1.9406945364815849,-0.7693599173863606
0.05º,SWA,Soil C,11.730673895941841,1.6448197865759617
0.05º,SWA,Soil C,6.479744805230035,0.3499563377074986
0.05º,SWA,Soil C,1.1813447740342882,-0.9566133034660166
0.05º,SWA,Soil C,1.8831515842013888,-0.7835498377529119
0.05º,SWA,Soil C,1.572405497233073,-0.860178895762078
0.05º,SWA,Soil C,3.3148335350884333,-0.4305013397475759
0.05º,SWA,Soil C,3.2464786105685763,-0.44735746021347367
0.05º,SWA,Soil C,1.160544925265842,-0.9617424841209018
0.05º,SWA,Soil C,2.0944525400797525,-0.7314436523995745
0.05º,SWA,Soil C,3.5838902791341147,-0.36415274933286834
0.05º,SWA,Soil C,2.9544859992133246,-0.5193619670830031
0.05º,SWA,Soil C,3.065119425455729,-0.49208009422020366
0.05º,SWA,Soil C,6.480605231391059,0.35016851623192985
0.05º,SWA,Soil C,4.462094200981988,-0.14759028211821454
0.05º,SWA,Soil C,6.995637681749132,0.47717398201311545
0.05º,SWA,Soil C,3.13177490234375,-0.4756430524704178
0.05º,SWA,Soil C,15.116585625542534,2.479775518031214
0.05º,SWA,Soil C,2.0634943644205728,-0.7390778461607564
0.05º,SWA,Soil C,2.073419358995226,-0.7366303721075135
0.05º,SWA,Soil C,1.34050538804796,-0.9173647708681734
0.05º,SWA,Soil C,1.588971455891927,-0.8560937797774117
0.05º,SWA,Soil C,2.313658078511556,-0.6773882205700053
0.05º,SWA,Soil C,12.506633758544922,1.8361691738017414
0.05º,SWA,Soil C,3.5962240431043835,-0.36111127993265846
0.05º,SWA,Soil C,5.149637858072917,0.02195593259703928
0.05º,SWA,Soil C,2.3380331993103027,-0.6713773884984239
0.05º,SWA,Soil C,2.158904605441623,-0.7155499653587818
0.05º,SWA,Soil C,6.086989266531808,0.2531039935574776
0.05º,SWA,Soil C,0.8012602064344618,-1.050341023944008
0.05º,SWA,Soil C,1.2350667317708333,-0.9433656289548991
0.05º,SWA,Soil C,0.8466322157118056,-1.0391524218128394
0.05º,SWA,Soil C,7.045431772867839,0.48945305633413216
0.05º,SWA,Soil C,8.729341295030382,0.9047001209548927
0.05º,SWA,Soil C,3.343189239501953,-0.4235089076317181
0.05º,SWA,Soil C,2.2938694424099393,-0.6822680391979634
0.05º,SWA,Soil C,6.605821821424696,0.3810465537802382
0.05º,SWA,Soil C,2.721318562825521,-0.576860361296512
0.05º,SWA,Soil C,0.8318038516574435,-1.0428090521517392
0.05º,SWA,Soil C,2.1110176510281033,-0.7273587454577893
0.05º,SWA,Soil C,3.2934000227186413,-0.4357867799561679
0.05º,SWA,Soil C,1.4575174119737413,-0.888509954845686
0.05º,SWA,Soil C,4.761812845865886,-0.0736805584293089
0.05º,SWA,Soil C,2.139572991265191,-0.7203170837434059
0.05º,SWA,Soil C,1.9956529405381944,-0.7558073389013593
0.05º,SWA,Soil C,4.568929290771484,-0.1212450676932667
0.05º,SWA,Soil C,1.6396056281195746,-0.8436075439611128
0.05º,SWA,Soil C,14.005477905273438,2.2057796689391083
0.05º,SWA,Soil C,6.298064095633371,0.3051544167222514
0.05º,SWA,Soil C,5.324293772379558,0.06502556002057666
0.05º,SWA,Soil C,4.483422173394097,-0.14233086774833362
0.05º,SWA,Soil C,0.929872088962131,-1.018625717395721
0.05º,SWA,Soil C,1.1770184834798176,-0.9576801538102877
0.05º,SWA,Soil C,1.3384645250108507,-0.9178680416046939
0.05º,SWA,Soil C,2.4470401340060763,-0.644496603598772
0.05º,SWA,Soil C,2.473388248019748,-0.6379992372863471
0.05º,SWA,Soil C,7.000585767957899,0.4783941653107562
0.05º,SWA,Soil C,2.3330663045247397,-0.6726022099349916
0.05º,SWA,Soil C,1.8094240824381511,-0.8017308197392179
0.05º,SWA,Soil C,1.7723019917805989,-0.8108850165504208
0.05º,SWA,Soil C,2.049530453152127,-0.7425213050215391
0.05º,SWA,Soil C,2.024921417236328,-0.7485898198631554
0.05º,SWA,Soil C,4.3538025750054254,-0.1742946740216628
0.05º,SWA,Soil C,1.4837286207411025,-0.8820463489585771
0.05º,SWA,Soil C,0.5796407063802084,-1.1049917315081916
0.05º,SWA,Soil C,2.6392529805501304,-0.5970974890624301
0.05º,SWA,Soil C,1.7065370347764757,-0.8271024587534921
0.05º,SWA,Soil C,0.9319127400716146,-1.0181224989199207
0.05º,SWA,Soil C,3.8992182413736978,-0.2863938145507455
0.05º,SWA,Soil C,12.413333347865514,1.8131615708678375
0.05º,SWA,Soil C,3.834649827745226,-0.30231619272698457
0.05º,SWA,Soil C,3.100049760606554,-0.4834663777783773
0.05º,SWA,Soil C,2.0634032355414496,-0.7391003182704868
0.05º,SWA,Soil C,3.1882955763075085,-0.46170522288697524
0.05º,SWA,Soil C,1.894894493950738,-0.7806540712409075
0.05º,SWA,Soil C,2.7322120666503906,-0.5741740557514832
0.05º,SWA,Soil C,3.5234502156575522,-0.3790570886775997
0.05º,SWA,Soil C,3.4327273898654513,-0.4014290668679066
0.05º,SWA,Soil C,1.2118545532226563,-0.9490896829368523
0.05º,SWA,Soil C,0.5611339145236545,-1.1095554511693955
0.05º,SWA,Soil C,1.3754831949869792,-0.9087393480249991
0.05º,SWA,Soil C,1.9638231065538194,-0.7636564810051487
0.05º,SWA,Soil C,1.299955791897244,-0.927364180308841
0.05º,SWA,Soil C,8.379773457845053,0.8184977351576916
0.05º,SWA,Soil C,1.4983611636691623,-0.8784380075252375
0.05º,SWA,Soil C,1.4264098273383246,-0.8961809924146819
0.05º,SWA,Soil C,10.482361051771376,1.3369895632487117
0.05º,SWA,Soil C,4.753803888956706,-0.07565554331028994
0.05º,SWA,Soil C,6.198361714680989,0.2805681070177916
0.05º,SWA,Soil C,8.472119649251303,0.8412700304655216
0.05º,SWA,Soil C,0.9622717963324653,-1.010636046215036
0.05º,SWA,Soil C,3.5802209642198353,-0.3650575914441992
0.05º,SWA,Soil C,1.424483405219184,-0.8966560423622386
0.05º,SWA,Soil C,6.000735812717014,0.23183414916346373
0.05º,SWA,Soil C,3.1811565823025174,-0.4634656775111113
0.05º,SWA,Soil C,3.712860531277127,-0.3323490699065484
0.05º,SWA,Soil C,1.1321849822998047,-0.9687359614511656
0.05º,SWA,Soil C,1.6241408454047308,-0.8474211132430833
0.05º,SWA,Soil C,2.240375730726454,-0.6954594289133145
0.05º,SWA,Soil C,7.642599317762587,0.6367127913974951
0.05º,SWA,Soil C,3.278649648030599,-0.439424178349996
0.05º,SWA,Soil C,2.725131564670139,-0.5759200864168156
0.05º,SWA,Soil C,10.844930860731337,1.426398196497239
0.05º,SWA,Soil C,1.704613791571723,-0.8275767247902444
0.05º,SWA,Soil C,4.843906826443142,-0.05343642772687035
0.05º,SWA,Soil C,0.60954835679796,-1.0976165941375529
0.05º,SWA,Soil C,3.890117645263672,-0.2886379944020086
0.05º,SWA,Soil C,6.360744900173611,0.32061131612856636
0.05º,SWA,Soil C,1.2281481424967449,-0.9450717324299196
0.05º,SWA,Soil C,0.7381871541341146,-1.0658946504777873
0.05º,SWA,Soil C,0.7362963358561198,-1.066360920624333
0.05º,SWA,Soil C,5.260697258843316,0.049342849507648265
0.05º,SWA,Soil C,5.334950341118707,0.06765343808030645
0.05º,SWA,Soil C,8.228703816731771,0.7812444123395869
0.05º,SWA,Soil C,1.665682898627387,-0.8371769668492356
0.05º,SWA,Soil C,4.369147406684028,-0.17051068430738398
0.05º,SWA,Soil C,1.5557371775309246,-0.8642892536746508
0.05º,SWA,Soil C,1.035355461968316,-0.9926138322970113
0.05º,SWA,Soil C,0.5251490275065104,-1.1184292169554506
0.05º,SWA,Soil C,2.3748304578993054,-0.662303294306266
0.05º,SWA,Soil C,2.0328394571940103,-0.7466372548311845
0.05º,SWA,Soil C,2.5825297037760415,-0.6110852798944827
0.05º,SWA,Soil C,2.6224034627278647,-0.6012525298908622
0.05º,SWA,Soil C,3.5922143724229603,-0.3621000527607963
0.05º,SWA,Soil C,1.4448479546440973,-0.8916342052268563
0.05º,SWA,Soil C,3.461095174153646,-0.39443365589099144
0.05º,SWA,Soil C,5.520497639973958,0.11340884844166961
0.05º,SWA,Soil C,3.494057125515408,-0.38630533701934205
0.05º,SWA,Soil C,2.6197967529296875,-0.6018953367505925
0.05º,SWA,Soil C,5.186709086100261,0.03109758683536922
0.05º,SWA,Soil C,2.8775422837999134,-0.5383360577606315
0.05º,SWA,Soil C,19.24399905734592,3.4975833571552553
0.05º,SWA,Soil C,3.5614505343967013,-0.36968632344146024
0.05º,SWA,Soil C,3.177262200249566,-0.4644260205074042
0.05º,SWA,Soil C,2.413612789577908,-0.6527396870122074
0.05º,SWA,Soil C,10.042586432562935,1.2285424541151424
0.05º,SWA,Soil C,3.3473748101128473,-0.4224767584057284
0.05º,SWA,Soil C,4.667991638183594,-0.09681658835044969
0.05º,SWA,Soil C,2.1488333808051214,-0.718033499309034
0.05º,SWA,Soil C,1.8012491861979167,-0.8037467247641964
0.05º,SWA,Soil C,8.170021904839409,0.7667736279304911
0.05º,SWA,Soil C,3.291822221544054,-0.43617586101882566
0.05º,SWA,Soil C,5.031929228040907,-0.007070664413085107
0.05º,SWA,Soil C,14.206401824951172,2.2553269081227962
0.05º,SWA,Soil C,4.665899488661024,-0.09733250618128367
0.05º,SWA,Soil C,2.042265150282118,-0.7443129070349761
0.05º,SWA,Soil C,2.3520575629340277,-0.6679190222671747
0.05º,SWA,Soil C,5.4654388427734375,0.09983151330687905
0.05º,SWA,Soil C,34.30864969889323,7.212481263549981
0.05º,SWA,Soil C,1.945193608601888,-0.7682504596234081
0.05º,SWA,Soil C,1.0056067572699652,-0.9999497741274226
0.05º,SWA,Soil C,5.2937206692165795,0.057486323988185546
0.05º,SWA,Soil C,1.507907019721137,-0.8760840279006171
0.05º,SWA,Soil C,1.6805038452148438,-0.8335221656355464
0.05º,SWA,Soil C,6.290280659993489,0.30323504471349016
0.05º,SWA,Soil C,16.564341735839843,2.8367878557936805
0.05º,SWA,Soil C,9.958190494113499,1.2077306674687696
0.05º,SWA,Soil C,1.8250058492024739,-0.7978884025396401
0.05º,SWA,Soil C,2.0574025048149958,-0.740580080565874
0.05º,SWA,Soil C,17.48744074503581,3.0644213176145327
0.05º,SWA,Soil C,1.3104892306857638,-0.9247666657276074
0.05º,SWA,Soil C,1.840348137749566,-0.7941050399540047
0.05º,SWA,Soil C,10.93423122829861,1.4484194007328703
0.05º,SWA,Soil C,4.452422247992621,-0.14997535687141542
0.05º,SWA,Soil C,1.203582763671875,-0.9511294815631535
0.05º,SWA,Soil C,0.5875506930881076,-1.1030411523835923
0.05º,SWA,Soil C,2.498048570421007,-0.6319180753504174
0.05º,SWA,Soil C,1.0378655327690973,-0.9919948563257392
QDS,Cape,Soil C,9.270118708610534,0.3869594231570119
QDS,Cape,Soil C,10.684171997583828,0.6782247215237138
QDS,Cape,Soil C,5.8155105131100395,-0.3246173573284572
QDS,Cape,Soil C,11.012124459042269,0.7457760452833314
QDS,Cape,Soil C,9.784686080276696,0.4929495016122128
QDS,Cape,Soil C,5.287684364668181,-0.43333846551476163
QDS,Cape,Soil C,6.706917628974809,-0.14100620095042002
QDS,Cape,Soil C,10.558740386937316,0.6523884423788886
QDS,Cape,Soil C,9.233524321592768,0.37942174750052
QDS,Cape,Soil C,6.397540637882822,-0.20473136768980574
QDS,Cape,Soil C,9.252481840953493,0.3833265985948542
QDS,Cape,Soil C,10.423029721410652,0.6244348936729075
QDS,Cape,Soil C,5.8996344923973085,-0.3072895832495247
QDS,Cape,Soil C,5.225873942742284,-0.4460701151101525
QDS,Cape,Soil C,6.528554700643777,-0.17774522057790287
QDS,Cape,Soil C,10.483337047309206,0.6368569370347203
QDS,Cape,Soil C,7.888816944869638,0.10244025157574763
QDS,Cape,Soil C,8.014480475023745,0.1283243012714451
QDS,Cape,Soil C,9.701249776120344,0.4757633741768316
QDS,Cape,Soil C,8.162784767762208,0.15887187285900126
QDS,Cape,Soil C,13.731253994835749,1.3058596586212987
QDS,Cape,Soil C,10.56741487979889,0.6541752058419121
QDS,Cape,Soil C,5.554203470547995,-0.37844112359713555
QDS,Cape,Soil C,2.0644313494364424,-1.0972609347128617
QDS,Cape,Soil C,2.1739085132436347,-1.0747109367535947
QDS,Cape,Soil C,10.226021891402455,0.5838554156324604
QDS,Cape,Soil C,11.288836370044283,0.8027728911222466
QDS,Cape,Soil C,6.594355495893038,-0.16419163783070834
QDS,Cape,Soil C,7.7725415338711095,0.07848995738154001
QDS,Cape,Soil C,6.4173035750147065,-0.20066061743929708
QDS,Cape,Soil C,13.296989003817242,1.2164101851357154
QDS,Cape,Soil C,4.56590627519708,-0.582009602751032
QDS,Cape,Soil C,8.78954352726481,0.2879710224554186
QDS,Cape,Soil C,13.702233818901911,1.2998821114751369
QDS,Cape,Soil C,6.2827693013248265,-0.22837185411785377
QDS,Cape,Soil C,9.917825143982204,0.520373354317654
QDS,Cape,Soil C,7.846393142738128,0.09370183875775831
QDS,Cape,Soil C,2.3850806987392565,-1.0312138987743618
QDS,Cape,Soil C,3.4848760946685204,-0.8046791305053055
QDS,Cape,Soil C,9.039273301059126,0.3394101143499421
QDS,Cape,Soil C,11.981495008032306,0.9454460325328778
QDS,Cape,Soil C,9.007837702433267,0.3329350408258428
QDS,Cape,Soil C,11.53628217458012,0.8537415332871036
QDS,Cape,Soil C,10.477609550449468,0.635677192894415
QDS,Cape,Soil C,4.907270558615222,-0.5116957251646278
QDS,Cape,Soil C,2.504420088243811,-1.0066324893168852
QDS,Cape,Soil C,4.024338382039094,-0.6935612219272922
QDS,Cape,Soil C,7.21850156105533,-0.035630648431297304
QDS,Cape,Soil C,10.596823262732013,0.6602327154819609
QDS,Cape,Soil C,12.391875830756295,1.029975868647797
QDS,Cape,Soil C,11.16888508340587,0.7780654436981298
QDS,Cape,Soil C,12.997682646033951,1.1547593574882664
QDS,Cape,Soil C,8.468721660690239,0.22188845157985285
QDS,Cape,Soil C,4.554026769879958,-0.584456531510805
QDS,Cape,Soil C,2.5024158819804443,-1.0070453137414241
QDS,Cape,Soil C,2.5780617722758534,-0.9914638480506193
QDS,Cape,Soil C,3.6871087347078713,-0.7630234512604904
QDS,Cape,Soil C,8.371863813760902,0.20193776803417599
QDS,Cape,Soil C,11.057268178425138,0.7550747039675321
QDS,Cape,Soil C,11.558396462334528,0.8582966124140238
QDS,Cape,Soil C,12.175441217133493,0.9853948809259703
QDS,Cape,Soil C,9.182747572411767,0.3689628029079625
QDS,Cape,Soil C,6.449916872538207,-0.1939429626606703
QDS,Cape,Soil C,5.991261467025029,-0.2884163496086918
QDS,Cape,Soil C,6.054472984340456,-0.27539610377024976
QDS,Cape,Soil C,5.651793186929491,-0.3583396903053134
QDS,Cape,Soil C,4.373542232665746,-0.6216325580383785
QDS,Cape,Soil C,7.34085976694764,-0.01042742615902056
QDS,Cape,Soil C,7.329634785306626,-0.012739536779126214
QDS,Cape,Soil C,6.903215840657552,-0.10057288939103934
QDS,Cape,Soil C,9.684056659274633,0.4722219529680486
QDS,Cape,Soil C,7.614359834459093,0.04590784733330759
QDS,Cape,Soil C,9.442889450920953,0.42254656983704847
QDS,Cape,Soil C,10.773075761088618,0.6965370308299259
QDS,Cape,Soil C,10.968336392713315,0.7367566226748213
QDS,Cape,Soil C,12.183050811122161,0.9869622975720348
QDS,Cape,Soil C,3.9264702827501003,-0.7137199962551591
QDS,Cape,Soil C,3.9220828305120046,-0.7146237193292213
QDS,Cape,Soil C,4.6621604346044325,-0.5621832661642586
QDS,Cape,Soil C,5.3928954993353955,-0.4116671800198595
QDS,Cape,Soil C,7.428503511216906,0.007625345630858545
QDS,Cape,Soil C,10.845525266859267,0.7114601083966346
QDS,Cape,Soil C,11.583770972357854,0.8635232289004641
QDS,Cape,Soil C,8.468647554538869,0.22187318726806354
QDS,Cape,Soil C,9.107326367278693,0.3534276176447459
QDS,Cape,Soil C,10.567475504947431,0.6541876933500679
QDS,Cape,Soil C,8.204501334623856,0.16746461005535876
QDS,Cape,Soil C,2.869143509253616,-0.9315071196648851
QDS,Cape,Soil C,4.938365496619822,-0.505290820578479
QDS,Cape,Soil C,5.950377094769719,-0.29683767218283924
QDS,Cape,Soil C,7.017634031507705,-0.07700514356673223
QDS,Cape,Soil C,10.980362218221027,0.739233690322783
QDS,Cape,Soil C,11.596643413967554,0.8661746816960509
QDS,Cape,Soil C,4.259817606608075,-0.6450574440724682
QDS,Cape,Soil C,10.96917630436445,0.7369296268462886
QDS,Cape,Soil C,8.015591676512672,0.1285531854554724
QDS,Cape,Soil C,6.235243803189789,-0.23816110923452516
QDS,Cape,Soil C,4.693574785560069,-0.5557125692142636
QDS,Cape,Soil C,5.940029944960692,-0.298968967870118
QDS,Cape,Soil C,6.336705983076147,-0.21726202973873526
QDS,Cape,Soil C,10.099661322699653,0.5578277906256754
QDS,Cape,Soil C,7.660008307562932,0.05531047468989588
QDS,Cape,Soil C,6.659884609646269,-0.15069401576945024
QDS,Cape,Soil C,5.8848396979437965,-0.3103370003832206
QDS,Cape,Soil C,6.639136412662008,-0.15496770887021008
QDS,Cape,Soil C,6.4577583682699675,-0.19232777912284849
QDS,Cape,Soil C,4.364776689189849,-0.6234380760169174
QDS,Cape,Soil C,4.0857467651839015,-0.6809123838825282
QDS,Cape,Soil C,7.593524840016844,0.041616275777969336
QDS,Cape,Soil C,4.982849146525065,-0.496128122352659
QDS,Cape,Soil C,4.033688795301649,-0.691635233048367
QDS,Cape,Soil C,9.06177942911784,0.3440459043553245
QDS,Cape,Soil C,5.509770507812501,-0.3875933813298457
QDS,Cape,Soil C,7.143456117565503,-0.051088434682759316
QDS,Cape,Soil C,5.6028808848207685,-0.36841459793333026
QDS,Cape,Soil C,6.220442247748476,-0.2412099189898035
QDS,Cape,Soil C,3.082655560063381,-0.8875281185417053
QDS,Cape,Soil C,4.7302598311959585,-0.5481562197852463
QDS,Cape,Soil C,6.8603807233743455,-0.10939602449730154
QDS,Cape,Soil C,6.301021304660374,-0.22461232451683133
QDS,Cape,Soil C,6.317608846028646,-0.22119563914614931
QDS,Cape,Soil C,10.622424909803604,0.665506117433029
QDS,Cape,Soil C,8.24063086615668,0.17490653523867186
QDS,Cape,Soil C,5.139734200371635,-0.46381309407598403
QDS,Cape,Soil C,5.494149357415492,-0.3908110104437524
QDS,Cape,Soil C,5.530846643385545,-0.38325213976280625
QDS,Cape,Soil C,4.915398942322291,-0.5100214487253024
QDS,Cape,Soil C,1.5029464040720684,-1.2129150486103009
QDS,Cape,Soil C,5.496298943000306,-0.39036824093032046
QDS,Cape,Soil C,5.349278620311193,-0.4206513416365924
QDS,Cape,Soil C,6.309995474381881,-0.22276383391049348
QDS,Cape,Soil C,8.366500197131225,0.2008329755838847
QDS,Cape,Soil C,11.037353193495012,0.7509726350618734
QDS,Cape,Soil C,13.170074479844839,1.1902684569702022
QDS,Cape,Soil C,9.979571923149955,0.5330918948406463
QDS,Cape,Soil C,9.900568508572047,0.5168188496177678
QDS,Cape,Soil C,3.689961064656577,-0.7624359311577981
QDS,Cape,Soil C,4.146654730902778,-0.668366621324387
QDS,Cape,Soil C,6.6639363861083964,-0.14985943485983438
QDS,Cape,Soil C,4.447654142379761,-0.6063670601510591
QDS,Cape,Soil C,2.7168907960255972,-0.9628679830010168
QDS,Cape,Soil C,4.1133507236338565,-0.6752265478134604
QDS,Cape,Soil C,4.396874389521506,-0.6168266234380877
QDS,Cape,Soil C,6.582557268094749,-0.16662182512751253
QDS,Cape,Soil C,10.474209478923253,0.6349768495231477
QDS,Cape,Soil C,6.969517811661384,-0.08691607495743824
QDS,Cape,Soil C,6.457384228497644,-0.19240484406323397
QDS,Cape,Soil C,9.43433679368761,0.4207849019562669
QDS,Cape,Soil C,9.127282638549804,0.35753819067010006
QDS,Cape,Soil C,9.708309783935547,0.4772175876062701
QDS,Cape,Soil C,7.338859278361002,-0.010839484820182647
QDS,Cape,Soil C,3.350083185831705,-0.8324436405957114
QDS,Cape,Soil C,6.508922161526149,-0.18178911157436164
QDS,Cape,Soil C,5.729996948242185,-0.34223135687137424
QDS,Cape,Soil C,3.758342649671766,-0.7483507598862837
QDS,Cape,Soil C,5.926003817561007,-0.3018580557240594
QDS,Cape,Soil C,4.100628003796342,-0.6778471610664447
QDS,Cape,Soil C,16.631000158151526,1.9031465063178994
QDS,Cape,Soil C,3.85582462564148,-0.7282715188579559
QDS,Cape,Soil C,6.982103510183256,-0.08432368521957481
QDS,Cape,Soil C,7.023470981877224,-0.07580285430070048
QDS,Cape,Soil C,8.425783794223262,0.21304415229830737
QDS,Cape,Soil C,10.185386623806423,0.5754854033897374
QDS,Cape,Soil C,7.313137181599936,-0.01613769687919828
QDS,Cape,Soil C,7.865454050699871,0.09762798573390817
QDS,Cape,Soil C,10.51891744825575,0.6441857528428055
QDS,Cape,Soil C,8.078271001180013,0.14146381077844866
QDS,Cape,Soil C,6.357242126464843,-0.21303201522792922
QDS,Cape,Soil C,4.790640674167208,-0.5357190334494871
QDS,Cape,Soil C,5.2420799170600025,-0.4427320245432824
QDS,Cape,Soil C,4.633788512203655,-0.5680272866886191
QDS,Cape,Soil C,6.77687010462322,-0.12659745917943807
QDS,Cape,Soil C,7.892469708244306,0.10319264416411901
QDS,Cape,Soil C,8.141969203249854,0.15458430346141214
QDS,Cape,Soil C,8.594455550445288,0.24778699387658654
QDS,Cape,Soil C,6.530353337747082,-0.17737473908570414
QDS,Cape,Soil C,10.286691241794164,0.5963520284414342
QDS,Cape,Soil C,9.463970820109047,0.4268888894189414
QDS,Cape,Soil C,7.201426968044706,-0.039147656217715494
QDS,Cape,Soil C,13.135689307318792,1.1831858331304308
QDS,Cape,Soil C,15.337411532931856,1.6366944002859218
QDS,Cape,Soil C,7.928256335788304,0.11056393832284817
QDS,Cape,Soil C,5.752231131659612,-0.33765158175432824
QDS,Cape,Soil C,4.249839435153536,-0.6471127379631041
QDS,Cape,Soil C,10.011352753806767,0.5396380789171454
QDS,Cape,Soil C,9.463073499672245,0.4267040602425632
QDS,Cape,Soil C,20.63511771263435,2.7279106812582787
QDS,Cape,Soil C,9.856904734505548,0.5078250286065886
QDS,Cape,Soil C,7.911994267781575,0.1072142936333763
QDS,Cape,Soil C,6.451008311377632,-0.19371814916764774
QDS,Cape,Soil C,16.98079256602696,1.9751964006470015
QDS,Cape,Soil C,14.330722204541404,1.4293375277531233
QDS,Cape,Soil C,14.475870424035996,1.4592350144943647
QDS,Cape,Soil C,18.05946034227099,2.197379322702493
QDS,Cape,Soil C,18.01204452689058,2.1876126599311747
QDS,Cape,Soil C,10.259326774560666,0.5907155225363435
QDS,Cape,Soil C,9.43602729874428,0.4211331105164117
QDS,Cape,Soil C,10.214092441134982,0.5813981992611953
QDS,Cape,Soil C,12.03734598795573,0.9569501621567904
QDS,Cape,Soil C,7.493780178493921,0.021070969016543227
QDS,Cape,Soil C,13.407115758260089,1.239093985131854
QDS,Cape,Soil C,13.378395351833767,1.2331781842124636
QDS,Cape,Soil C,7.1876787821451815,-0.04197949395625888
QDS,Cape,Soil C,5.0338351440429685,-0.4856260769945533
QDS,Cape,Soil C,9.75211461385091,0.4862404631617342
QDS,Cape,Soil C,7.659448580683013,0.05519518270058067
QDS,Cape,Soil C,10.489717991938667,0.6381712777005596
QDS,Cape,Soil C,10.5556436814464,0.6517505860436295
QDS,Cape,Soil C,10.692580185288532,0.6799566317138256
QDS,Cape,Soil C,9.159253396384582,0.36412349575893244
QDS,Cape,Soil C,6.202317794005586,-0.24494317605184077
QDS,Cape,Soil C,9.22154911660185,0.3769551066165582
QDS,Cape,Soil C,18.511588242369154,2.2905081805389735
QDS,Cape,Soil C,16.159003861795455,1.8059251758644006
QDS,Cape,Soil C,14.314008874263546,1.4258949325072143
QDS,Cape,Soil C,12.957829590449258,1.1465504645022542
QDS,Cape,Soil C,16.31216413023611,1.8374729765259172
QDS,Cape,Soil C,22.838831570917968,3.181829482942093
QDS,Cape,Soil C,16.877878773793,1.953998319475084
QDS,Cape,Soil C,19.434312143578428,2.480569937398889
QDS,Cape,Soil C,8.413416289386289,0.21049670587992794
QDS,Cape,Soil C,17.142642280856936,2.008534044884403
QDS,Cape,Soil C,10.138019727963455,0.565728817016374
QDS,Cape,Soil C,9.275651652018235,0.3880990933696247
QDS,Cape,Soil C,5.990926969619025,-0.2884852490536578
QDS,Cape,Soil C,1.2807402434172463,-1.2586848538833666
QDS,Cape,Soil C,0.6762173062279118,-1.3832038907845934
QDS,Cape,Soil C,0.26414899472836834,-1.4680813141690554
QDS,Cape,Soil C,0.6055477990044457,-1.3977603260104652
QDS,Cape,Soil C,2.4878264533148857,-1.0100504298331656
QDS,Cape,Soil C,2.848264694213867,-0.9358077173435703
QDS,Cape,Soil C,12.961121905380875,1.1472286122767068
QDS,Cape,Soil C,8.82560894140613,0.29539974080182385
QDS,Cape,Soil C,14.792189865480877,1.5243901802933333
QDS,Cape,Soil C,12.76078657362196,1.1059637387155983
QDS,Cape,Soil C,11.159105021158854,0.776050956146186
QDS,Cape,Soil C,14.961853408813477,1.5593373092000535
QDS,Cape,Soil C,11.336203282674154,0.8125294809533596
QDS,Cape,Soil C,9.895786039564348,0.5158337613800619
QDS,Cape,Soil C,10.397106840345597,0.6190953242614747
QDS,Cape,Soil C,5.801022491455079,-0.32760158570441833
QDS,Cape,Soil C,5.160629931202641,-0.45950901209934053
QDS,Cape,Soil C,9.853292309846829,0.5070809449470449
QDS,Cape,Soil C,14.95156736301931,1.557218599657341
QDS,Cape,Soil C,12.081977495252533,0.966143315901935
QDS,Cape,Soil C,11.8216376244186,0.9125187667095557
QDS,Cape,Soil C,4.179806075274426,-0.661538140187954
QDS,Cape,Soil C,8.00249571173012,0.12585569157774204
QDS,Cape,Soil C,14.459584098240356,1.455880373209517
QDS,Cape,Soil C,16.522021239566484,1.8806991364168686
QDS,Cape,Soil C,17.595302240307205,2.101772495780175
QDS,Cape,Soil C,17.486748821722767,2.0794127699485703
QDS,Cape,Soil C,19.059446605298884,2.403355504459334
QDS,Cape,Soil C,19.97529868294953,2.59200180989692
QDS,Cape,Soil C,20.520126349725306,2.7042248740199852
QDS,Cape,Soil C,16.20479376675496,1.8153569352147834
QDS,Cape,Soil C,13.17307483042933,1.1908864662171035
QDS,Cape,Soil C,10.771067714394393,0.6961234153572357
QDS,Cape,Soil C,7.749397837222912,0.07372284162846963
QDS,Cape,Soil C,4.04893016980324,-0.6884958297979082
QDS,Cape,Soil C,11.440379780367742,0.8339876529473955
QDS,Cape,Soil C,15.606933370223267,1.6922102418508622
QDS,Cape,Soil C,18.054073028564453,2.1962696491517395
QDS,Cape,Soil C,9.68954861111111,0.47335317977734975
QDS,Cape,Soil C,20.62913402981228,2.7266781681867474
QDS,Cape,Soil C,9.041315333048502,0.33983073008012565
QDS,Cape,Soil C,10.540001068115236,0.6485285360157663
QDS,Cape,Soil C,9.839776009453667,0.5042968707558334
QDS,Cape,Soil C,11.211058680216473,0.7867523194715005
QDS,Cape,Soil C,12.444163352118599,1.040746000600536
QDS,Cape,Soil C,22.048374455769856,3.01901190790087
QDS,Cape,Soil C,20.494471287197538,2.6989404696060664
QDS,Cape,Soil C,12.518690308336453,1.0560969893563532
QDS,Cape,Soil C,9.576996188918347,0.4501697431363779
QDS,Cape,Soil C,10.902747615520937,0.7232467111973581
QDS,Cape,Soil C,9.372523994884641,0.40805276277408675
QDS,Cape,Soil C,8.240528045592496,0.17488535636052155
QDS,Cape,Soil C,8.52161308707962,0.23278297529297903
QDS,Cape,Soil C,10.58980668585027,0.658787447913256
QDS,Cape,Soil C,11.807701680622404,0.9096482547850953
QDS,Cape,Soil C,10.672869463723801,0.6758966367742127
QDS,Cape,Soil C,13.102942248147631,1.176440626259871
QDS,Cape,Soil C,13.905382559762714,1.3417264882613917
QDS,Cape,Soil C,12.223469569138466,0.9952877133855917
QDS,Cape,Soil C,9.530311243074076,0.4405536241494917
QDS,Cape,Soil C,6.110548493002846,-0.26384572593867983
QDS,Cape,Soil C,3.7990797492018027,-0.7399597724024773
QDS,Cape,Soil C,3.459864415200414,-0.8098310115127177
QDS,Cape,Soil C,4.715978180416047,-0.5510979400924069
QDS,Cape,Soil C,0,-1.5224904629350717
QDS,Cape,Soil C,14.2935422639882,1.4216792403583478
QDS,Cape,Soil C,17.752738036289575,2.134200965377455
QDS,Cape,Soil C,15.58452890689052,1.6875953926452172
QDS,Cape,Soil C,19.885906107353442,2.5735888155594386
QDS,Cape,Soil C,10.95436055270108,0.7338778929672272
QDS,Cape,Soil C,7.820541687011716,0.08837698146695995
QDS,Cape,Soil C,9.252264353434242,0.3832818007306721
QDS,Cape,Soil C,4.05223381890191,-0.6878153474229325
QDS,Cape,Soil C,4.867077009412977,-0.5199747526893321
QDS,Cape,Soil C,10.662333955411555,0.6737265431886738
QDS,Cape,Soil C,13.835322654058066,1.3272956181536437
QDS,Cape,Soil C,13.632629545605376,1.2855450920803213
QDS,Cape,Soil C,12.912428466756507,1.1371987859328039
QDS,Cape,Soil C,8.008238428770623,0.12703857075583308
QDS,Cape,Soil C,10.417964545902045,0.6233915738296608
QDS,Cape,Soil C,7.7485012253593,0.0735381584032966
QDS,Cape,Soil C,8.22920492808024,0.1725530318106856
QDS,Cape,Soil C,6.956689130995009,-0.08955851391718618
QDS,Cape,Soil C,6.661878350575762,-0.1502833469840354
QDS,Cape,Soil C,6.915851472824343,-0.09797021437036559
QDS,Cape,Soil C,3.1033585693722663,-0.8832637331536416
QDS,Cape,Soil C,4.618719402494882,-0.5711312070073739
QDS,Cape,Soil C,12.907669870285764,1.1362186149366567
QDS,Cape,Soil C,9.660449280448033,0.4673593284183203
QDS,Cape,Soil C,4.090552617760626,-0.6799224791203939
QDS,Cape,Soil C,3.0587930180199385,-0.8924433013585549
QDS,Cape,Soil C,3.0185787595204636,-0.9007265945638271
QDS,Cape,Soil C,8.216174399020735,0.16986901631849138
QDS,Cape,Soil C,5.188693332351019,-0.4537285404775096
QDS,Cape,Soil C,3.1517509127420134,-0.8732959261125879
QDS,Cape,Soil C,9.39904645221685,0.4135158323122179
QDS,Cape,Soil C,11.522240698363525,0.8508492838990309
QDS,Cape,Soil C,12.77325042959203,1.1085310314451093
QDS,Cape,Soil C,9.44261169384052,0.42248935770824364
QDS,Cape,Soil C,9.42249563910744,0.41834587264337336
QDS,Cape,Soil C,7.319265399509004,-0.0148754126133508
QDS,Cape,Soil C,10.712176818847656,0.6839931269188438
QDS,Cape,Soil C,10.594834709167477,0.65982311518485115
QDS,Cape,Soil C,11.622868631150988,0.8715765260022231
QDS,Cape,Soil C,13.037842393804482,1.1630314226274863
QDS,Cape,Soil C,12.897189361367912,1.1340598500719965
QDS,Cape,Soil C,12.293240290709901,1.0096590176315012
QDS,Cape,Soil C,4.712619213960612,-0.5517898166818361
QDS,Cape,Soil C,3.9833047827132577,-0.7020132821458834
QDS,Cape,Soil C,3.0614995016993825,-0.8918858225262049
QDS,Cape,Soil C,5.072260377173327,-0.477711285465975
QDS,Cape,Soil C,4.319411793758995,-0.6327822923248019
QDS,Cape,Soil C,5.86905404061982,-0.31358851447129354
QDS,Cape,Soil C,6.309558773907752,-0.22285378504238218
QDS,Cape,Soil C,7.675536237003827,0.058508902243431256
QDS,Cape,Soil C,13.035642483258489,1.1625782872283077
QDS,Cape,Soil C,15.805705361366275,1.733153100057605
QDS,Cape,Soil C,17.733425678979785,2.130223025113206
QDS,Cape,Soil C,21.957973879314608,3.0003912865430444
QDS,Cape,Soil C,9.642650255475726,0.4636931028526915
QDS,Cape,Soil C,2.065826997236775,-1.0969734605588475
QDS,Cape,Soil C,4.222107839873345,-0.6528248645402672
QDS,Cape,Soil C,8.987238751613736,0.3286920893025321
QDS,Cape,Soil C,12.745496284484863,1.1028142600768809
QDS,SWA,Soil C,11.597102968730628,0.8662693403317802
QDS,SWA,Soil C,6.364258245437866,-0.21158684197880967
QDS,SWA,Soil C,6.028437450953892,-0.28075887719548587
QDS,SWA,Soil C,3.8359914507184727,-0.732356736619235
QDS,SWA,Soil C,6.0602309912192736,-0.27421007520637997
QDS,SWA,Soil C,8.4153388647748,0.2108927160575738
QDS,SWA,Soil C,5.202091860384994,-0.45096872492040024
QDS,SWA,Soil C,8.555110167099093,0.23968267071631694
QDS,SWA,Soil C,8.185565566833816,0.16356423932804817
QDS,SWA,Soil C,4.507661488276871,-0.594006806373349
QDS,SWA,Soil C,1.6944963394740575,-1.1734597823045367
QDS,SWA,Soil C,6.881206496107116,-0.10510635242056406
QDS,SWA,Soil C,5.768578481916433,-0.33428437071130246
QDS,SWA,Soil C,3.2808654765912646,-0.8467010359084544
QDS,SWA,Soil C,3.4565901729165813,-0.8105054367010484
QDS,SWA,Soil C,8.319405024102554,0.19113235840715367
QDS,SWA,Soil C,5.4482379793334275,-0.4002677907078175
QDS,SWA,Soil C,6.1965007199238364,-0.24614137121976973
QDS,SWA,Soil C,4.897889502276352,-0.5136280258741149
QDS,SWA,Soil C,3.013103951444531,-0.9018542901182816
QDS,SWA,Soil C,5.430731111135542,-0.40387383810991073
QDS,SWA,Soil C,7.6706936577154865,0.05751143254955068
QDS,SWA,Soil C,5.389083081255055,-0.41245245812665216
QDS,SWA,Soil C,4.07043469170064,-0.68406634963933
QDS,SWA,Soil C,1.3439389004102194,-1.2456672570014287
QDS,SWA,Soil C,1.0306335722307942,-1.310201578730078
QDS,SWA,Soil C,1.8743558235391546,-1.1364125036066184
QDS,SWA,Soil C,7.851006938664601,0.09465218388096297
QDS,SWA,Soil C,9.0690435187343,0.34554215435240715
QDS,SWA,Soil C,8.881909624735515,0.3069964998886676
QDS,SWA,Soil C,4.7214121916698435,-0.5499786478270396
QDS,SWA,Soil C,3.713259404240064,-0.7576369622058146
QDS,SWA,Soil C,3.064306375913764,-0.8913076653507257
QDS,SWA,Soil C,2.241202352702269,-1.0608498182363493
QDS,SWA,Soil C,2.7571956062755087,-0.9545660380357194
QDS,SWA,Soil C,7.6125257309361505,0.04553006050305792
QDS,SWA,Soil C,13.633992430302138,1.2858258177226554
QDS,SWA,Soil C,9.53122277176171,0.4407413799273283
QDS,SWA,Soil C,8.262792675620632,0.17947140284033833
QDS,SWA,Soil C,7.312907970495392,-0.016184909555887857
QDS,SWA,Soil C,6.018935087029233,-0.28271616472155536
QDS,SWA,Soil C,4.011352611043533,-0.6962360181977284
QDS,SWA,Soil C,3.3306988830268964,-0.8364364001218907
QDS,SWA,Soil C,4.654200391462672,-0.5638228679803825
QDS,SWA,Soil C,3.0878667903887598,-0.8864547144717067
QDS,SWA,Soil C,3.413866361561613,-0.819305645122262
QDS,SWA,Soil C,3.186287728560598,-0.8661820669373513
QDS,SWA,Soil C,5.86172274738753,-0.31509860700271936
QDS,SWA,Soil C,5.4965513186347215,-0.39031625684667115
QDS,SWA,Soil C,5.535623258560421,-0.3822682572917974
QDS,SWA,Soil C,7.123341846577604,-0.05523155233356063
QDS,SWA,Soil C,8.603063280429058,0.24956000558804994
QDS,SWA,Soil C,7.4921063169958995,0.020726188680153083
QDS,SWA,Soil C,5.480457721286349,-0.3936312001165041
QDS,SWA,Soil C,4.127334021852728,-0.6723462818718371
QDS,SWA,Soil C,3.7295902929201765,-0.7542731419020832
QDS,SWA,Soil C,4.602891116633295,-0.5743915016794764
QDS,SWA,Soil C,4.910941020183681,-0.510939687119798
QDS,SWA,Soil C,4.671285909326769,-0.5603036099034475
QDS,SWA,Soil C,3.982551827018363,-0.7021683752154592
QDS,SWA,Soil C,4.2824524210306025,-0.6403951473771016
QDS,SWA,Soil C,4.552331465240707,-0.5848057286842245
QDS,SWA,Soil C,4.727832238333563,-0.5486562529628446
QDS,SWA,Soil C,3.585695944892035,-0.7839123574383869
QDS,SWA,Soil C,5.974375695122614,-0.2918944642099314
QDS,SWA,Soil C,8.843407864040799,0.299065945288047
QDS,SWA,Soil C,8.558118243747286,0.24030227137018056
QDS,SWA,Soil C,7.167561747233072,-0.04612318091743649
QDS,SWA,Soil C,6.139404529442533,-0.25790198808323567
QDS,SWA,Soil C,4.980537677341037,-0.4966042364898004
QDS,SWA,Soil C,5.64354001602689,-0.3600396702877955
QDS,SWA,Soil C,4.3954739585092595,-0.6171150828333628
QDS,SWA,Soil C,3.056385963056202,-0.8929391041600935
QDS,SWA,Soil C,9.969653096809456,0.531048824797925
QDS,SWA,Soil C,6.3853671331804716,-0.2072388541522665
QDS,SWA,Soil C,2.0323127692636813,-1.1038766881007176
QDS,SWA,Soil C,2.844422895643447,-0.9365990472146607
QDS,SWA,Soil C,8.06120347764757,0.1379482591561564
QDS,SWA,Soil C,6.160228101942276,-0.2536127692083219
QDS,SWA,Soil C,7.139752841525606,-0.05185123181997179
QDS,SWA,Soil C,6.167547590467664,-0.2521051081987522
QDS,SWA,Soil C,3.0546415964762375,-0.8932984070635528
QDS,SWA,Soil C,2.632164933946398,-0.9803197323023403
QDS,SWA,Soil C,4.584024558074201,-0.5782776167578247
QDS,SWA,Soil C,6.316161600347647,-0.2214937413806076
QDS,SWA,Soil C,12.948044666736157,1.144534975590333
QDS,SWA,Soil C,7.50530531616954,0.023444905479888156
QDS,SWA,Soil C,3.870981613698632,-0.7251494974438887
QDS,SWA,Soil C,4.696741790771483,-0.5550602326120828
QDS,SWA,Soil C,5.126126658121747,-0.46661596217463175
QDS,SWA,Soil C,2.957553693983291,-0.9132964772267624
QDS,SWA,Soil C,4.072175623575847,-0.6837077542129609
QDS,SWA,Soil C,5.6222280120849595,-0.3644294957882515
QDS,SWA,Soil C,6.223631345960829,-0.24055303169313305
QDS,SWA,Soil C,4.4307265557183175,-0.6098537877150206
QDS,SWA,Soil C,6.863889334322226,-0.10867332428327411
QDS,SWA,Soil C,6.183927407836411,-0.2487312096121126
QDS,SWA,Soil C,4.626034785770356,-0.5696243915931226
QDS,SWA,Soil C,9.103042210087633,0.35254517118234274
QDS,SWA,Soil C,4.984930657039989,-0.4956993748748161
QDS,SWA,Soil C,3.9070598941379138,-0.7177181289101506
QDS,SWA,Soil C,2.861418592664931,-0.9330982903460798
QDS,SWA,Soil C,2.522795664469401,-1.0028475062941502
QDS,SWA,Soil C,3.271114256117082,-0.8487095826605463
QDS,SWA,Soil C,5.1503714413113055,-0.4616220457044327
QDS,SWA,Soil C,5.670594007703992,-0.35446711583083956
QDS,SWA,Soil C,8.224143634372288,0.17151051153689986
QDS,SWA,Soil C,5.863303248087565,-0.3147730570311913
QDS,SWA,Soil C,5.806565969838805,-0.32645974550786
QDS,SWA,Soil C,5.958339105550794,-0.29519766507431455
QDS,SWA,Soil C,4.473286238592028,-0.6010873863161003
QDS,SWA,Soil C,3.948095738497648,-0.7092656062616967
QDS,SWA,Soil C,7.44734769821167,0.011506852636505471
QDS,SWA,Soil C,6.698828481038412,-0.14267239564449521
QDS,SWA,Soil C,7.058250425429572,-0.06863901890475323
QDS,SWA,Soil C,3.9769046387849025,-0.7033315774643263
QDS,SWA,Soil C,2.1906233723958337,-1.0712680265916608
QDS,SWA,Soil C,3.4716038513183594,-0.8074129340681026
QDS,SWA,Soil C,3.585522825453017,-0.78394801640927
QDS,SWA,Soil C,5.795124282836914,-0.32881649288393927
QDS,SWA,Soil C,3.6959149763319226,-0.7612095503176335
QDS,SWA,Soil C,3.476096869574652,-0.806487466609987
QDS,SWA,Soil C,4.140337549845379,-0.6696678280326971
QDS,SWA,Soil C,7.960851047534297,0.11727776482140007
QDS,SWA,Soil C,8.972298914468617,0.32561479641862484
QDS,SWA,Soil C,9.082194814543794,0.3482510452603601
QDS,SWA,Soil C,4.286616499929716,-0.6395374345225505
QDS,SWA,Soil C,3.383225578374162,-0.8256170033482042
QDS,SWA,Soil C,3.7042449250365745,-0.7594937557193964
QDS,SWA,Soil C,5.256662562334981,-0.43972830568762583
QDS,SWA,Soil C,7.827882563273112,0.08988904790124617
QDS,SWA,Soil C,8.226345560992206,0.1719640622049922
QDS,SWA,Soil C,6.969792383452993,-0.08685951893127596
QDS,SWA,Soil C,3.587921074761282,-0.7834540273879392
QDS,SWA,Soil C,3.138460159301758,-0.8760335423654414
QDS,SWA,Soil C,3.661904169718424,-0.7682150626368796
QDS,SWA,Soil C,2.9350327979193787,-0.9179353091312544
QDS,SWA,Soil C,2.843236287434895,-0.9368434636002407
QDS,SWA,Soil C,3.249475699530709,-0.853166671151837
QDS,SWA,Soil C,4.506741756863064,-0.5941962517406126
QDS,SWA,Soil C,8.609669712207936,0.2509207918739834
QDS,SWA,Soil C,21.91378096969039,2.9912884747128503
QDS,SWA,Soil C,7.563285355744538,0.035387576705798326
QDS,SWA,Soil C,2.2785150611440748,-1.0531641834431489
QDS,SWA,Soil C,2.501928675824945,-1.007145667983626
QDS,SWA,Soil C,4.597336007815933,-0.5755357375012559
QDS,SWA,Soil C,2.897714303334554,-0.9256221357484726
QDS,SWA,Soil C,5.204205876668295,-0.45053328193652586
QDS,SWA,Soil C,10.782333204481334,0.6984438698669823
QDS,SWA,Soil C,12.00890562163459,0.9510920436213851
QDS,SWA,Soil C,8.838667965406252,0.29808962565371294
QDS,SWA,Soil C,3.63635262383355,-0.7734781447950434
QDS,SWA,Soil C,3.938981992933488,-0.7111428465621034
QDS,SWA,Soil C,2.488628285725911,-1.0098852691859266
QDS,SWA,Soil C,1.842556788126628,-1.1429624374807001
QDS,SWA,Soil C,1.4911360168457017,-1.215347740494078
QDS,SWA,Soil C,2.467365273369683,-1.0142650034479983
QDS,SWA,Soil C,6.018587358262803,-0.28278778954905986
QDS,SWA,Soil C,10.477659991229018,0.6356875826363151
QDS,SWA,Soil C,11.496367342656711,0.8455199156719221
QDS,SWA,Soil C,11.514477867100776,0.8492503035907594
QDS,SWA,Soil C,3.3885600214293525,-0.8245182200419412
QDS,SWA,Soil C,1.8972620010375962,-1.131694311813176
QDS,SWA,Soil C,11.138871771847763,0.7718833314580089
QDS,SWA,Soil C,10.224253645767401,0.5834911941448434
QDS,SWA,Soil C,5.090173314412436,-0.4740215963642573
QDS,SWA,Soil C,2.374939092000326,-1.0333028569032858
QDS,SWA,Soil C,1.3254272037082255,-1.2494802779853087
QDS,SWA,Soil C,1.9682437642415367,-1.1170735584091782
QDS,SWA,Soil C,1.3086246575249558,-1.2529412498352055
QDS,SWA,Soil C,2.0159087202284067,-1.1072555779020705
QDS,SWA,Soil C,7.699080242580837,0.06335847323386684
QDS,SWA,Soil C,7.170957443802443,-0.04542373869545428
QDS,SWA,Soil C,11.411784933327825,0.828097714626274
QDS,SWA,Soil C,5.92643450932872,-0.30176934225957736
QDS,SWA,Soil C,3.358200769135445,-0.8307715888127852
QDS,SWA,Soil C,12.807948211034143,1.1156780461603308
QDS,SWA,Soil C,11.399978309207494,0.8256657978633574
QDS,SWA,Soil C,6.278829811943902,-0.22918330624550337
QDS,SWA,Soil C,3.634195039537219,-0.7739225618751653
QDS,SWA,Soil C,2.5164795345730258,-1.0041484964853515
QDS,SWA,Soil C,1.9074438052707252,-1.1295970738441408
QDS,SWA,Soil C,2.062875552707246,-1.0975813961849015
QDS,SWA,Soil C,2.4859013705783415,-1.0104469564718805
QDS,SWA,Soil C,2.1492626783582907,-1.0797874614555658
QDS,SWA,Soil C,4.020429229736328,-0.6943664252535775
QDS,SWA,Soil C,3.9431201395362288,-0.7102904752163194
QDS,SWA,Soil C,5.3085332943694725,-0.42904402358854377
QDS,SWA,Soil C,2.289757480910329,-1.0508484809352474
QDS,SWA,Soil C,2.26604518890381,-1.055732715398046
QDS,SWA,Soil C,4.664907290140789,-0.5616174715767377
QDS,SWA,Soil C,16.77658643086751,1.9331342228285733
QDS,SWA,Soil C,11.289853979746503,0.8029824973625838
QDS,SWA,Soil C,7.839026740745264,0.09218451455854199
QDS,SWA,Soil C,4.601987728542751,-0.5745775806651731
QDS,SWA,Soil C,2.850841522216795,-0.9352769448592763
QDS,SWA,Soil C,2.0404830847846145,-1.1021937745878312
QDS,SWA,Soil C,1.0533545939127602,-1.3055215251486467
QDS,SWA,Soil C,1.5427683173285602,-1.2047125702902604
QDS,SWA,Soil C,3.702927720811632,-0.7597650721433102
QDS,SWA,Soil C,2.2676563008626314,-1.055400860149699
QDS,SWA,Soil C,2.1595804426405163,-1.0776622185700437
QDS,SWA,Soil C,2.465842988755967,-1.0145785621276255
QDS,SWA,Soil C,1.5243021449336298,-1.2085162142223824
QDS,SWA,Soil C,1.3522310059158889,-1.2439592573079017
QDS,SWA,Soil C,3.1337256144032324,-0.8770087592425231
QDS,SWA,Soil C,8.894762826688362,0.30964398971875856
QDS,SWA,Soil C,11.99234425499326,0.9476807496950793
QDS,SWA,Soil C,8.644205361825449,0.2580344108362762
QDS,SWA,Soil C,5.176051788330078,-0.4563324332160561
QDS,SWA,Soil C,2.9751742553710923,-0.9096670114138206
QDS,SWA,Soil C,2.534499240451389,-1.0004368152848842
QDS,SWA,Soil C,2.2901412455240893,-1.050769433479539
QDS,SWA,Soil C,2.1713383992513036,-1.0752403262926244
QDS,SWA,Soil C,1.7248932902018237,-1.1671986484475596
QDS,SWA,Soil C,2.0724820624457467,-1.0956026568070676
QDS,SWA,Soil C,2.780077862209745,-0.9498527735824204
QDS,SWA,Soil C,2.5141863589816627,-1.004620842526363
QDS,SWA,Soil C,2.2715167999267587,-1.0546056783694042
QDS,SWA,Soil C,1.776723306443956,-1.1565227529471311
QDS,SWA,Soil C,3.210362079890087,-0.8612232558531809
QDS,SWA,Soil C,2.444508238488978,-1.0189730728936277
QDS,SWA,Soil C,3.3852077242340712,-0.8252087229037579
QDS,SWA,Soil C,13.28903540329706,1.2147719103644143
QDS,SWA,Soil C,7.609151132674445,0.044834964089628594
QDS,SWA,Soil C,4.454929429311601,-0.6048685037420257
QDS,SWA,Soil C,3.896153191460503,-0.7199646807440206
QDS,SWA,Soil C,5.389298358493381,-0.41240811553394974
QDS,SWA,Soil C,5.361998426649305,-0.4180313285033342
QDS,SWA,Soil C,3.3379022471110034,-0.8349526583099219
QDS,SWA,Soil C,3.224128748575846,-0.8583876110486034
QDS,SWA,Soil C,4.06547588772244,-0.6850877591799148
QDS,SWA,Soil C,3.2853511640760633,-0.845777078435403
QDS,SWA,Soil C,3.0802517869737414,-0.8880232453460621
QDS,SWA,Soil C,3.3369124264187286,-0.8351565405974659
QDS,SWA,Soil C,6.723599310980907,-0.13757012458423695
QDS,SWA,Soil C,3.0598193852588382,-0.8922318912494713
QDS,SWA,Soil C,2.927135489300044,-0.9195619889524757
QDS,SWA,Soil C,2.5713504510823237,-0.992846239354477
QDS,SWA,Soil C,2.5344310155388907,-1.0004508681849054
QDS,SWA,Soil C,6.515970102630048,-0.18033738363418722
QDS,SWA,Soil C,5.261291355109363,-0.4387748715285164
QDS,SWA,Soil C,4.468486322227883,-0.6020760683430365
QDS,SWA,Soil C,7.6979137759738485,0.0631182055954627
QDS,SWA,Soil C,8.796572774251302,0.28941889979977287
QDS,SWA,Soil C,5.330701107448999,-0.42447791936807716
QDS,SWA,Soil C,3.3222685411241297,-0.838172873611815
QDS,SWA,Soil C,2.312051705254449,-1.0462563386474848
QDS,SWA,Soil C,1.8819870164659298,-1.134840638032638
QDS,SWA,Soil C,1.9588252003987623,-1.1190135848772353
QDS,SWA,Soil C,2.0762461937798395,-1.0948273247565252
QDS,SWA,Soil C,2.5565053812662755,-0.9959040121576404
QDS,SWA,Soil C,3.466429222954645,-0.8084787989022266
QDS,SWA,Soil C,2.5676406012641055,-0.9936103905520486
QDS,SWA,Soil C,3.0913245321946774,-0.8857424922332455
QDS,SWA,Soil C,2.968697094833641,-0.9110011705372575
QDS,SWA,Soil C,2.8314505999827246,-0.93927106784895
QDS,SWA,Soil C,7.876107262463302,0.09982232375994705
QDS,SWA,Soil C,4.069880511953223,-0.684180499035777
QDS,SWA,Soil C,4.81916165927758,-0.5298443091355849
QDS,SWA,Soil C,9.898752975463868,0.5164448879031903
QDS,SWA,Soil C,10.98506704542372,0.7402027859782596
QDS,SWA,Soil C,5.8502917141384545,-0.3174531599293273
QDS,SWA,Soil C,1.698058403862847,-1.1727260718036012
QDS,SWA,Soil C,0.6779878150092232,-1.3828392031363477
QDS,SWA,Soil C,0.6540328386094837,-1.387773425490516
QDS,SWA,Soil C,0.6767441219753694,-1.3830953777978026
QDS,SWA,Soil C,0.6053281402587886,-1.3978055711017154
QDS,SWA,Soil C,0.5529939439561625,-1.4085853171125136
QDS,SWA,Soil C,1.5966767289903427,-1.1936085689562341
QDS,SWA,Soil C,1.4889121246337895,-1.2158058156130915
QDS,SWA,Soil C,2.7987715644167177,-0.946002263284576
QDS,SWA,Soil C,3.6233664605213187,-0.7761530218744795
QDS,SWA,Soil C,2.9805895113830934,-0.9085515823346146
QDS,SWA,Soil C,3.4619339052836104,-0.8094047399915173
QDS,SWA,Soil C,5.4388876920901454,-0.40219375362941734
QDS,SWA,Soil C,6.384288980235223,-0.20746093102994248
QDS,SWA,Soil C,11.26935046725803,0.7987592041323431
QDS,SWA,Soil C,12.867019678751628,1.1278455286759188
QDS,SWA,Soil C,7.18750850253635,-0.04201456798172802
QDS,SWA,Soil C,2.621342942979601,-0.982548835301814
QDS,SWA,Soil C,1.3495153384738505,-1.244518627802591
QDS,SWA,Soil C,0.9232050069173189,-1.3323296083970897
QDS,SWA,Soil C,1.5577157677544515,-1.201633709230307
QDS,SWA,Soil C,0.8305837080213756,-1.3514076519675875
QDS,SWA,Soil C,1.3770296478271453,-1.238851257565816
QDS,SWA,Soil C,1.1496965959337015,-1.2856770948271776
QDS,SWA,Soil C,1.6615850406222867,-1.1802388191021222
QDS,SWA,Soil C,2.2841183725992833,-1.0520100188896844
QDS,SWA,Soil C,2.78721817864312,-0.9483820182632133
QDS,SWA,Soil C,6.0718528034711134,-0.27181622580940873
QDS,SWA,Soil C,3.153550768332047,-0.8729251936376974
QDS,SWA,Soil C,2.6588424520139333,-0.9748247235072576
QDS,SWA,Soil C,9.530880786211064,0.4406709380817326
QDS,SWA,Soil C,7.660366535186768,0.05538426206166844
QDS,SWA,Soil C,9.19572481367323,0.3716358422322027
QDS,SWA,Soil C,13.698702918158638,1.2991548200310927
QDS,SWA,Soil C,14.369786258273656,1.4373839029176678
QDS,SWA,Soil C,8.041009334988065,0.13378868961740778
QDS,SWA,Soil C,3.6474677276611325,-0.7711886666983104
QDS,SWA,Soil C,1.9173479122585735,-1.1275570356791251
QDS,SWA,Soil C,1.142246381971572,-1.2872116825329571
QDS,SWA,Soil C,1.4098679521348727,-1.2320872561122418
QDS,SWA,Soil C,1.0967629750569658,-1.2965803097190907
QDS,SWA,Soil C,1.6691979471842433,-1.178670720135487
QDS,SWA,Soil C,1.230566101074217,-1.2690196741152453
QDS,SWA,Soil C,1.442307137383355,-1.2254054648078756
QDS,SWA,Soil C,1.0941189999050573,-1.2971249131067424
QDS,SWA,Soil C,2.3364121585422097,-1.0412385965648228
QDS,SWA,Soil C,3.8376376223323305,-0.7320176598178074
QDS,SWA,Soil C,5.532574696011014,-0.3828961971915642
QDS,SWA,Soil C,3.1567257907655497,-0.8722712056560376
QDS,SWA,Soil C,5.636557235167312,-0.36147797658526953
QDS,SWA,Soil C,7.413205769240255,0.0044743318636183615
QDS,SWA,Soil C,13.951358233860564,1.3511965121552179
QDS,SWA,Soil C,3.599005583354406,-0.78117085126735
QDS,SWA,Soil C,2.783281060802196,-0.9491929819033986
QDS,SWA,Soil C,3.901092122395835,-0.7189473646331572
QDS,SWA,Soil C,5.791138027875853,-0.3296375777395477
QDS,SWA,Soil C,11.68477523803711,0.8843279876806218
QDS,SWA,Soil C,7.031086853875056,-0.07423414451651554
QDS,SWA,Soil C,10.958640662299265,0.7347595057104517
QDS,SWA,Soil C,14.869131961398654,1.5402386371366552
QDS,SWA,Soil C,8.683184102376302,0.26606321327606663
QDS,SWA,Soil C,4.907137018839517,-0.5117232315555947
QDS,SWA,Soil C,3.318909140692817,-0.8388648395911665
QDS,SWA,Soil C,2.566439480251737,-0.9938577962706098
QDS,SWA,Soil C,1.5328464423285588,-1.2067562682928519
QDS,SWA,Soil C,1.3950719451904294,-1.2351349229936206
QDS,SWA,Soil C,1.304021106296114,-1.2538894847657212
QDS,SWA,Soil C,1.0937533145480676,-1.2972002366150166
QDS,SWA,Soil C,0.9708194647894959,-1.322522029441718
QDS,SWA,Soil C,1.7795713890923404,-1.1559361076991597
QDS,SWA,Soil C,2.0644025421142564,-1.0972668684166031
QDS,SWA,Soil C,4.1057821994357635,-0.6767855049446685
QDS,SWA,Soil C,7.000234180026584,-0.08058914777131551
QDS,SWA,Soil C,4.8539982878131624,-0.5226686948333308
QDS,SWA,Soil C,4.687847792414571,-0.5568922096000081
QDS,SWA,Soil C,8.365801991453075,0.20068915986862595
QDS,SWA,Soil C,11.830401719603875,0.9143239863706245
QDS,SWA,Soil C,3.4919030121670986,-0.8032317329865687
QDS,SWA,Soil C,5.481718455670699,-0.39337151529452297
QDS,SWA,Soil C,4.202640207511229,-0.6568347882062714
QDS,SWA,Soil C,4.890799347754241,-0.5150884488924358
QDS,SWA,Soil C,7.362335454547215,-0.006003885260599383
QDS,SWA,Soil C,6.319586489417337,-0.22078828611627288
QDS,SWA,Soil C,4.50457756395464,-0.5946420300561194
QDS,SWA,Soil C,2.859594452948798,-0.9334740248412542
QDS,SWA,Soil C,4.073283433739522,-0.6834795685707559
QDS,SWA,Soil C,9.724152442932128,0.48048084284250764
QDS,SWA,Soil C,10.176174206733705,0.5735878388295561
QDS,SWA,Soil C,9.651154992845328,0.4654449002473188
QDS,SWA,Soil C,11.234875759548613,0.7916581379240257
QDS,SWA,Soil C,14.233138427734374,1.4092373178889772
QDS,SWA,Soil C,7.7234556833902985,0.06837930243143032
QDS,SWA,Soil C,4.425748477511935,-0.6108791673420696
QDS,SWA,Soil C,5.039390970865885,-0.4844816932786996
QDS,SWA,Soil C,4.7649578094482425,-0.5410091645312602
QDS,SWA,Soil C,3.6701572079128706,-0.766515109989492
QDS,SWA,Soil C,2.518207066853842,-1.0037926610941867
QDS,SWA,Soil C,1.4209836408827041,-1.229797657534214
QDS,SWA,Soil C,1.3028225792778845,-1.2541363561759342
QDS,SWA,Soil C,1.5857657368977855,-1.195856004319595
QDS,SWA,Soil C,1.6561251322428387,-1.1813634456318265
QDS,SWA,Soil C,1.32396974351671,-1.2497804841945441
QDS,SWA,Soil C,3.7066841379801425,-0.7589913290489673
QDS,SWA,Soil C,6.765559243096246,-0.12892725925354317
QDS,SWA,Soil C,3.02951414320204,-0.8984741350450766
QDS,SWA,Soil C,3.03081462282123,-0.8982062635389195
QDS,SWA,Soil C,4.73879061226893,-0.5463990579343488
QDS,SWA,Soil C,4.759804704839532,-0.5420705959236094
QDS,SWA,Soil C,7.643829901085136,0.05197806251943621
QDS,SWA,Soil C,4.455306478982577,-0.6047908394235928
QDS,SWA,Soil C,5.259276752318352,-0.4391898374195404
QDS,SWA,Soil C,6.647710556019743,-0.15320161529876994
QDS,SWA,Soil C,10.07517547670605,0.5527842202774419
QDS,SWA,Soil C,3.49224341333502,-0.80316161749056
QDS,SWA,Soil C,2.6588841820772373,-0.9748161279900774
QDS,SWA,Soil C,3.3364130995008696,-0.8352593914623143
QDS,SWA,Soil C,3.191769210270472,-0.8650529967543761
QDS,SWA,Soil C,2.7442680358886706,-0.9572288462023147
QDS,SWA,Soil C,1.7104705837197287,-1.1701694232687918
QDS,SWA,Soil C,4.552391913677552,-0.5847932775749694
QDS,SWA,Soil C,5.310821909448761,-0.4285726169173004
QDS,SWA,Soil C,4.2160996415398335,-0.6540624272926069
QDS,SWA,Soil C,3.424603876510223,-0.8170939424094918
QDS,SWA,Soil C,8.650943786621093,0.25942238491329983
QDS,SWA,Soil C,15.886553382873537,1.7498060955920007
QDS,SWA,Soil C,14.67322557237413,1.4998860328210135
QDS,SWA,Soil C,10.840366227891714,0.7103974546509184
QDS,SWA,Soil C,14.545570593939889,1.4735917865775494
QDS,SWA,Soil C,7.805334014892576,0.08524452019991645
QDS,SWA,Soil C,3.7949052598741324,-0.7408196295868097
QDS,SWA,Soil C,3.8739057328965933,-0.7245471902626137
QDS,SWA,Soil C,3.8188327704535587,-0.7358910646151535
QDS,SWA,Soil C,4.626317045423719,-0.5695662520287973
QDS,SWA,Soil C,3.882252739800347,-0.7228278820333913
QDS,SWA,Soil C,2.7772593349880643,-0.9504333310328212
QDS,SWA,Soil C,2.0099236382378476,-1.1084883791729443
QDS,SWA,Soil C,1.9652957492404524,-1.1176807876243544
QDS,SWA,Soil C,2.362783847384981,-1.0358065821710791
QDS,SWA,Soil C,1.8135316891140403,-1.1489409986777557
QDS,SWA,Soil C,3.0015351443820535,-0.9042372215587551
QDS,SWA,Soil C,3.0541745418972437,-0.8933946105039501
QDS,SWA,Soil C,3.0017194112141903,-0.904199266458859
QDS,SWA,Soil C,3.0478576660156245,-0.8946957543524545
QDS,SWA,Soil C,3.5412601725260413,-0.7930651938960096
QDS,SWA,Soil C,2.8302924516465913,-0.9395096220981479
QDS,SWA,Soil C,3.427655826513317,-0.8164653047653639
QDS,SWA,Soil C,7.274587771937338,-0.024078066167111885
QDS,SWA,Soil C,6.46413597446837,-0.19101412610373794
QDS,SWA,Soil C,7.222017173664708,-0.03490650602195742
QDS,SWA,Soil C,6.147315157093286,-0.2562725648210917
QDS,SWA,Soil C,3.911739239531437,-0.7167542819725327
QDS,SWA,Soil C,2.9541561211480047,-0.9139963059201428
QDS,SWA,Soil C,2.283992077055434,-1.0520360331209362
QDS,SWA,Soil C,2.372378748333645,-1.0338302339602978
QDS,SWA,Soil C,3.386957107855349,-0.8248483865950895
QDS,SWA,Soil C,8.263364486543558,0.17958918388888448
QDS,SWA,Soil C,4.95973639685419,-0.5008888636779383
QDS,SWA,Soil C,4.306121743527188,-0.6355197637314745
QDS,SWA,Soil C,5.081707314412477,-0.47576541467378564
QDS,SWA,Soil C,10.18202330916078,0.5747926311643883
QDS,SWA,Soil C,14.937517417271932,1.5543246057236915
QDS,SWA,Soil C,15.88025820979366,1.7485094220651412
QDS,SWA,Soil C,11.860711076524526,0.9205670777418173
QDS,SWA,Soil C,13.751632978651259,1.310057301558606
QDS,SWA,Soil C,8.393076595730252,0.20630715589082216
QDS,SWA,Soil C,3.706802554660373,-0.7589669376982537
QDS,SWA,Soil C,5.1101700337727864,-0.46990269188147316
QDS,SWA,Soil C,4.242477501763238,-0.648629141723982
QDS,SWA,Soil C,3.840591159396701,-0.7314092931734955
QDS,SWA,Soil C,3.26072014702691,-0.850850550974126
QDS,SWA,Soil C,3.9557800716824,-0.7076827949099187
QDS,SWA,Soil C,3.4947350735134552,-0.8026483877905484
QDS,SWA,Soil C,3.346427256266276,-0.8331966853529252
QDS,SWA,Soil C,2.8384690941704633,-0.9378254053554517
QDS,SWA,Soil C,4.369749433729383,-0.6224137950132925
QDS,SWA,Soil C,5.477117004394529,-0.3943193176788636
QDS,SWA,Soil C,4.758559994167751,-0.5423269801971186
QDS,SWA,Soil C,3.614853481716578,-0.7779065168317683
QDS,SWA,Soil C,4.441362881130642,-0.6076629279228869
QDS,SWA,Soil C,4.076325310601129,-0.6828530057823521
QDS,SWA,Soil C,3.688021952311197,-0.7628353476014695
QDS,SWA,Soil C,2.758267296685111,-0.9543452923047462
QDS,SWA,Soil C,4.497638431125217,-0.5960713457754976
QDS,SWA,Soil C,4.674572160508897,-0.5596267111341193
QDS,SWA,Soil C,4.414600965711805,-0.6131753208009458
QDS,SWA,Soil C,4.650123172336154,-0.5646626895448541
QDS,SWA,Soil C,3.949506395128038,-0.7089750406037066
QDS,SWA,Soil C,2.2495437791612414,-1.0591316594616254
QDS,SWA,Soil C,1.0038464864095067,-1.3157191561827473
QDS,SWA,Soil C,2.3491795688205306,-1.0386087780190272
QDS,SWA,Soil C,5.629135363442557,-0.3630067263850171
QDS,SWA,Soil C,6.476812159550653,-0.18840309803362637
QDS,SWA,Soil C,11.180638401931496,0.7804863806273533
QDS,SWA,Soil C,9.230343134067118,0.3787664896392752
QDS,SWA,Soil C,9.044931393646246,0.3405755626667949
QDS,SWA,Soil C,11.0305557593914,0.749572506305938
QDS,SWA,Soil C,14.071989892612802,1.376044101954646
QDS,SWA,Soil C,16.42762774714717,1.8612560581766215
QDS,SWA,Soil C,11.084991811116538,0.7607851904185289
QDS,SWA,Soil C,10.461249186197916,0.6323073012416215
QDS,SWA,Soil C,10.061409166124132,0.5499486492347394
QDS,SWA,Soil C,5.833705834282769,-0.32086950306328943
QDS,SWA,Soil C,5.731940680609807,-0.34183098880008916
QDS,SWA,Soil C,5.068147769504123,-0.4785583963274799
QDS,SWA,Soil C,4.614199846055772,-0.5720621407741475
QDS,SWA,Soil C,4.272240176730686,-0.6424986553609969
QDS,SWA,Soil C,5.330638885498047,-0.42449073578401453
QDS,SWA,Soil C,6.428655361599392,-0.19832238766226776
QDS,SWA,Soil C,8.035639767116969,0.13268267133629297
QDS,SWA,Soil C,7.012492014567056,-0.07806429113217668
QDS,SWA,Soil C,5.6134648471408415,-0.3662345238391663
QDS,SWA,Soil C,5.350092281765408,-0.4204837444547325
QDS,SWA,Soil C,7.56871575249566,0.03650612445947835
QDS,SWA,Soil C,8.842576853434243,0.2988947745449415
QDS,SWA,Soil C,7.3273333401150165,-0.01321358618422012
QDS,SWA,Soil C,4.859133266872831,-0.5216109969236522
QDS,SWA,Soil C,3.0272672017415356,-0.8989369578255259
QDS,SWA,Soil C,3.8219964599609355,-0.7352394109784121
QDS,SWA,Soil C,5.466900346544054,-0.3964237347615393
QDS,SWA,Soil C,4.8108407084147125,-0.5315582503672677
QDS,SWA,Soil C,4.6522301737467435,-0.5642286914775252
QDS,SWA,Soil C,4.069788767496743,-0.6841993964682138
QDS,SWA,Soil C,4.427456800672744,-0.6105272886264512
QDS,SWA,Soil C,2.7204036797417523,-0.9621444026864048
QDS,SWA,Soil C,1.7772288682725705,-1.1564186178215299
QDS,SWA,Soil C,4.208099680098276,-0.6557102514406551
QDS,SWA,Soil C,6.288868144201852,-0.22711562049206283
QDS,SWA,Soil C,7.9589310134953735,0.11688227810842942
QDS,SWA,Soil C,8.539324988419763,0.23643125521899502
QDS,SWA,Soil C,11.52994291462423,0.8524357787891126
QDS,SWA,Soil C,6.1240560658772765,-0.26106344943314763
QDS,SWA,Soil C,13.02097417525915,1.1595569236493835
QDS,SWA,Soil C,20.04671457839735,2.606711985431279
QDS,SWA,Soil C,15.554526920768149,1.6814156132071516
QDS,SWA,Soil C,12.582261858339665,1.0691913943718554
QDS,SWA,Soil C,10.73651140001085,0.6890055398868675
QDS,SWA,Soil C,8.685745713975694,0.2665908515006049
QDS,SWA,Soil C,8.957635040283202,0.32259434611230886
QDS,SWA,Soil C,7.3398729112413195,-0.010630697721689128
QDS,SWA,Soil C,5.714546254475911,-0.3454138754970152
QDS,SWA,Soil C,5.36360853407118,-0.41769968016851405
QDS,SWA,Soil C,4.564872250027127,-0.5822225902331825
QDS,SWA,Soil C,4.088946923149957,-0.6802532185087249
QDS,SWA,Soil C,3.8553391689724372,-0.728371512742667
QDS,SWA,Soil C,5.609011145697696,-0.3671518928589829
QDS,SWA,Soil C,5.721272956000433,-0.3440283161677863
QDS,SWA,Soil C,9.40371812608507,0.41447809907663874
QDS,SWA,Soil C,7.5127295430501295,0.02497414039230578
QDS,SWA,Soil C,9.695390864478217,0.47455656134958146
QDS,SWA,Soil C,11.861238346099853,0.9206756842076238
QDS,SWA,Soil C,12.01685187233819,0.9527288044847337
QDS,SWA,Soil C,8.69686998767617,0.2688822183986902
QDS,SWA,Soil C,6.119786372041787,-0.26194291674787046
QDS,SWA,Soil C,3.4595586897162116,-0.8098939845456783
QDS,SWA,Soil C,5.721151815612902,-0.34405326854503654
QDS,SWA,Soil C,7.425773820288389,0.007063086592289495
QDS,SWA,Soil C,7.653333336738667,0.0539355707991591
QDS,SWA,Soil C,8.089180554493588,0.14371094978353724
QDS,SWA,Soil C,8.137204664429852,0.15360290846604027
QDS,SWA,Soil C,6.862711682328052,-0.1089158958766717
QDS,SWA,Soil C,6.302492864834148,-0.2243092140071912
QDS,SWA,Soil C,7.53221831630551,0.028988418638602215
QDS,SWA,Soil C,7.029741519512027,-0.07451125515845977
QDS,SWA,Soil C,6.268593294222222,-0.23129181404481422
QDS,SWA,Soil C,4.508239931690974,-0.593887659170828
QDS,SWA,Soil C,3.9049448728561416,-0.7181537789026162
QDS,SWA,Soil C,5.062030436197918,-0.47981843859359147
QDS,SWA,Soil C,9.641875430376102,0.46353350514475233
QDS,SWA,Soil C,15.404495469186935,1.6505122831488337
QDS,SWA,Soil C,17.86972206655175,2.1582972202669657
QDS,SWA,Soil C,17.573390465938683,2.0972591301602517
QDS,SWA,Soil C,15.800914204915365,1.7321662223889358
QDS,SWA,Soil C,11.587872178819445,0.8643679913524973
QDS,SWA,Soil C,7.05699032253689,-0.0688985736527048
QDS,SWA,Soil C,6.587520294189452,-0.16559954591954498
QDS,SWA,Soil C,6.99768030802409,-0.08111519180133708
QDS,SWA,Soil C,4.990405663384332,-0.49457163848123037
QDS,SWA,Soil C,4.315050201416016,-0.633680688803236
QDS,SWA,Soil C,4.120088992648656,-0.6738386058240212
QDS,SWA,Soil C,4.2016968112521695,-0.6570291080349623
QDS,SWA,Soil C,3.5378104994032094,-0.7937757541551063
QDS,SWA,Soil C,4.164549916585287,-0.6646805886707464
QDS,SWA,Soil C,4.693775058322484,-0.5556713172286741
QDS,SWA,Soil C,8.298819512261284,0.18689217503129782
QDS,SWA,Soil C,10.292763471653853,0.5976027803442266
QDS,SWA,Soil C,12.004073059344417,0.9500966372188834
QDS,SWA,Soil C,9.187613307294393,0.3699650421682597
QDS,SWA,Soil C,8.20749350139073,0.16808093360759843
QDS,SWA,Soil C,6.77287484133685,-0.12742039956098697
QDS,SWA,Soil C,3.2431824730565304,-0.8544629437187796
QDS,SWA,Soil C,4.572511799322868,-0.5806490034225845
QDS,SWA,Soil C,3.329350251495525,-0.83671418991131
QDS,SWA,Soil C,7.286300209893123,-0.021665549777245094
QDS,SWA,Soil C,11.844557871478917,0.9172398565374428
QDS,SWA,Soil C,8.575784966465319,0.24394124544828327
QDS,SWA,Soil C,11.11310098995074,0.7665750912828245
QDS,SWA,Soil C,8.87247588970043,0.3050533484734183
QDS,SWA,Soil C,7.637041553517499,0.0505798053991971
QDS,SWA,Soil C,7.2086444644982315,-0.03766100343426701
QDS,SWA,Soil C,5.53091145821477,-0.38323878926836596
QDS,SWA,Soil C,5.446030162953552,-0.4007225545428425
QDS,SWA,Soil C,3.349438475213868,-0.8325764374513384
QDS,SWA,Soil C,3.062316673278809,-0.8917175023322244
QDS,SWA,Soil C,6.030744143755006,-0.28028374689297486
QDS,SWA,Soil C,11.328763683351697,0.8109970796405652
QDS,SWA,Soil C,24.284416741265183,3.4795896870581435
QDS,SWA,Soil C,22.54680236816405,3.1216775964925603
QDS,SWA,Soil C,22.595995754665793,3.131810401605939
QDS,SWA,Soil C,21.06752448187934,2.816977400060205
QDS,SWA,Soil C,11.583302747938369,0.863426784497479
QDS,SWA,Soil C,7.7711741129557295,0.0782082973733799
QDS,SWA,Soil C,6.405879737006291,-0.2030136882973479
QDS,SWA,Soil C,6.801284908718533,-0.121568521971174
QDS,SWA,Soil C,6.515795220269094,-0.18037340572998758
QDS,SWA,Soil C,8.521667005750869,0.23279408140757263
QDS,SWA,Soil C,10.988781263563368,0.7409678369583601
QDS,SWA,Soil C,9.598794369167752,0.45465971075195766
QDS,SWA,Soil C,8.304270494249131,0.18801496291168568
QDS,SWA,Soil C,5.860311694675023,-0.31538925424531233
QDS,SWA,Soil C,8.072369119149666,0.14024814695311838
QDS,SWA,Soil C,12.587093819108585,1.0701866768736044
QDS,SWA,Soil C,5.539097137791769,-0.3815527110824017
QDS,SWA,Soil C,7.247216992302548,-0.02971587229437953
QDS,SWA,Soil C,4.689937982803734,-0.5564616742502513
QDS,SWA,Soil C,14.55519403050088,1.475574012525544
QDS,SWA,Soil C,22.928583214169446,3.200316437680216
QDS,SWA,Soil C,16.275751907030738,1.8299728227913945
QDS,SWA,Soil C,19.301428825943557,2.453198763016218
QDS,SWA,Soil C,29.201992463005908,4.492507072140307
QDS,SWA,Soil C,30.206046820746522,4.699321196023887
QDS,SWA,Soil C,20.985831536187064,2.800150367877569
QDS,SWA,Soil C,14.121627824571398,1.3862684741016986
QDS,SWA,Soil C,11.551416592068142,0.8568589056376575
QDS,SWA,Soil C,10.716386074490016,0.684860145234302
QDS,SWA,Soil C,10.201507975260416,0.5788060634228053
QDS,SWA,Soil C,11.071581827799482,0.7580230153135364
QDS,SWA,Soil C,15.30847478693182,1.6307340379550357
QDS,SWA,Soil C,11.628071994093418,0.8726483095564607
QDS,SWA,Soil C,8.704153367698964,0.27038244181459675
QDS,SWA,Soil C,9.965392928869543,0.5301713196177547
QDS,SWA,Soil C,5.214921141124904,-0.4483261623580987
QDS,SWA,Soil C,2.1960121300106947,-1.0701580556260983
QDS,SWA,Soil C,11.704729874928788,0.8884382240581162
QDS,SWA,Soil C,14.66633202484676,1.498466106717081
QDS,SWA,Soil C,32.084261571288735,5.086194013321051
QDS,SWA,Soil C,29.459605962359717,4.545570046030815
QDS,SWA,Soil C,30.101808115641276,4.677850210608704
QDS,SWA,Soil C,21.756758213749638,2.958945082694964
QDS,SWA,Soil C,14.851419773808232,1.5365902982490895
QDS,SWA,Soil C,11.7544780420374,0.8986853023323779
QDS,SWA,Soil C,7.635311720106338,0.05022349602347868
QDS,SWA,Soil C,6.499691983889913,-0.18369033443785637
QDS,SWA,Soil C,11.824998223162517,0.9132109795161526
QDS,SWA,Soil C,10.096788393797267,0.5572360275708705
QDS,SWA,Soil C,13.401581779083648,1.2379541015726203
QDS,SWA,Soil C,24.41213846733455,3.505897681913497
QDS,SWA,Soil C,15.903928677046375,1.7533850415065042
QDS,SWA,Soil C,18.116258950914656,2.2090786439532657
QDS,SWA,Soil C,26.83737309773764,4.00544511321752
QDS,SWA,Soil C,20.76276313499168,2.7542029591504686
QDS,SWA,Soil C,13.309554006788467,1.2189983120245187
QDS,SWA,Soil C,14.058430716903121,1.3732511963481295
QDS,SWA,Soil C,13.070917193094889,1.1698441370837667
QDS,SWA,Soil C,11.118754014407887,0.7677394956712765
QDS,SWA,Soil C,11.850633331601903,0.9184912738066755
QDS,SWA,Soil C,13.892211179962041,1.339013460472793
QDS,SWA,Soil C,19.626315512520925,2.5201186014970105
QDS,SWA,Soil C,28.22484601338704,4.291235412567386
QDS,SWA,Soil C,19.79630229526096,2.555132310937283
QDS,SWA,Soil C,13.727729646894666,1.305133716916971
QDS,SWA,Soil C,13.744780402713351,1.308645814742162
QDS,SWA,Soil C,11.51845286687215,0.8500690701135243
QDS,SWA,Soil C,19.738439866009877,2.5432138649696094
HDS,Cape,Soil C,8.260800663146131,-0.1132709624588243
HDS,Cape,Soil C,9.672086738378775,0.12508979526897626
HDS,Cape,Soil C,19.67881894243609,1.8151881476849419
HDS,Cape,Soil C,8.930304880518934,-1.9429051006105943e-4
HDS,Cape,Soil C,10.92461181598466,0.33663643475664773
HDS,Cape,Soil C,9.834635768679203,0.15254369757148575
HDS,Cape,Soil C,14.62605403397322,0.9617957041981638
HDS,Cape,Soil C,6.327056768484284,-0.43987282445701925
HDS,Cape,Soil C,5.065577612982856,-0.6529317730572026
HDS,Cape,Soil C,10.604532932697106,0.2825763497802457
HDS,Cape,Soil C,13.780466069559271,0.8189791686562878
HDS,Cape,Soil C,8.587273855734619,-0.05813090338159006
HDS,Cape,Soil C,10.047793409556393,0.188545198391638
HDS,Cape,Soil C,7.470533695042389,-0.2467439957652771
HDS,Cape,Soil C,10.33263473842194,0.23665379676308662
HDS,Cape,Soil C,10.408039601581061,0.24938938640320019
HDS,Cape,Soil C,15.699877085503616,1.1431602628941537
HDS,Cape,Soil C,8.734369893655213,-0.033286951703167734
HDS,Cape,Soil C,9.23533548339503,0.051324198127849316
HDS,Cape,Soil C,11.182733935267139,0.3802322620082807
HDS,Cape,Soil C,7.776533066424548,-0.19506188587493564
HDS,Cape,Soil C,5.847854321360573,-0.52080826370352
HDS,Cape,Soil C,9.322749361666176,0.06608806395654135
HDS,Cape,Soil C,11.493349146728118,0.43269396942887933
HDS,Cape,Soil C,9.059682017576408,0.02165700736842865
HDS,Cape,Soil C,7.065004373154329,-0.3152363292067055
HDS,Cape,Soil C,4.758926335531216,-0.7047239873604024
HDS,Cape,Soil C,4.701218941760221,-0.7144705428937896
HDS,Cape,Soil C,8.250991389217214,-0.11492771087255105
HDS,Cape,Soil C,9.63806737489338,0.11934405639993824
HDS,Cape,Soil C,9.483783146127829,0.09328604709948947
HDS,Cape,Soil C,4.716425744222524,-0.7119021727942448
HDS,Cape,Soil C,6.881508349683507,-0.3462280976100984
HDS,Cape,Soil C,8.268796738836086,-0.11192045621224907
HDS,Cape,Soil C,6.171298073662651,-0.46617986536951284
HDS,Cape,Soil C,6.487248332218737,-0.41281708913627563
HDS,Cape,Soil C,3.7911495049173487,-0.8681777496449231
HDS,Cape,Soil C,1.920311051074622,-1.1841551260749634
HDS,Cape,Soil C,1.8112385011602328,-1.2025770577450619
HDS,Cape,Soil C,3.903430475393929,-0.8492139281555071
HDS,Cape,Soil C,5.509774081732787,-0.577908708117096
HDS,Cape,Soil C,7.480424985160287,-0.24507339513455872
HDS,Cape,Soil C,15.136259545220272,1.0479674410217554
HDS,Cape,Soil C,8.332275352017314,-0.1011991640497842
HDS,Cape,Soil C,7.599515118668042,-0.22495953235437502
HDS,Cape,Soil C,2.0809470783371022,-1.157024322584001
HDS,Cape,Soil C,1.9783024589702336,-1.1743606016548018
HDS,Cape,Soil C,6.8732841518832375,-0.34761713279848316
HDS,Cape,Soil C,7.471144250914158,-0.24664087524082495
HDS,Cape,Soil C,5.364772793851701,-0.6023988646186013
HDS,Cape,Soil C,10.72908818026193,0.30361324917970395
HDS,Cape,Soil C,12.133905010223387,0.5408813764112297
HDS,Cape,Soil C,14.293826491038004,0.90568375761141
HDS,Cape,Soil C,7.2593933974372,-0.2824047751120512
HDS,Cape,Soil C,4.237449971837353,-0.7927993275544288
HDS,Cape,Soil C,7.800605571363152,-0.19099613292925735
HDS,Cape,Soil C,14.786496688980735,0.9888938478634353
HDS,Cape,Soil C,17.662063471161442,1.4745659515752911
HDS,Cape,Soil C,19.450222952640363,1.7765791694646584
HDS,Cape,Soil C,9.768415446558802,0.1413593413770864
HDS,Cape,Soil C,6.038466253729079,-0.48861464581933034
HDS,Cape,Soil C,14.044566657355265,0.8635847361086794
HDS,Cape,Soil C,20.412788183827253,1.9391527127700587
HDS,Cape,Soil C,13.122031985887517,0.7077721994583968
HDS,Cape,Soil C,12.192857059902614,0.5508381495118437
HDS,Cape,Soil C,11.046934507158067,0.35729626401953524
HDS,Cape,Soil C,9.345109046832606,0.0698645282697365
HDS,Cape,Soil C,9.074982702138891,0.024241233791456533
HDS,Cape,Soil C,9.946966971510864,0.1715160031113221
HDS,Cape,Soil C,14.947652206946067,1.016112391324158
HDS,Cape,Soil C,18.810890907012137,1.6685984605850022
HDS,Cape,Soil C,20.424362694527026,1.9411076028445404
HDS,Cape,Soil C,17.581213570956045,1.4609107162453465
HDS,Cape,Soil C,20.80788969195065,2.0058838288126832
HDS,Cape,Soil C,14.368541200465263,0.9183027829564719
HDS,Cape,Soil C,5.733981883178072,-0.5400408779309499
HDS,Cape,Soil C,2.5351805482614744,-1.0803060469794936
HDS,Cape,Soil C,1.7115261479652844,-1.2194180884045984
HDS,Cape,Soil C,1.3756868792515178,-1.2761400415012927
HDS,Cape,Soil C,22.777206786058553,2.338493866561756
HDS,Cape,Soil C,18.18734384975491,1.563283775167822
HDS,Cape,Soil C,19.20698158538797,1.7354966436560844
HDS,Cape,Soil C,8.256276204313515,-0.11403512605015917
HDS,Cape,Soil C,7.225862129382199,-0.2880680765513759
HDS,Cape,Soil C,7.904779685965482,-0.17340152803092673
HDS,Cape,Soil C,9.25027928102756,0.053848147729232194
HDS,Cape,Soil C,8.804048748660732,-0.021518462685813068
HDS,Cape,Soil C,8.9535920503,0.003738822366033672
HDS,Cape,Soil C,13.56089393937494,0.7818942854103331
HDS,Cape,Soil C,20.425937755500232,1.9413736245488777
HDS,Cape,Soil C,24.078207437694687,2.5582278429472534
HDS,Cape,Soil C,18.070619046413032,1.543569407501003
HDS,Cape,Soil C,9.263490941333373,0.05607954603791099
HDS,Cape,Soil C,4.459133164278967,-0.755357894061088
HDS,Cape,Soil C,3.0339070933228576,-0.9960730631316206
HDS,Cape,Soil C,1.4857113884677375,-1.257557327588322
HDS,Cape,Soil C,10.107023575103362,0.1985489441862611
HDS,Cape,Soil C,13.7643160779964,0.8162514975669313
HDS,Cape,Soil C,10.014055274184315,0.18284695786284524
HDS,Cape,Soil C,8.14726834292617,-0.132446132078325
HDS,Cape,Soil C,5.963795099055838,-0.5012263149349556
HDS,Cape,Soil C,6.8077110456177135,-0.35869217673912385
HDS,Cape,Soil C,6.071296501426328,-0.4830697440061259
HDS,Cape,Soil C,8.922992455701793,-0.0014293307693180781
HDS,Cape,Soil C,2.7642010112923203,-1.04162537687212
HDS,Cape,Soil C,4.29672323441558,-0.7827883028379721
HDS,SWA,Soil C,8.280817463694879,-0.1098902022927473
HDS,SWA,Soil C,6.789859693505059,-0.3617072010426385
HDS,SWA,Soil C,7.795149101773475,-0.19191770953143542
HDS,SWA,Soil C,8.11718556487206,-0.13752699689898368
HDS,SWA,Soil C,4.5245801673762465,-0.7443041484576606
HDS,SWA,Soil C,6.608161041045086,-0.3923954004364714
HDS,SWA,Soil C,7.571120444049555,-0.22975528303616446
HDS,SWA,Soil C,8.282759543376596,-0.10956219254856733
HDS,SWA,Soil C,4.103666246745489,-0.8153948811024844
HDS,SWA,Soil C,2.498559459727418,-1.0864912071429675
HDS,SWA,Soil C,9.55482148489364,0.10528414766400596
HDS,SWA,Soil C,9.8973149732166,0.1631299727069838
HDS,SWA,Soil C,7.575541815057379,-0.22900853057958193
HDS,SWA,Soil C,5.262127374793555,-0.6197352787541649
HDS,SWA,Soil C,5.441033168063823,-0.5895187824716768
HDS,SWA,Soil C,5.199571835285577,-0.6303006673446637
HDS,SWA,Soil C,7.008262596485416,-0.324819795747601
HDS,SWA,Soil C,7.757845250509025,-0.19821818567840926
HDS,SWA,Soil C,8.227388438453136,-0.11891415793489458
HDS,SWA,Soil C,8.905722174060813,-0.004346214518375176
HDS,SWA,Soil C,8.631912395931009,-0.05059162665251131
HDS,SWA,Soil C,5.952709485005441,-0.5030986322569381
HDS,SWA,Soil C,5.7342273268899016,-0.5399994234376633
HDS,SWA,Soil C,6.100455415437522,-0.4781449162478118
HDS,SWA,Soil C,5.438379026334355,-0.5899670567406967
HDS,SWA,Soil C,8.138767587427505,-0.13388187679194472
HDS,SWA,Soil C,6.762108724823705,-0.36639423228219603
HDS,SWA,Soil C,7.770572463022293,-0.19606860872752402
HDS,SWA,Soil C,7.120576644099078,-0.30585038765770994
HDS,SWA,Soil C,4.602148410012444,-0.7312031723941576
HDS,SWA,Soil C,9.487626785514447,0.09393522292054028
HDS,SWA,Soil C,4.947404044907208,-0.6728908314821685
HDS,SWA,Soil C,3.60010329278816,-0.9004447157004287
HDS,SWA,Soil C,6.388062468634712,-0.42956919773755775
HDS,SWA,Soil C,5.386612066485218,-0.5987102959686974
HDS,SWA,Soil C,6.424286088654842,-0.4234511684682484
HDS,SWA,Soil C,6.240459118128164,-0.4544988325489147
HDS,SWA,Soil C,5.478866904280537,-0.5831288108064331
HDS,SWA,Soil C,3.400028256372014,-0.9342366152447563
HDS,SWA,Soil C,3.889099166943476,-0.851634430703807
HDS,SWA,Soil C,7.207167046595797,-0.29122560370122486
HDS,SWA,Soil C,6.858448184431127,-0.3501228702995968
HDS,SWA,Soil C,3.099786323971219,-0.9849463159671383
HDS,SWA,Soil C,3.4057492001851397,-0.9332703699695098
HDS,SWA,Soil C,6.853405550598537,-0.35097455164356667
HDS,SWA,Soil C,12.712918231412432,0.6386744692214769
HDS,SWA,Soil C,4.051450392934215,-0.8242139367838831
HDS,SWA,Soil C,6.233699728708494,-0.4556404672692772
HDS,SWA,Soil C,6.112706727737034,-0.47607571700173384
HDS,SWA,Soil C,10.722587307920124,0.30251527699356917
HDS,SWA,Soil C,7.432661376086645,-0.2531404839058633
HDS,SWA,Soil C,2.778958346048992,-1.0391329201290296
HDS,SWA,Soil C,2.696508418189156,-1.0530583939391736
HDS,SWA,Soil C,4.119904073373983,-0.812652375010385
HDS,SWA,Soil C,5.251896554354075,-0.6214632247425284
HDS,SWA,Soil C,5.765007331801424,-0.5348007996984142
HDS,SWA,Soil C,3.766105390939834,-0.8724076035980401
HDS,SWA,Soil C,12.327437358482305,0.5735682412399866
HDS,SWA,Soil C,10.076812163746725,0.1934463536984982
HDS,SWA,Soil C,4.507445290430954,-0.7471981628775076
HDS,SWA,Soil C,3.472363452911377,-0.9220194804199338
HDS,SWA,Soil C,3.914464234770505,-0.8473503688873032
HDS,SWA,Soil C,4.192092959568903,-0.8004599514366524
HDS,SWA,Soil C,2.959515772909632,-1.0086374693234306
HDS,SWA,Soil C,2.3773074156018943,-1.1069702082618869
HDS,SWA,Soil C,2.8205938886313526,-1.0321008380781218
HDS,SWA,Soil C,15.807544745088096,1.1613449140231638
HDS,SWA,Soil C,9.449374362875444,0.08747453673850326
HDS,SWA,Soil C,8.183540157506902,-0.12631996293419842
HDS,SWA,Soil C,7.930648121303981,-0.16903244938930498
HDS,SWA,Soil C,3.579682659573024,-0.9038936816413979
HDS,SWA,Soil C,2.8862473826938198,-1.021012216949604
HDS,SWA,Soil C,2.907958655388526,-1.0173452669941232
HDS,SWA,Soil C,2.38289842762219,-1.106025907963733
HDS,SWA,Soil C,2.8678853322046365,-1.0241134962329814
HDS,SWA,Soil C,2.424636039618376,-1.0989765867837447
HDS,SWA,Soil C,9.291394824828664,0.06079240399790291
HDS,SWA,Soil C,12.599510120914044,0.6195202781433725
HDS,SWA,Soil C,12.7181263033549,0.6395540924221117
HDS,SWA,Soil C,5.105478032430012,-0.6461927465905003
HDS,SWA,Soil C,1.454000051286486,-1.262913249744529
HDS,SWA,Soil C,1.1569467735290537,-1.3130843990348076
HDS,SWA,Soil C,1.4984233708395243,-1.2554103229494062
HDS,SWA,Soil C,2.808853805072746,-1.0340836927678458
HDS,SWA,Soil C,2.622744812911936,-1.0655167814731923
HDS,SWA,Soil C,5.589325061194192,-0.5644728554751833
HDS,SWA,Soil C,10.305423806867267,0.23205797570477874
HDS,SWA,Soil C,19.245191245208336,1.7419501073635062
HDS,SWA,Soil C,16.300013105604386,1.2445209147147884
HDS,SWA,Soil C,7.888215910593669,-0.1761990856046509
HDS,SWA,Soil C,3.973611573113335,-0.8373606122869942
HDS,SWA,Soil C,1.6593018955654577,-1.2282385625751089
HDS,SWA,Soil C,1.383899517059325,-1.2747529587509083
HDS,SWA,Soil C,2.8071277731851803,-1.0343752128754997
HDS,SWA,Soil C,3.668985167366816,-0.8888108335935899
HDS,SWA,Soil C,3.836438891118709,-0.8605285475437803
HDS,SWA,Soil C,11.478781430682679,0.43023353855246615
HDS,SWA,Soil C,3.758272548634649,-0.873730540357491
HDS,SWA,Soil C,2.7322247527857777,-1.0470260432151668
HDS,SWA,Soil C,5.075131355887152,-0.6513181828448644
HDS,SWA,Soil C,6.1406835581279235,-0.47135053859331283
HDS,SWA,Soil C,3.018814027609946,-0.9986222235342498
HDS,SWA,Soil C,4.61713781153644,-0.728671520471951
HDS,SWA,Soil C,9.868548455593379,0.15827141918038506
HDS,SWA,Soil C,20.56250740880664,1.9644397105933897
HDS,SWA,Soil C,17.749504585266113,1.4893344174308878
HDS,SWA,Soil C,9.307201985253228,0.0634621722344404
HDS,SWA,Soil C,6.363036721547445,-0.43379594959397494
HDS,SWA,Soil C,4.86956838607788,-0.6860369731060366
HDS,SWA,Soil C,3.6720224698384603,-0.8882978449576963
HDS,SWA,Soil C,3.8395275221930607,-0.8600068897054836
HDS,SWA,Soil C,2.869081648937121,-1.0239114429655103
HDS,SWA,Soil C,4.465162589347774,-0.7543395474952955
HDS,SWA,Soil C,3.8541023532565246,-0.8575452571300546
HDS,SWA,Soil C,4.441529541999174,-0.7583310777543188
HDS,SWA,Soil C,5.832296216256393,-0.5234359674600598
HDS,SWA,Soil C,3.8123729655438447,-0.864593189260379
HDS,SWA,Soil C,2.9127226586199932,-1.0165406452806391
HDS,SWA,Soil C,5.734204084297687,-0.5400033490215608
HDS,SWA,Soil C,8.568770597779634,-0.06125603205959817
HDS,SWA,Soil C,5.452486196105734,-0.587584410348082
HDS,SWA,Soil C,3.5299417198000227,-0.9122947339173731
HDS,SWA,Soil C,3.6354579229396022,-0.8944734554577491
HDS,SWA,Soil C,17.099367585068194,1.379528793529646
HDS,SWA,Soil C,16.80031369818545,1.3290197490986198
HDS,SWA,Soil C,16.638360625372993,1.3016665017100209
HDS,SWA,Soil C,10.628710339864094,0.28665982030642295
HDS,SWA,Soil C,8.190470447540283,-0.12514946376140823
HDS,SWA,Soil C,8.266552687750924,-0.11229946775811933
HDS,SWA,Soil C,7.584456091986763,-0.22750294369626117
HDS,SWA,Soil C,8.105408193286422,-0.13951614939220275
HDS,SWA,Soil C,8.598874974384586,-0.05617151932726897
HDS,SWA,Soil C,7.515496071339346,-0.2391500243717604
HDS,SWA,Soil C,6.102607398406923,-0.47778145465047456
HDS,SWA,Soil C,5.553938941606274,-0.5704494341618483
HDS,SWA,Soil C,9.308234603114137,0.0636365773958667
HDS,SWA,Soil C,5.21110896800273,-0.6283520902668284
HDS,SWA,Soil C,4.369635471660553,-0.7704737080705888
HDS,SWA,Soil C,7.80278927607653,-0.19062731365209645
HDS,SWA,Soil C,10.229930516792164,0.21930745110068672
HDS,SWA,Soil C,8.689490879993249,-0.04086684347017083
HDS,SWA,Soil C,17.35360130830046,1.4224678857329138
HDS,SWA,Soil C,15.755364081135866,1.1525318017728052
HDS,SWA,Soil C,18.871012124834408,1.678752701661371
HDS,SWA,Soil C,18.485469974941676,1.6136361242379824
HDS,SWA,Soil C,11.377714284261067,0.41316368855874985
HDS,SWA,Soil C,11.4446859020657,0.4244749356873928
HDS,SWA,Soil C,10.652731759813095,0.29071694519500924
HDS,SWA,Soil C,11.415200052554445,0.41949488978805793
HDS,SWA,Soil C,12.11013417235563,0.5368665738666435
HDS,SWA,Soil C,12.262130293884146,0.5625381307076274
HDS,SWA,Soil C,11.79788139620363,0.4841282881056004
HDS,SWA,Soil C,5.360607777640429,-0.6031023197419033
HDS,SWA,Soil C,5.475183928613242,-0.583750851146911
HDS,SWA,Soil C,5.38907708363671,-0.5982939641091592
HDS,SWA,Soil C,5.421102046672,-0.5928850717596489
HDS,SWA,Soil C,3.4569663193558484,-0.9246199967047183
HDS,SWA,Soil C,8.175624607050423,-0.1276568687803983
HDS,SWA,Soil C,8.445808245488747,-0.08202389761032795
HDS,SWA,Soil C,9.826011672508493,0.1510871210955725
HDS,SWA,Soil C,19.215415845348794,1.7369211575306391
HDS,SWA,Soil C,29.095584322152675,3.405643386098709
HDS,SWA,Soil C,30.909326641047407,3.711977446245558
HDS,SWA,Soil C,30.758280654419153,3.68646636351308
HDS,SWA,Soil C,22.871182169673418,2.3543659452560117
HDS,SWA,Soil C,15.614634875652762,1.1287631834592897
HDS,SWA,Soil C,14.233483528730485,0.8954920647494299
HDS,SWA,Soil C,12.87366197042046,0.6658234648095169
HDS,SWA,Soil C,11.348691177991315,0.4082617982025141
HDS,SWA,Soil C,11.187922013498818,0.38110850834852067
HDS,SWA,Soil C,18.48989489407009,1.6143834759584046
HDS,SWA,Soil C,28.239423638546103,3.261041159191898
HDS,SWA,Soil C,37.45220039314694,4.817043508071963
HDS,SWA,Soil C,29.88512755362942,3.538994183089057
HDS,SWA,Soil C,21.412298090577398,2.1079660688361805
HDS,SWA,Soil C,17.42179200916995,1.433985031274481
HDS,SWA,Soil C,15.686898430002996,1.1409682181955578
3QDS,Cape,Soil C,5.946850676470312,-0.6391282946517485
3QDS,Cape,Soil C,7.721877499752625,-0.38383573598749704
3QDS,Cape,Soil C,6.121148120278359,-0.6140600309980687
3QDS,Cape,Soil C,9.136272668838501,-0.18041088801219385
3QDS,Cape,Soil C,8.193620011049521,-0.31598754847842875
3QDS,Cape,Soil C,5.517246499732612,-0.700915952197909
3QDS,Cape,Soil C,10.75860548209464,0.05292051265659523
3QDS,Cape,Soil C,5.654842080722422,-0.6811263200238853
3QDS,Cape,Soil C,7.340170076796484,-0.43873466111326803
3QDS,Cape,Soil C,8.301972979068701,-0.3004037240079167
3QDS,Cape,Soil C,9.01669398277127,-0.19760924711719155
3QDS,Cape,Soil C,7.3640934042031585,-0.4352938976356104
3QDS,Cape,Soil C,7.938496877340208,-0.352680536282779
3QDS,Cape,Soil C,7.49726799364852,-0.4161401128912769
3QDS,Cape,Soil C,8.40592041300946,-0.28545352380291455
3QDS,Cape,Soil C,9.035161518946243,-0.1949531607412036
3QDS,Cape,Soil C,9.94528575979579,-0.06405488748627247
3QDS,Cape,Soil C,12.782930154091229,0.3440682397233573
3QDS,Cape,Soil C,5.94355232793977,-0.6396026783763682
3QDS,Cape,Soil C,3.3472661311576895,-1.0130125545018047
3QDS,Cape,Soil C,5.640178903253346,-0.6832352459539771
3QDS,Cape,Soil C,6.7116572384782955,-0.5291302813613467
3QDS,Cape,Soil C,9.254710938076284,-0.16337654892453587
3QDS,Cape,Soil C,13.523148862505066,0.45052991430958994
3QDS,Cape,Soil C,10.737080394812619,0.04982467515396119
3QDS,Cape,Soil C,12.147184926578948,0.25263242384645923
3QDS,Cape,Soil C,7.871044377302677,-0.3623818664807301
3QDS,Cape,Soil C,7.768772130510236,-0.37709113353039847
3QDS,Cape,Soil C,11.34227135573235,0.13686603524337007
3QDS,Cape,Soil C,25.381935494878086,2.156115397481988
3QDS,Cape,Soil C,19.70638047596854,1.3398308525882658
3QDS,Cape,Soil C,21.294187977537707,1.5681966634171507
3QDS,Cape,Soil C,9.304078521194503,-0.1562762750334547
3QDS,Cape,Soil C,2.3648721340483263,-1.1543049980011568
3QDS,Cape,Soil C,2.4852629089355447,-1.1369898405300738
3QDS,Cape,Soil C,14.107194515167304,0.5345300584703192
3QDS,Cape,Soil C,15.551753597674614,0.7422932198365406
3QDS,Cape,Soil C,11.89326008320684,0.21611177969472045
3QDS,Cape,Soil C,11.411611340667413,0.1468388322398002
3QDS,Cape,Soil C,10.339066579153776,-0.007419510708748347
3QDS,Cape,Soil C,12.345340420237484,0.2811320624580723
3QDS,Cape,Soil C,16.09523043811018,0.820458569987698
3QDS,Cape,Soil C,23.44861590388253,1.878056441624463
3QDS,Cape,Soil C,11.605304056505156,0.1746966135263992
3QDS,Cape,Soil C,6.115899286662083,-0.6148149424993068
3QDS,Cape,Soil C,2.7854730393079756,-1.093812232555686
3QDS,Cape,Soil C,2.2200080617268867,-1.175140018180219
3QDS,Cape,Soil C,15.809564158362168,0.7793727258052924
3QDS,Cape,Soil C,11.344244704370103,0.13714985136167354
3QDS,Cape,Soil C,6.651634796866257,-0.5377629862283513
3QDS,Cape,Soil C,5.648356307205208,-0.6820591339365588
3QDS,Cape,Soil C,7.533363494955611,-0.41094869112565174
3QDS,Cape,Soil C,7.582523000406903,-0.4038783439259839
3QDS,Cape,Soil C,0.6455069722271958,-1.4015920393472803
3QDS,SWA,Soil C,9.554648664920645,-0.12023811928410806
3QDS,SWA,Soil C,6.831125691994346,-0.5119477764111536
3QDS,SWA,Soil C,8.467361747755913,-0.2766167471697797
3QDS,SWA,Soil C,10.966199202731408,0.08277760067850572
3QDS,SWA,Soil C,7.283440919792445,-0.4468937105723893
3QDS,SWA,Soil C,10.15033657235721,-0.034563532252446405
3QDS,SWA,Soil C,13.636116631717554,0.4667774608089264
3QDS,SWA,Soil C,9.302224499852437,-0.1565429289487791
3QDS,SWA,Soil C,10.24331744255193,-0.021190593912875467
3QDS,SWA,Soil C,8.612808644150645,-0.25569790253974567
3QDS,SWA,Soil C,6.780394828262177,-0.5192441236187322
3QDS,SWA,Soil C,6.832877272830527,-0.511695855962679
3QDS,SWA,Soil C,7.8052297941012965,-0.3718476239118387
3QDS,SWA,Soil C,6.646243931511655,-0.5385383253904075
3QDS,SWA,Soil C,7.6487290962742325,-0.39435627733440026
3QDS,SWA,Soil C,8.114105649503683,-0.32742367132645106
3QDS,SWA,Soil C,6.833731639798753,-0.5115729769579813
3QDS,SWA,Soil C,8.215316193383675,-0.3128671032949076
3QDS,SWA,Soil C,11.106108073919115,0.10289994093660337
3QDS,SWA,Soil C,7.946108608997125,-0.3515857818683264
3QDS,SWA,Soil C,3.212905961075823,-1.032336854930874
3QDS,SWA,Soil C,6.3467637133983565,-0.5816109540113621
3QDS,SWA,Soil C,7.4392365586292115,-0.42448646199131024
3QDS,SWA,Soil C,6.0602139751766675,-0.6228238612731875
3QDS,SWA,Soil C,7.950768651776908,-0.3509155529855112
3QDS,SWA,Soil C,18.418695716298977,1.1546300811198564
3QDS,SWA,Soil C,8.189398260995727,-0.3165947400764019
3QDS,SWA,Soil C,5.210601761067131,-0.7450190152660385
3QDS,SWA,Soil C,3.887313234854994,-0.9353404849343381
3QDS,SWA,Soil C,4.391868762657975,-0.8627729777893894
3QDS,SWA,Soil C,4.486425052248645,-0.849173455353575
3QDS,SWA,Soil C,9.665518010053685,-0.10429237783097062
3QDS,SWA,Soil C,8.596685941043479,-0.25801674419037574
3QDS,SWA,Soil C,7.079690668996453,-0.47619801300428477
3QDS,SWA,Soil C,3.0317088941345873,-1.058397454261056
3QDS,SWA,Soil C,2.6477687681714825,-1.1136174970487733
3QDS,SWA,Soil C,1.9338311579493013,-1.216299302669732
3QDS,SWA,Soil C,9.944909889019268,-0.06410894695794186
3QDS,SWA,Soil C,15.38324824152542,0.7180580009904327
3QDS,SWA,Soil C,11.902062681221668,0.21737781001078227
3QDS,SWA,Soil C,3.796554037468968,-0.9483938920260389
3QDS,SWA,Soil C,2.6919369216197726,-1.1072650291551118
3QDS,SWA,Soil C,2.195705183015978,-1.1786353704800463
3QDS,SWA,Soil C,5.127055638511263,-0.7570350046099767
3QDS,SWA,Soil C,9.813116208101684,-0.08306412305776725
3QDS,SWA,Soil C,11.446389773023824,0.15184082706384558
3QDS,SWA,Soil C,3.8351122569612794,-0.9428482707528192
3QDS,SWA,Soil C,11.853051839294002,0.21032884428593415
3QDS,SWA,Soil C,19.0550255038629,1.2461499711241533
3QDS,SWA,Soil C,17.404144101554966,1.0087125804783734
3QDS,SWA,Soil C,7.48556440188561,-0.4178233775312951
3QDS,SWA,Soil C,5.939870125848706,-0.640132269693534
3QDS,SWA,Soil C,5.997926096588485,-0.631782391752823
3QDS,SWA,Soil C,6.311279368442353,-0.5867144764469227
3QDS,SWA,Soil C,4.639629014831357,-0.8271389536253597
3QDS,SWA,Soil C,6.561086508682712,-0.5507860593841132
3QDS,SWA,Soil C,5.81463706188467,-0.6581438675518824
3QDS,SWA,Soil C,7.753191046884252,-0.3793320769648664
3QDS,SWA,Soil C,8.602386076713792,-0.25719692434263014
3QDS,SWA,Soil C,6.8053662249623175,-0.5156526219730216
3QDS,SWA,Soil C,2.6692665302183443,-1.1105255895877078
3QDS,SWA,Soil C,4.110410945168018,-0.9032535414859971
3QDS,SWA,Soil C,16.215091722290847,0.837697573659024
3QDS,SWA,Soil C,16.296727347004502,0.8494387863764551
3QDS,SWA,Soil C,20.87465591480077,1.5078576238415389
3QDS,SWA,Soil C,21.634898059986256,1.6171991616161112
3QDS,SWA,Soil C,13.137844033888829,0.3951135936811297
3QDS,SWA,Soil C,12.594904830242532,0.3170255689369825
3QDS,SWA,Soil C,11.674298615784318,0.18461972980906965
3QDS,SWA,Soil C,9.347645724817003,-0.1500102385202333
3QDS,SWA,Soil C,8.214767527618505,-0.3129460149401877
3QDS,SWA,Soil C,8.953842619736532,-0.20664882053332925
3QDS,SWA,Soil C,8.188143755291183,-0.3167751688828691
3QDS,SWA,Soil C,9.552106608293276,-0.12060372961301033
3QDS,SWA,Soil C,11.651742474190776,0.18137560131169844
3QDS,SWA,Soil C,8.089973517822612,-0.3308944659995654
3QDS,SWA,Soil C,21.6008914290767,1.6123081708420126
3QDS,SWA,Soil C,30.965795639000447,2.9592119618371786
3QDS,SWA,Soil C,32.28240610593148,3.1485729621658476
3QDS,SWA,Soil C,30.962426588298023,2.9587274093995424
3QDS,SWA,Soil C,20.994958568105798,1.5251601072595342
3QDS,SWA,Soil C,15.953320849037379,0.8000484772396936
3QDS,SWA,Soil C,14.637517851087692,0.6108036108305722
3QDS,SWA,Soil C,12.351949649033301,0.2820826322792999
3QDS,SWA,Soil C,7.784852573050913,-0.37477836998969216
3QDS,SWA,Soil C,9.063470781046055,-0.1908815918721801
3QDS,SWA,Soil C,8.993844665081106,-0.20089554155530479
3QDS,SWA,Soil C,7.96380400561955,-0.349040748170208
3QDS,SWA,Soil C,7.36988790491655,-0.43446050577138595
3QDS,SWA,Soil C,27.950525627685238,2.525541897725806
3QDS,SWA,Soil C,46.93321045533154,5.255719333019766
3QDS,SWA,Soil C,35.6257353774109,3.6294260247661967
3QDS,SWA,Soil C,21.30429331701922,1.5696500600298484
3QDS,SWA,Soil C,15.350488549177655,0.7133463506813689
0.05º,Cape,pH,1.2430248260498047,-0.12440735434364486
0.05º,Cape,pH,1.6714875962999132,0.07931292673790451
0.05º,Cape,pH,3.1197918483189175,0.7679350656945388
0.05º,Cape,pH,1.5088191562228732,0.00196930989052368
0.05º,Cape,pH,0.5278002421061198,-0.46447366440458254
0.05º,Cape,pH,4.746477127075195,1.5413716516224232
0.05º,Cape,pH,2.6464157104492188,0.5428599213411097
0.05º,Cape,pH,0.5213105943467882,-0.46755928340685793
0.05º,Cape,pH,0.9060928344726562,-0.2846076909782501
0.05º,Cape,pH,1.6934254964192708,0.08974369339715395
0.05º,Cape,pH,1.432064904106988,-0.03452487093672707
0.05º,Cape,pH,1.6254848904079862,0.057440118117111985
0.05º,Cape,pH,0.30618879530164933,-0.5698427871583327
0.05º,Cape,pH,1.3703675270080566,-0.06385999145898778
0.05º,Cape,pH,3.296250661214193,0.8518355617431402
0.05º,Cape,pH,1.5315195719401042,0.012762628217534508
0.05º,Cape,pH,1.4636171129014757,-0.019522809402641787
0.05º,Cape,pH,0.5503955417209201,-0.45373032540697966
0.05º,Cape,pH,0.5339209238688151,-0.46156347687911997
0.05º,Cape,pH,0.46030595567491317,-0.4965650290641951
0.05º,Cape,pH,1.7023968166775174,0.09400926793847465
0.05º,Cape,pH,0.7269956800672743,-0.3697626336470661
0.05º,Cape,pH,0.5508855183919271,-0.4534973572424815
0.05º,Cape,pH,0.7939207288953993,-0.33794192317856164
0.05º,Cape,pH,0.7011286417643229,-0.38206157927248974
0.05º,Cape,pH,0.7445659637451172,-0.3614085282776701
0.05º,Cape,pH,1.3646469116210938,-0.0665799602766081
0.05º,Cape,pH,1.3315366109212239,-0.0823228444514331
0.05º,Cape,pH,0.37767961290147567,-0.5358512003334499
0.05º,Cape,pH,1.2614161173502605,-0.11566288622802669
0.05º,Cape,pH,1.2430483500162761,-0.12439616945339428
0.05º,Cape,pH,2.518621656629774,0.4820979546725685
0.05º,Cape,pH,1.3138177659776475,-0.09074758592952853
0.05º,Cape,pH,1.770048353407118,0.12617540006264494
0.05º,Cape,pH,1.191102769639757,-0.14909462395171957
0.05º,Cape,pH,2.927938461303711,0.6767149442674887
0.05º,Cape,pH,1.6064739227294922,0.048401013793452116
0.05º,Cape,pH,3.349393844604492,0.8771034379964735
0.05º,Cape,pH,0.5943599277072482,-0.4328266724116814
0.05º,Cape,pH,2.14664543999566,0.3052352149668102
0.05º,Cape,pH,0.6540095011393229,-0.40446521673868713
0.05º,Cape,pH,0.5863689846462674,-0.4366261090944517
0.05º,Cape,pH,0.3295970492892795,-0.558712914476035
0.05º,Cape,pH,5.7047170003255205,1.9969839238582394
0.05º,Cape,pH,4.841776984078543,1.5866836717179396
0.05º,Cape,pH,5.780967167445591,2.0332384284658356
0.05º,Cape,pH,2.0104730394151478,0.24048961360308418
0.05º,Cape,pH,3.042361259460449,0.7311193084763583
0.05º,Cape,pH,0.4923909505208333,-0.4813096448806512
0.05º,Cape,pH,1.3110504150390625,-0.092063372388013
0.05º,Cape,pH,0.65772247314453125,-0.40269981784508563
0.05º,Cape,pH,2.737717522515191,0.5862709995229485
0.05º,Cape,pH,1.4413108825683594,-0.030128705244372937
0.05º,Cape,pH,1.0661214192708333,-0.20851924049949133
0.05º,Cape,pH,0.8481924268934462,-0.31213747448753265
0.05º,Cape,pH,0.8207270304361979,-0.325196388061332
0.05º,Cape,pH,0.7899610731336806,-0.3398246122726284
0.05º,Cape,pH,1.165051778157552,-0.16148103340360703
0.05º,Cape,pH,0.3161977132161458,-0.5650838682686632
0.05º,Cape,pH,0.49956185477120535,-0.4779001103051222
0.05º,Cape,pH,0.7857208251953125,-0.34184071393148563
0.05º,Cape,pH,0.8992610507541232,-0.28785598463656603
0.05º,Cape,pH,0.48783620198567706,-0.48347528146862395
0.05º,Cape,pH,1.477183871799045,-0.013072251436158226
0.05º,Cape,pH,0.6371366712782118,-0.4124877052268706
0.05º,Cape,pH,1.7933786180284288,0.13726819130699494
0.05º,Cape,pH,0.3569573296440972,-0.5457039802316436
0.05º,Cape,pH,1.3706876966688368,-0.0637077610720866
0.05º,Cape,pH,1.0947791205512152,-0.19489342429010972
0.05º,Cape,pH,0.2062955583844866,-0.6173388118211781
0.05º,Cape,pH,1.2398613823784723,-0.1259114701704022
0.05º,Cape,pH,0.6117833455403646,-0.4245423970327685
0.05º,Cape,pH,0.5214339362250434,-0.46750063830662525
0.05º,Cape,pH,1.7669847276475694,0.12471874444586964
0.05º,Cape,pH,1.0735727945963542,-0.20497635093904445
0.05º,Cape,pH,1.0250913831922743,-0.22802770439200387
0.05º,Cape,pH,0.6497552659776475,-0.40648796887282845
0.05º,Cape,pH,1.3128793504503038,-0.09119377236222644
0.05º,Cape,pH,1.2980833053588867,-0.09822881641788439
0.05º,Cape,pH,3.045692867702908,0.7327033811536906
0.05º,Cape,pH,0.55724122789171,-0.4504754215792905
0.05º,Cape,pH,2.033717261420356,0.251541494347959
0.05º,Cape,pH,0.3254479302300347,-0.5606856872807684
0.05º,Cape,pH,2.48630608452691,0.4667329384116139
0.05º,Cape,pH,0.8083436754014757,-0.3310842755128686
0.05º,Cape,pH,0.5961278279622396,-0.43198609264168
0.05º,Cape,pH,1.069549560546875,-0.20688926946622088
0.05º,Cape,pH,1.7998402913411458,0.14034050935870204
0.05º,Cape,pH,1.0274399651421442,-0.22691102913293468
0.05º,Cape,pH,0.7692616780598959,-0.3496665095749026
0.05º,Cape,pH,0.7147861056857638,-0.3755678939814365
0.05º,Cape,pH,3.7256262037489147,1.0559898367193663
0.05º,Cape,pH,3.709827423095703,1.0484780241211813
0.05º,Cape,pH,0.9160008430480957,-0.27989675123716434
0.05º,Cape,pH,0.4665357801649306,-0.493602947678561
0.05º,Cape,pH,1.16785642835829,-0.16014751234436486
0.05º,Cape,pH,1.6118965148925781,0.05097928214337112
0.05º,Cape,pH,0.752577887641059,-0.3575991158819735
0.05º,Cape,pH,0.8603040907118056,-0.3063787674801511
0.05º,Cape,pH,0.9374860127766927,-0.2696812433328496
0.05º,Cape,pH,1.0636520385742188,-0.20969335168146871
0.05º,Cape,pH,1.9022271898057725,0.18902218996797907
0.05º,Cape,pH,0.47486962212456596,-0.48964047358655277
0.05º,Cape,pH,1.1861529880099826,-0.15144808608408009
0.05º,Cape,pH,1.7155895233154297,0.10028197607349663
0.05º,Cape,pH,1.4372553825378418,-0.03205696520885246
0.05º,Cape,pH,3.0938318040635853,0.7555918987269663
0.05º,Cape,pH,0.884009043375651,-0.29510782411000847
0.05º,Cape,pH,2.2107111612955728,0.33569640706359816
0.05º,Cape,pH,1.116528828938802,-0.1845521367528647
0.05º,Cape,pH,1.553209940592448,0.023075701617210537
0.05º,Cape,pH,4.880536488124302,1.6051125705792668
0.05º,Cape,pH,1.3793672834123885,-0.05958089644383462
0.05º,Cape,pH,0.1845770941840278,-0.6276652437512948
0.05º,Cape,pH,0.9529584248860677,-0.26232460849129385
0.05º,Cape,pH,1.1558409796820746,-0.1658604721429739
0.05º,Cape,pH,1.2645015716552734,-0.11419585183921714
0.05º,Cape,pH,1.8279198540581598,0.15369143925634035
0.05º,Cape,pH,0.6614307827419705,-0.40093663577657884
0.05º,Cape,pH,3.5732192993164062,0.9835252503758773
0.05º,Cape,pH,1.3496937221950955,-0.07368972141443532
0.05º,Cape,pH,0.7072152031792535,-0.3791676148761293
0.05º,Cape,pH,1.068309360080295,-0.20747894494141247
0.05º,Cape,pH,0.9177186754014757,-0.27907997714573685
0.05º,Cape,pH,0.14926868014865452,-0.6444532601934964
0.05º,Cape,pH,2.311575995551215,0.383654395044231
0.05º,Cape,pH,0.604537116156684,-0.42798774628904834
0.05º,Cape,pH,0.7114613850911459,-0.3771486918035152
0.05º,Cape,pH,4.994179195827908,1.6591460268413656
0.05º,Cape,pH,0.52771759033203125,-0.46451296266762504
0.05º,Cape,pH,2.425064934624566,0.43761473926310895
0.05º,Cape,pH,0.6873865127563477,-0.3885955200919673
0.05º,Cape,pH,0.5480829874674479,-0.45482987065395336
0.05º,Cape,pH,1.2972596486409504,-0.09862043872381948
0.05º,Cape,pH,1.5268478393554688,0.01054136947264001
0.05º,Cape,pH,0.8760384453667535,-0.29889758737418376
0.05º,Cape,pH,1.276766883002387,-0.10836409036848742
0.05º,Cape,pH,0.9366751776801215,-0.27006676936977425
0.05º,Cape,pH,1.025299072265625,-0.2279289549105125
0.05º,Cape,pH,1.533641391330295,0.013771485165179313
0.05º,Cape,pH,0,-0.7154257217186948
0.05º,Cape,pH,0.81537840101454,-0.3277394895040668
0.05º,Cape,pH,1.2292243109809027,-0.13096905585919483
0.05º,Cape,pH,1.141400655110677,-0.17272638252038358
0.05º,Cape,pH,0.5634418063693576,-0.4475272457328868
0.05º,Cape,pH,1.3074607849121094,-0.09377012618138182
0.05º,Cape,pH,2.087313758002387,0.27702490645936395
0.05º,Cape,pH,1.3028123643663194,-0.09598030080080278
0.05º,Cape,pH,0.6659673055013021,-0.3987796649594308
0.05º,Cape,pH,0.8037418789333768,-0.33327228188134245
0.05º,Cape,pH,1.8121538162231445,0.14619519481620663
0.05º,Cape,pH,0.85070037841796875,-0.3109450241161354
0.05º,Cape,pH,1.5108990139431424,0.002958215412316244
0.05º,Cape,pH,0.5018634796142578,-0.47680576164164973
0.05º,Cape,pH,0.7622290717230903,-0.3530102879359341
0.05º,Cape,pH,1.0094278123643663,-0.23547522906244256
0.05º,Cape,pH,0,-0.7154257217186948
0.05º,Cape,pH,2.7816535101996527,0.6071611500381244
0.05º,Cape,pH,0.6195725335015191,-0.4208388884177327
0.05º,Cape,pH,1.6629083421495225,0.07523376703409315
0.05º,Cape,pH,1.0701463487413194,-0.20660551585409867
0.05º,Cape,pH,8.100440979003906,3.1360737029895103
0.05º,Cape,pH,1.1835411919487848,-0.15268991119622297
0.05º,Cape,pH,0.4945411682128906,-0.480287285452884
0.05º,Cape,pH,2.4615988731384277,0.45498545321969236
0.05º,Cape,pH,1.1480475531684027,-0.16956599605355044
0.05º,Cape,pH,1.2114529079861112,-0.13941878700199417
0.05º,Cape,pH,0.6120791965060763,-0.42440172940403187
0.05º,Cape,pH,1.191239251030816,-0.14902973143531087
0.05º,Cape,pH,1.294985877143012,-0.09970154401659634
0.05º,Cape,pH,0.8664191109793526,-0.3034712718137321
0.05º,Cape,pH,0.8058954874674479,-0.33224831021714285
0.05º,Cape,pH,1.6149588690863714,0.05243533317148416
0.05º,Cape,pH,0.976242913140191,-0.25125358243878276
0.05º,Cape,pH,1.5699585808648004,0.03103914194605329
0.05º,Cape,pH,1.4371693929036458,-0.03209785051713325
0.05º,Cape,pH,5.621996879577637,1.9576531641751482
0.05º,Cape,pH,0.4636281331380208,-0.4949854404194407
0.05º,Cape,pH,1.3962046305338542,-0.051575278858319897
0.05º,Cape,pH,1.637384033203125,0.0630977782060858
0.05º,Cape,pH,2.561278873019748,0.5023800905231333
0.05º,Cape,pH,0.44639545016818577,-0.5031790274990247
0.05º,Cape,pH,1.2128685845269098,-0.13874567829142007
0.05º,Cape,pH,0.6425798204210069,-0.4098996626935795
0.05º,Cape,pH,0.6801630655924479,-0.3920300371347162
0.05º,Cape,pH,1.142183091905382,-0.17235435896358123
0.05º,Cape,pH,4.165924072265625,1.2653373267742705
0.05º,Cape,pH,0.5436757405598959,-0.45692537495711183
0.05º,Cape,pH,1.0292875501844618,-0.22603256180676934
0.05º,Cape,pH,0.6704542371961806,-0.3966462731001083
0.05º,Cape,pH,1.2564417521158855,-0.11802803707452292
0.05º,Cape,pH,1.2848180135091145,-0.10453603648903992
0.05º,Cape,pH,0.4035424126519097,-0.5235542700035669
0.05º,Cape,pH,2.1496620178222656,0.3066695008030843
0.05º,Cape,pH,0.7363806830512153,-0.3653003662609789
0.05º,Cape,pH,0.28887515597873265,-0.578074866382743
0.05º,Cape,pH,0.9225896199544271,-0.27676399951043223
0.05º,Cape,pH,0.9345158168247768,-0.2710934760779219
0.05º,Cape,pH,1.7873569064670138,0.1344050609324063
0.05º,Cape,pH,0.918127695719401,-0.278885501126065
0.05º,Cape,pH,0.7607014973958334,-0.3537366004487811
0.05º,Cape,pH,1.015425788031684,-0.23262338434288157
0.05º,Cape,pH,0.6209021674262153,-0.4202066902066336
0.05º,Cape,pH,5.806283315022786,2.0452754432508486
0.05º,Cape,pH,0.651930914984809,-0.4054535176718174
0.05º,Cape,pH,1.1626527574327257,-0.1626216906796098
0.05º,Cape,pH,2.000330607096354,0.2356672129038843
0.05º,Cape,pH,0.7056749131944444,-0.3798999732755982
0.05º,Cape,pH,1.5900340610080295,0.04058438774474504
0.05º,Cape,pH,0.7608981662326388,-0.3536430907356954
0.05º,Cape,pH,1.0129487779405382,-0.23380112305683212
0.05º,Cape,pH,0.9400689866807725,-0.26845312223038303
0.05º,Cape,pH,2.092638833182199,0.27955680861688015
0.05º,Cape,pH,1.1897994147406683,-0.1497143273304667
0.05º,Cape,pH,0.34505971272786456,-0.5513609148142227
0.05º,Cape,pH,0.89452362060546875,-0.29010848046234045
0.05º,Cape,pH,1.7909350395202637,0.13610634823662118
0.05º,Cape,pH,0.7386656867133247,-0.3642139204350193
0.05º,Cape,pH,0.83817291259765625,-0.31690143161605383
0.05º,Cape,pH,0.6651924981011285,-0.39914806098426003
0.05º,Cape,pH,2.0354232788085938,0.25235265080306707
0.05º,Cape,pH,2.192080603705512,0.32683817551471084
0.05º,Cape,pH,1.7709070841471355,0.1265836989391788
0.05º,Cape,pH,1.1438123914930556,-0.1715796793577588
0.05º,Cape,pH,0.6730982462565104,-0.3953891317418565
0.05º,Cape,pH,1.8936907450358074,0.18496338474912824
0.05º,Cape,pH,0.7478205362955729,-0.359861083596789
0.05º,Cape,pH,4.565206527709961,1.4551833057062773
0.05º,Cape,pH,1.5416001213921442,0.017555605601840905
0.05º,Cape,pH,1.1459469265407987,-0.17056477652349203
0.05º,Cape,pH,2.640159183078342,0.5398851435935695
0.05º,Cape,pH,0.7434675428602431,-0.36193079211702717
0.05º,Cape,pH,1.6432666778564453,0.06589478673398594
0.05º,Cape,pH,1.362349616156684,-0.06767225045963556
0.05º,Cape,pH,0.9780510796440972,-0.25039385736114533
0.05º,Cape,pH,1.5424457126193576,0.017957657062198706
0.05º,Cape,pH,2.0096634758843317,0.24010469215482172
0.05º,Cape,pH,0.39629194471571183,-0.5270016345553873
0.05º,Cape,pH,0.7825113932291666,-0.343366695714859
0.05º,Cape,pH,13.768015289306641,5.8308231928260765
0.05º,Cape,pH,5.3396046956380205,1.823384753750995
0.05º,Cape,pH,1.0645107693142362,-0.20928505280493484
0.05º,Cape,pH,1.2019708421495225,-0.1439272046559621
0.05º,Cape,pH,1.8897079467773437,0.18306969214140947
0.05º,Cape,pH,1.3656099107530382,-0.0661220851297745
0.05º,Cape,pH,1.203291998969184,-0.14329903703594432
0.05º,Cape,pH,1.316892835828993,-0.0892854890147935
0.05º,Cape,pH,2.1322869194878473,0.2984081997933349
0.05º,Cape,pH,0.8339470757378472,-0.3189106812700728
0.05º,Cape,pH,0.6455376942952474,-0.4084932887005432
0.05º,Cape,pH,1.38514158460829,-0.05683540174894688
0.05º,Cape,pH,1.5293798446655273,0.011745256646230402
0.05º,Cape,pH,1.066343519422743,-0.2084136390131617
0.05º,Cape,pH,11.242251804896764,4.629903806786693
0.05º,Cape,pH,1.5424652099609375,0.01796692742168568
0.05º,Cape,pH,0.6782103644476997,-0.3929584837902894
0.05º,Cape,pH,0.8948211669921875,-0.28996700671538744
0.05º,Cape,pH,0.9822133382161459,-0.2484148371402359
0.05º,Cape,pH,1.2889895968967013,-0.10255258261794108
0.05º,Cape,pH,1.7111290825737848,0.09816117981130318
0.05º,Cape,pH,1.3012967109680176,-0.0967009452949417
0.05º,Cape,pH,3.017550998263889,0.7193228264116049
0.05º,Cape,pH,2.1379369099934897,0.3010945887490093
0.05º,Cape,pH,1.0733341640896268,-0.20508981207798258
0.05º,Cape,pH,1.9312121073404949,0.20280358699309825
0.05º,Cape,pH,0.2845526801215278,-0.5801300647750885
0.05º,Cape,pH,1.051497565375434,-0.21547241317381077
0.05º,Cape,pH,2.3659184773763022,0.40949249917078884
0.05º,Cape,pH,9.106004333496093,3.6141867700895385
0.05º,Cape,pH,2.4712511698404946,0.45957481018081114
0.05º,Cape,pH,0.8246281941731771,-0.32334151004572603
0.05º,Cape,pH,1.2275339762369792,-0.13177275572080235
0.05º,Cape,pH,0.8148718939887153,-0.3279803173211734
0.05º,Cape,pH,0.465492672390408,-0.4940989119111127
0.05º,Cape,pH,2.014255099826389,0.242287861813998
0.05º,Cape,pH,1.0550799899631076,-0.21376908538286102
0.05º,Cape,pH,1.4976043701171875,-0.003362960580458203
0.05º,Cape,pH,1.442105187310113,-0.029751038860056773
0.05º,Cape,pH,3.759420394897461,1.072057888829674
0.05º,Cape,pH,0.7401394314236112,-0.36351320217553845
0.05º,Cape,pH,0.6759372287326388,-0.3940392867887352
0.05º,Cape,pH,1.5693545871310763,0.03075196233151188
0.05º,Cape,pH,1.59781985812717,0.04428628412334842
0.05º,Cape,pH,3.186498006184896,0.7996517005433373
0.05º,Cape,pH,1.851898193359375,0.1650923691888543
0.05º,Cape,pH,0.5941785176595052,-0.43291292706082074
0.05º,Cape,pH,0.7984822591145834,-0.33577306211772384
0.05º,Cape,pH,0.44483184814453125,-0.5039224700239671
0.05º,Cape,pH,4.801656511094835,1.5676076758534805
0.05º,Cape,pH,0.5028313530815972,-0.4763455689049444
0.05º,Cape,pH,1.7678489685058594,0.12512966320660635
0.05º,Cape,pH,2.7602945963541665,0.5970056727497265
0.05º,Cape,pH,1.303466796875,-0.0956691391693278
0.05º,Cape,pH,2.9361453586154513,0.6806170602580548
0.05º,Cape,pH,0.9741270277235243,-0.2522596179726707
0.05º,Cape,pH,4.114695231119792,1.2409796587518678
0.05º,Cape,pH,1.7186330159505208,0.10172905903645384
0.05º,Cape,pH,0.8739530775282118,-0.2998891127801791
0.05º,Cape,pH,1.1667849222819011,-0.16065697905703888
0.05º,Cape,pH,0.5894080268012153,-0.43518114219181214
0.05º,Cape,pH,2.854454517364502,0.6417756899058137
0.05º,Cape,pH,0.6772062513563368,-0.39343590730386724
0.05º,Cape,pH,1.064525180392795,-0.2092782008000967
0.05º,Cape,pH,4.053483009338379,1.2118752139954276
0.05º,Cape,pH,0.8233396742078993,-0.32395415989008086
0.05º,Cape,pH,0.5691028171115451,-0.44483561700880675
0.05º,Cape,pH,1.841392993927002,0.16009748438256996
0.05º,Cape,pH,0.2286953396267361,-0.6066884355278713
0.05º,Cape,pH,0.5138007269965278,-0.47112998404576556
0.05º,Cape,pH,0.66167449951171875,-0.400820756282992
0.05º,Cape,pH,0.8248723347981771,-0.3232254290225851
0.05º,Cape,pH,1.4849052429199219,-0.009400987549772572
0.05º,Cape,pH,0.8685048421223959,-0.30247957366811895
0.05º,Cape,pH,3.633316993713379,1.012099773169906
0.05º,Cape,pH,0.5414458380805122,-0.45798562194104303
0.05º,Cape,pH,2.563140869140625,0.5032654098541368
0.05º,Cape,pH,1.2173470391167536,-0.13661631702317883
0.05º,Cape,pH,1.3005214267306857,-0.09706956804051922
0.05º,Cape,pH,1.0283355712890625,-0.2264851971851973
0.05º,Cape,pH,0.622788323296441,-0.4193098836910484
0.05º,Cape,pH,2.0051498413085938,0.2379586039335931
0.05º,Cape,pH,0.7740766737196181,-0.3473771338407345
0.05º,Cape,pH,0.8210644192165799,-0.32503597053629696
0.05º,Cape,pH,0.59296417236328125,-0.4334903092332144
0.05º,Cape,pH,1.1059655083550348,-0.18957465629925002
0.05º,Cape,pH,0.8858432769775391,-0.29423570496479606
0.05º,Cape,pH,5.634439468383789,1.9635692153818654
0.05º,Cape,pH,1.1853722466362848,-0.15181930352266607
0.05º,Cape,pH,1.089493645562066,-0.1974064978292889
0.05º,Cape,pH,0.28655412462022567,-0.579178442220798
0.05º,Cape,pH,0.5745934380425347,-0.44222500316546043
0.05º,Cape,pH,0.43414221869574654,-0.5090050453774635
0.05º,Cape,pH,0.43165673149956596,-0.5101868146824955
0.05º,Cape,pH,0.688690185546875,-0.3879756655660547
0.05º,Cape,pH,1.3004875183105469,-0.09708569040484433
0.05º,Cape,pH,1.323753833770752,-0.08602330493196374
0.05º,Cape,pH,2.2942996554904513,0.3754400504205785
0.05º,Cape,pH,1.5683034261067708,0.030252169037432913
0.05º,Cape,pH,1.2720858256022136,-0.11058978276357122
0.05º,Cape,pH,2.367852528889974,0.41041207852598327
0.05º,Cape,pH,0.4670783148871528,-0.4933449898493589
0.05º,Cape,pH,0.3806884765625,-0.5344205823350596
0.05º,Cape,pH,2.5036790635850696,0.4749932317735931
0.05º,Cape,pH,0.3035736083984375,-0.5710862245069083
0.05º,Cape,pH,1.8955106735229492,0.1858287022718909
0.05º,Cape,pH,0.5177061292860243,-0.469273090734619
0.05º,Cape,pH,2.4177127414279513,0.43411900761831307
0.05º,Cape,pH,3.000046624077691,0.711000058887866
0.05º,Cape,pH,1.0509698655870225,-0.21572331746862053
0.05º,Cape,pH,1.0636732313368056,-0.2096832752037655
0.05º,Cape,pH,0.3516407012939453,-0.5482318661930465
0.05º,Cape,pH,2.3999565972222223,0.42567653153946006
0.05º,Cape,pH,2.6306919521755643,0.535383779473994
0.05º,Cape,pH,2.0952491760253906,0.280797942770552
0.05º,Cape,pH,2.2922842843191966,0.3744818061809401
0.05º,Cape,pH,1.821461147732205,0.15062053191151162
0.05º,Cape,pH,1.7893104553222656,0.13533391064708775
0.05º,Cape,pH,1.0320688883463542,-0.2247101248730007
0.05º,Cape,pH,0.8971145629882813,-0.2888765706042574
0.05º,Cape,pH,6.410673413957868,2.332643516715171
0.05º,Cape,pH,0.7934604220920138,-0.33816078427427526
0.05º,Cape,pH,0.4506785074869792,-0.5011425713552069
0.05º,Cape,pH,3.223882887098524,0.8174270102708985
0.05º,Cape,pH,2.059256659613715,0.2636846576280911
0.05º,Cape,pH,2.0853089226616754,0.2760716716686409
0.05º,Cape,pH,1.7568058967590332,0.11987903739621465
0.05º,Cape,pH,1.2036387125651042,-0.14313418586071983
0.05º,Cape,pH,0.4502648247612847,-0.5013392641999735
0.05º,Cape,pH,0.7250111897786459,-0.37070619501919416
0.05º,Cape,pH,0.6985740661621094,-0.383276197894834
0.05º,Cape,pH,3.541609082903181,0.9684956080828219
0.05º,Cape,pH,0.3243819342719184,-0.5611925341092395
0.05º,Cape,pH,0.9492670694986979,-0.2640797293776381
0.05º,Cape,pH,0.5263197157118056,-0.4651776071369284
0.05º,Cape,pH,0.3540051778157552,-0.5471076335756999
0.05º,Cape,pH,0.7104593912760416,-0.3776251076693227
0.05º,Cape,pH,0.47952355278862846,-0.487427679082929
0.05º,Cape,pH,0.8929933820452008,-0.2908360597323844
0.05º,Cape,pH,0.6634284125434028,-0.39998682698827476
0.05º,Cape,pH,0.19688924153645834,-0.6218112132648411
0.05º,Cape,pH,0.5780325995551215,-0.44058979236378437
0.05º,Cape,pH,1.123597886827257,-0.18119102685018368
0.05º,Cape,pH,1.6401774088541667,0.06442593857918981
0.05º,Cape,pH,0.6044099595811632,-0.4280482051552676
0.05º,Cape,pH,2.0526563856336804,0.260546439412205
0.05º,Cape,pH,2.0550003051757812,0.2616608978461795
0.05º,Cape,pH,1.3365036010742188,-0.0799612002191775
0.05º,Cape,pH,0.4579755995008681,-0.49767303855243944
0.05º,Cape,pH,0.65442657470703125,-0.404266911657488
0.05º,Cape,pH,0.7427419026692709,-0.36227581071358494
0.05º,Cape,pH,1.256134033203125,-0.11817434753077348
0.05º,Cape,pH,2.0677863226996527,0.267740238374077
0.05º,Cape,pH,0.5711992051866319,-0.44383885183440575
0.05º,Cape,pH,4.966647254096137,1.6460554731275783
0.05º,Cape,pH,1.8457344902886286,0.16216172641365428
0.05º,Cape,pH,0.59313201904296875,-0.43341050352980504
0.05º,Cape,pH,1.2084948221842449,-0.14082526175980747
0.05º,Cape,pH,0.86363983154296875,-0.30479272988966666
0.05º,Cape,pH,0.2842681884765625,-0.5802653314117764
0.05º,Cape,pH,1.2874717712402344,-0.10327425995104457
0.05º,Cape,pH,1.93050045437283,0.20246521887182461
0.05º,Cape,pH,0.7691688537597656,-0.34971064454724266
0.05º,Cape,pH,0.43053097195095485,-0.5107220771780896
0.05º,Cape,pH,0.8623075485229492,-0.30542618766047863
0.05º,Cape,pH,0,-0.7154257217186948
0.05º,Cape,pH,1.2321684095594618,-0.12956923157666556
0.05º,Cape,pH,0.8968476189507378,-0.289003493917407
0.05º,Cape,pH,0.38941023084852433,-0.530273668395172
0.05º,Cape,pH,2.7869194878472223,0.6096649532178168
0.05º,Cape,pH,2.7084036933051214,0.5723332155638755
0.05º,Cape,pH,0.9649310641818576,-0.2566320031776454
0.05º,Cape,pH,6.055212656656901,2.163633347293584
0.05º,Cape,pH,1.5503472222222223,0.02171457100906165
0.05º,Cape,pH,0.4763721889919705,-0.48892605131739547
0.05º,Cape,pH,2.613233354356554,0.527082777142094
0.05º,Cape,pH,1.218748304578993,-0.13595006031744297
0.05º,Cape,pH,1.7891769409179688,0.13527042883755758
0.05º,Cape,pH,0.5158195495605469,-0.47017009877975824
0.05º,Cape,pH,1.532495880126953,0.013226831392365669
0.05º,Cape,pH,1.480695088704427,-0.01140278061029127
0.05º,Cape,pH,1.2802645365397136,-0.10670106848835043
0.05º,Cape,pH,2.3893602159288196,0.42063829268785774
0.05º,Cape,pH,1.1257069905598958,-0.18018821578916078
0.05º,Cape,pH,1.6709709167480469,0.07906726221150039
0.05º,Cape,pH,0.987935807969835,-0.2456939866308166
0.05º,Cape,pH,0.7145957946777344,-0.3756583807512112
0.05º,Cape,pH,5.631531715393066,1.962186672258597
0.05º,Cape,pH,0.8994776407877604,-0.2877530030344393
0.05º,Cape,pH,0.9074647691514757,-0.2839553801176555
0.05º,Cape,pH,2.956268734402127,0.6901850788963558
0.05º,Cape,pH,0.3565950393676758,-0.5458762376179798
0.05º,Cape,pH,2.3912391662597656,0.42153167320102375
0.05º,Cape,pH,2.5613276163736978,0.5024032664218505
0.05º,Cape,pH,0.6993755764431424,-0.3828951055080988
0.05º,Cape,pH,0.47929636637369794,-0.4875356989239073
0.05º,Cape,pH,2.2910808987087674,0.3739096349870158
0.05º,Cape,pH,0.42846043904622394,-0.5117065490496928
0.05º,Cape,pH,2.1489630805121527,0.30633717856843257
0.05º,Cape,pH,0.2773234049479167,-0.5835673528492058
0.05º,Cape,pH,1.790024651421441,0.13567348794568582
0.05º,Cape,pH,0.46276219685872394,-0.49539716529839367
0.05º,Cape,pH,1.8513098822699652,0.1648126461678133
0.05º,Cape,pH,0,-0.7154257217186948
0.05º,Cape,pH,1.0508174896240234,-0.21579576734330658
0.05º,Cape,pH,1.589337158203125,0.040253032851952905
0.05º,Cape,pH,1.9897956848144531,0.23065819583762126
0.05º,Cape,pH,3.4184842790876115,0.9099537197717869
0.05º,Cape,pH,4.659592946370442,1.5000610152178173
0.05º,Cape,pH,0.24277191162109374,-0.5999954778137595
0.05º,Cape,pH,0.0605316162109375,-0.6866448830436932
0.05º,Cape,pH,1.1733932495117188,-0.15751493177962558
0.05º,Cape,pH,0.2072635226779514,-0.6168785758995683
0.05º,Cape,pH,4.811844961983817,1.572451956904264
0.05º,Cape,pH,0.9441494411892362,-0.26651299721340793
0.05º,Cape,pH,0.2926436530219184,-0.576283067117559
0.05º,Cape,pH,1.0482008192274306,-0.21703991004532125
0.05º,Cape,pH,6.758506011962891,2.4980267414783053
0.05º,Cape,pH,0.8051363627115885,-0.3326092496484716
0.05º,Cape,pH,0.31655799018012154,-0.5649125681477086
0.05º,Cape,pH,0.47362518310546875,-0.4902321643572849
0.05º,Cape,pH,0.2320039537217882,-0.605115295828847
0.05º,Cape,pH,4.1490663800920755,1.2573220357701604
0.05º,Cape,pH,1.0350278218587239,-0.22330324705607932
0.05º,Cape,pH,1.0682593451605902,-0.20750272542879206
0.05º,Cape,pH,6.762142998831613,2.49975601188085
0.05º,Cape,pH,4.511176215277778,1.4294936280962878
0.05º,Cape,pH,1.1747317843967013,-0.1568785014478912
0.05º,Cape,pH,1.7364624871148004,0.1102063997281601
0.05º,Cape,pH,2.237724849155971,0.34854054771263776
0.05º,Cape,pH,1.4469235738118489,-0.027460050889456217
0.05º,Cape,pH,0.4931437174479167,-0.4809517283926333
0.05º,Cape,pH,0.8966284857855903,-0.2891076846968581
0.05º,Cape,pH,1.4907942877875433,-0.006600935925606075
0.05º,Cape,pH,2.372256384955512,0.4125059705927091
0.05º,Cape,pH,0.6361295912000868,-0.4129665394473269
0.05º,Cape,pH,1.762361314561632,0.12252046007013848
0.05º,Cape,pH,1.9747712877061632,0.22351457773471123
0.05º,Cape,pH,0.5154096815321181,-0.47036497785853826
0.05º,Cape,pH,15.483506011962891,6.646483914079216
0.05º,Cape,pH,0.43254198346819195,-0.5097659058138644
0.05º,Cape,pH,1.7178988986545138,0.10138000984881483
0.05º,Cape,pH,0.7001402113172743,-0.3825315461925672
0.05º,Cape,pH,0.784017350938585,-0.34265066120926924
0.05º,Cape,pH,0.68270111083984375,-0.39082327816498036
0.05º,Cape,pH,2.5746231079101562,0.5087248454737332
0.05º,Cape,pH,1.0771781073676214,-0.20326214055217534
0.05º,Cape,pH,4.977209726969401,1.6510775896148557
0.05º,Cape,pH,2.5650100708007812,0.5041541551875595
0.05º,Cape,pH,1.649796379937066,0.06899945027912041
0.05º,Cape,pH,2.004993438720703,0.23788423952814347
0.05º,Cape,pH,0.6124945746527778,-0.424204230441049
0.05º,Cape,pH,0.8525725470648872,-0.31005486807583427
0.05º,Cape,pH,1.7850045098198786,0.13328657190735066
0.05º,Cape,pH,1.2854088677300348,-0.10425510429067449
0.05º,Cape,pH,0.781759050157335,-0.34372441067332277
0.05º,Cape,pH,0.834066179063585,-0.3188540514653808
0.05º,Cape,pH,0.783294677734375,-0.34299426909894853
0.05º,Cape,pH,2.426516638861762,0.4383049779857784
0.05º,Cape,pH,0.3740912543402778,-0.5375573495381565
0.05º,Cape,pH,0.5454743703206381,-0.45607018429444085
0.05º,Cape,pH,1.3925033569335938,-0.053335115536229195
0.05º,Cape,pH,0.5589226616753472,-0.4496759538383182
0.05º,Cape,pH,0.9493764241536459,-0.26402773475268954
0.05º,Cape,pH,1.633284674750434,0.061148664970999404
0.05º,Cape,pH,2.340673658582899,0.3974893989307311
0.05º,Cape,pH,0.39937252468532985,-0.5255369177564494
0.05º,Cape,pH,1.8233100043402777,0.15149960382633915
0.05º,Cape,pH,0.6510628594292535,-0.4058662501985407
0.05º,Cape,pH,1.4123794555664062,-0.043884669239769185
0.05º,Cape,pH,0.5035980224609375,-0.47598104224755317
0.05º,Cape,pH,0.4623463948567708,-0.49559486579093054
0.05º,Cape,pH,1.0923326280381944,-0.19605665287616764
0.05º,Cape,pH,3.2636506822374134,0.8363353191514085
0.05º,Cape,pH,16.712827682495117,7.230986871277284
0.05º,Cape,pH,1.3715218438042536,-0.06331115090968843
0.05º,Cape,pH,1.3231976826985676,-0.08628773689809012
0.05º,Cape,pH,0.80377197265625,-0.33325797328300394
0.05º,Cape,pH,0.8137834337022569,-0.32849784521601
0.05º,Cape,pH,3.021122614542643,0.721021015198926
0.05º,Cape,pH,1.6947050094604492,0.09035206073848497
0.05º,Cape,pH,1.200209723578559,-0.14476455995309845
0.05º,Cape,pH,1.9534971449110243,0.21339940635712618
0.05º,Cape,pH,4.5502824783325195,1.4480873997252919
0.05º,Cape,pH,3.346560584174262,0.875756313692332
0.05º,Cape,pH,3.428572654724121,0.9147504182553594
0.05º,Cape,pH,1.4149648878309462,-0.04265537926588898
0.05º,Cape,pH,0.7499224344889323,-0.3588616985381851
0.05º,Cape,pH,2.2108887566460504,0.3357808479467511
0.05º,Cape,pH,1.8690579732259114,0.17325129318513918
0.05º,Cape,pH,0.6483707427978516,-0.4071462651611788
0.05º,Cape,pH,1.605849372016059,0.04810405999553862
0.05º,Cape,pH,0.5042605929904513,-0.4756660112486402
0.05º,Cape,pH,14.482254791259766,6.170421128050414
0.05º,Cape,pH,1.0098258124457464,-0.2352859928111764
0.05º,Cape,pH,1.4883109198676214,-0.007781697582867611
0.05º,Cape,pH,0.7307188245985243,-0.36799239804416706
0.05º,Cape,pH,0.5272636413574219,-0.46472880082002765
0.05º,Cape,pH,1.0165201822916667,-0.232103035034288
0.05º,Cape,pH,1.0775125291612413,-0.20310313373401875
0.05º,Cape,pH,0.958839840359158,-0.25952818439910047
0.05º,Cape,pH,1.0402069091796875,-0.22084075743497011
0.05º,Cape,pH,0.4964345296223958,-0.4793870529348797
0.05º,Cape,pH,0.30405595567491317,-0.5708568838743833
0.05º,Cape,pH,0.6097373962402344,-0.42551518019023593
0.05º,Cape,pH,2.397131178114149,0.42433313553206864
0.05º,Cape,pH,1.2578158908420138,-0.11737467826024718
0.05º,Cape,pH,1.7429101126534599,0.1132720385146468
0.05º,Cape,pH,4.896310424804687,1.6126125706665901
0.05º,Cape,pH,1.328136020236545,-0.08393971606368933
0.05º,Cape,pH,0.9812630547417535,-0.24886666640044763
0.05º,Cape,pH,1.3441441853841145,-0.07632834786579658
0.05º,Cape,pH,0.6350958082411025,-0.4134580700296892
0.05º,Cape,pH,1.083452860514323,-0.2002786970338104
0.05º,Cape,pH,0.799493153889974,-0.33529241413128097
0.05º,Cape,pH,0.24469290839301217,-0.5990821055688301
0.05º,Cape,pH,1.3585395812988281,-0.06948379962111766
0.05º,Cape,pH,1.1236563788519964,-0.18116321577172287
0.05º,Cape,pH,0.5382495456271701,-0.4595053563082404
0.05º,Cape,pH,0.9923553466796875,-0.24359263797059025
0.05º,Cape,pH,0.6913418240017362,-0.38671489667582964
0.05º,Cape,pH,1.313376956515842,-0.0909571766657552
0.05º,Cape,pH,1.2861785888671875,-0.10388912662049413
0.05º,Cape,pH,2.2728424072265625,0.3652378182756377
0.05º,Cape,pH,1.4735997517903645,-0.01477638534532423
0.05º,Cape,pH,1.016585456000434,-0.2320719994829622
0.05º,Cape,pH,0.6783498128255209,-0.3928921805670023
0.05º,Cape,pH,0.9187043507893881,-0.2786113201677608
0.05º,Cape,pH,0.8120210435655382,-0.32933580510180854
0.05º,Cape,pH,1.1240005493164062,-0.18099957377382278
0.05º,Cape,pH,0.42220306396484375,-0.514681729856341
0.05º,Cape,pH,0.9147453308105469,-0.2804937069674965
0.05º,Cape,pH,1.1736691792805989,-0.1573837360399299
0.05º,Cape,pH,0.7397579616970487,-0.36369457877419614
0.05º,Cape,pH,0.7636121114095052,-0.3523526970010229
0.05º,Cape,pH,0.6624281141493056,-0.400462436735866
0.05º,Cape,pH,0.23148473103841147,-0.6053621695325756
0.05º,Cape,pH,1.5043220520019531,-1.689186780963514e-4
0.05º,Cape,pH,0.4120025634765625,-0.5195317401044476
0.05º,Cape,pH,1.1714553833007812,-0.15843632490080664
0.05º,Cape,pH,2.066741943359375,0.2672436695528631
0.05º,Cape,pH,1.4599562750922308,-0.021263420161093418
0.05º,Cape,pH,1.9519577026367188,0.21266745101676537
0.05º,Cape,pH,2.890165540907118,0.6587551342331815
0.05º,Cape,pH,2.6279390123155384,0.5340748450203477
0.05º,Cape,pH,0.57515716552734375,-0.4419569688585552
0.05º,Cape,pH,1.299894544813368,-0.09736763025097998
0.05º,Cape,pH,0.6103651258680556,-0.42521671492066704
0.05º,Cape,pH,0.5474268595377604,-0.4551418384036446
0.05º,Cape,pH,8.211091756820679,3.188684592718778
0.05º,Cape,pH,0.2638397216796875,-0.5899784110230928
0.05º,Cape,pH,1.5319773356119792,0.012980280135923731
0.05º,Cape,pH,1.0766894022623699,-0.20349450412801118
0.05º,Cape,pH,0.91411378648546,-0.280793986003052
0.05º,Cape,pH,2.274897984095982,0.366215179032976
0.05º,Cape,pH,1.0335625542534723,-0.22399993472447882
0.05º,Cape,pH,2.9382640293666293,0.6816244201290123
0.05º,Cape,pH,0.9177233378092448,-0.2790777603206422
0.05º,Cape,pH,2.533708784315321,0.48927139914948
0.05º,Cape,pH,1.0494861602783203,-0.2164287716726219
0.05º,Cape,pH,6.746297200520833,2.492221843897132
0.05º,Cape,pH,0.5203337669372559,-0.4680237334553929
0.05º,Cape,pH,0.1907569037543403,-0.6247269428530403
0.05º,Cape,pH,0.7611982557508681,-0.35350040781141795
0.05º,Cape,pH,0.5245819091796875,-0.4660038783085912
0.05º,Cape,pH,0.9595921834309896,-0.2591704694406367
0.05º,Cape,pH,1.1249669392903645,-0.1805400863905567
0.05º,Cape,pH,3.2086270650227866,0.8101733570314696
0.05º,Cape,pH,0.24380264282226563,-0.5995053982441864
0.05º,Cape,pH,1.0965169270833333,-0.1940671531184469
0.05º,Cape,pH,2.2872513665093317,0.3720888154660467
0.05º,Cape,pH,1.7914996676974826,0.1363748107938288
0.05º,Cape,pH,1.049318101671007,-0.21650867814080832
0.05º,Cape,pH,1.2966359456380208,-0.0989169894626248
0.05º,Cape,pH,0.28935792711046004,-0.5778453242206639
0.05º,Cape,pH,1.8597064548068576,0.16880494663382306
0.05º,Cape,pH,1.5006027221679688,-0.0019373405150087907
0.05º,Cape,pH,0.4792836507161458,-0.48754174481052925
0.05º,Cape,pH,1.2907545301649306,-0.10171341355481814
0.05º,Cape,pH,0.34154205322265624,-0.5530334488893114
0.05º,Cape,pH,0.3479075961642795,-0.550006837740466
0.05º,Cape,pH,0.684906005859375,-0.3897749214247389
0.05º,Cape,pH,0.593621571858724,-0.433177736894861
0.05º,Cape,pH,6.272084474563599,2.2667489287869977
0.05º,Cape,pH,1.0749446323939733,-0.20432408614234787
0.05º,Cape,pH,1.4286554124620225,-0.03614597466961872
0.05º,Cape,pH,0.9308162265353732,-0.27285251239560226
0.05º,Cape,pH,1.7013096279568143,0.09349234463230024
0.05º,Cape,pH,0.8699226379394531,-0.3018054573097746
0.05º,Cape,pH,1.1464835272894964,-0.17030964010804694
0.05º,Cape,pH,3.73160457611084,1.058832360697052
0.05º,Cape,pH,1.74840333726671,0.11588389032525374
0.05º,Cape,pH,1.0126224093967013,-0.23395630081346147
0.05º,Cape,pH,1.8930988311767578,0.18468194872687768
0.05º,Cape,pH,1.6887645721435547,0.08752757365588815
0.05º,Cape,pH,3.692321232386998,1.0401543928993537
0.05º,Cape,pH,2.106430901421441,0.28611449393631694
0.05º,Cape,pH,1.4827283223470051,-0.010436043339445802
0.05º,Cape,pH,1.8847338358561199,0.18070466221264578
0.05º,Cape,pH,3.9513441721598306,1.1633114785576668
0.05º,Cape,pH,0.6456002129448785,-0.40846356309131876
0.05º,Cape,pH,8.15307362874349,3.1610988368949737
0.05º,Cape,pH,0.9299613104926215,-0.2732589975061495
0.05º,Cape,pH,1.217542012532552,-0.13652361342830943
0.05º,Cape,pH,1.0015640258789062,-0.2392142068789937
0.05º,Cape,pH,1.1093987358940973,-0.18794226691133084
0.05º,Cape,pH,1.5368932088216145,0.015317619903959042
0.05º,Cape,pH,0.8137312995062934,-0.3285226333511599
0.05º,Cape,pH,2.4024734497070312,0.42687321403149264
0.05º,Cape,pH,1.0936796400282118,-0.19541619195335191
0.05º,Cape,pH,0.45444997151692706,-0.4993493613831446
0.05º,Cape,pH,0.3640068901909722,-0.5423521406884495
0.05º,Cape,pH,3.8946575588650174,1.1363588152323576
0.05º,Cape,pH,2.3557620578342013,0.4046634479963049
0.05º,Cape,pH,0.805892096625434,-0.3322499224535753
0.05º,Cape,pH,1.4764717949761286,-0.013410821086985837
0.05º,Cape,pH,1.06383302476671,-0.20960729856188337
0.05º,Cape,pH,0.7931103176540799,-0.3383272476859322
0.05º,Cape,pH,2.6574520534939237,0.5481073478698306
0.05º,Cape,pH,0.3836432562934028,-0.533015679507768
0.05º,Cape,pH,1.725266350640191,0.10488299655755702
0.05º,Cape,pH,1.4224446614583333,-0.03909898722531993
0.05º,Cape,pH,0.6726286146375868,-0.3956124264877595
0.05º,Cape,pH,1.1077454884847004,-0.18872833293695793
0.05º,Cape,pH,0.768479241265191,-0.3500385331317049
0.05º,Cape,pH,1.678754170735677,0.08276794941277933
0.05º,Cape,pH,0.8462109035915799,-0.31307962515278226
0.05º,Cape,pH,0.2614813910590278,-0.5910997214619054
0.05º,Cape,pH,0.33283572726779515,-0.5571730271534312
0.05º,Cape,pH,0.8833880954318576,-0.29540306490671236
0.05º,Cape,pH,0.9524366590711806,-0.2625726913723468
0.05º,Cape,pH,0.2385626898871528,-0.6019968275092591
0.05º,Cape,pH,0.7772343953450521,-0.34587573866295696
0.05º,Cape,pH,0.5024956597222222,-0.47650518031176314
0.05º,Cape,pH,0.7710745675223214,-0.34880453888223417
0.05º,Cape,pH,0.7349910736083984,-0.365961080903978
0.05º,Cape,pH,3.44864739312066,0.9242953113773317
0.05º,Cape,pH,0.6376749674479166,-0.4122317626932092
0.05º,Cape,pH,0.27194807264539933,-0.5861231506538467
0.05º,Cape,pH,1.5062599182128906,7.524744430846939e-4
0.05º,Cape,pH,1.9885114034016926,0.230047561288807
0.05º,Cape,pH,0.7142745123969184,-0.3758111401531918
0.05º,Cape,pH,1.0536795722113714,-0.21443493902948882
0.05º,Cape,pH,1.0884611341688368,-0.19789742382298905
0.05º,Cape,pH,0.29755232069227433,-0.5739491533519427
0.05º,Cape,pH,1.1421356201171875,-0.1723769302736364
0.05º,Cape,pH,3.4222054481506348,0.9117230161030143
0.05º,Cape,pH,1.1576173570421007,-0.16501586178189123
0.05º,Cape,pH,0.9606649610731337,-0.2586603981393005
0.05º,Cape,pH,1.4207017686631944,-0.03992767675163147
0.05º,Cape,pH,0.35711754692925346,-0.5456278020602073
0.05º,Cape,pH,3.358425564236111,0.8813977304992483
0.05º,Cape,pH,0.7028079562717013,-0.3812631191792878
0.05º,Cape,pH,3.262060982840402,0.8355794681639228
0.05º,Cape,pH,1.0060162014431424,-0.23709734044310443
0.05º,Cape,pH,5.131021287706163,1.724210044900513
0.05º,Cape,pH,1.8499599032931857,0.16417077453811918
0.05º,Cape,pH,0.7303593953450521,-0.3681632951060134
0.05º,Cape,pH,0.6226264105902778,-0.41938686798070085
0.05º,Cape,pH,1.8216921488444011,0.15073036551847657
0.05º,Cape,pH,0.9379865858289931,-0.2694432369294999
0.05º,Cape,pH,0.8152813381618924,-0.32778563977194747
0.05º,Cape,pH,1.0831537246704102,-0.20042092651659116
0.05º,Cape,pH,1.1410191853841145,-0.17290775911904124
0.05º,Cape,pH,1.2326765060424805,-0.12932764802373126
0.05º,Cape,pH,0.38779279920789933,-0.5310427051734805
0.05º,Cape,pH,1.5621986389160156,0.02734953887024778
0.05º,Cape,pH,11.481647491455078,4.743728764149737
0.05º,Cape,pH,3.132878621419271,0.774157405836013
0.05º,Cape,pH,2.1452628241644964,0.304577825561453
0.05º,Cape,pH,0.34517669677734375,-0.551305292657301
0.05º,Cape,pH,0.9379145304361979,-0.26947749695369083
0.05º,Cape,pH,0.589819590250651,-0.43498545699481594
0.05º,Cape,pH,1.4736243353949652,-0.014764696631188524
0.05º,Cape,pH,2.361270056830512,0.40728232455136776
0.05º,Cape,pH,2.3953649732801647,0.4234933618802836
0.05º,Cape,pH,1.9980129665798612,0.23456524930226189
0.05º,Cape,pH,2.6556226942274304,0.5472375463144898
0.05º,Cape,pH,0.8752017550998263,-0.2992954067139063
0.05º,Cape,pH,0.5996356540256076,-0.43031823405224556
0.05º,Cape,pH,2.7811590830485025,0.6069260658133087
0.05º,Cape,pH,0.5522113376193576,-0.4528669727973691
0.05º,Cape,pH,2.646085951063368,0.5427031313480477
0.05º,Cape,pH,1.6747656928168402,0.08087155630903618
0.05º,Cape,pH,1.0327784220377605,-0.2243727643994974
0.05º,Cape,pH,2.54709964328342,0.49563832235102706
0.05º,Cape,pH,0.7279688517252604,-0.36929992179093496
0.05º,Cape,pH,0.5316212972005209,-0.4626568754746947
0.05º,Cape,pH,1.5459348890516493,0.019616648351254377
0.05º,Cape,pH,0.9365425109863281,-0.2701298481201963
0.05º,Cape,pH,2.1667582194010415,0.3147981953662596
0.05º,Cape,pH,0.6701041327582465,-0.39681273651176524
0.05º,Cape,pH,0.7095968458387587,-0.3780352203118431
0.05º,Cape,pH,2.4689144558376737,0.4584637777492559
0.05º,Cape,pH,0.966393788655599,-0.25593652468657013
0.05º,Cape,pH,0.37400394015842015,-0.5375988646262937
0.05º,Cape,pH,0.3385077582465278,-0.5544761586609454
0.05º,Cape,pH,0.9427960713704427,-0.2671564810795346
0.05º,Cape,pH,0.5835893419053819,-0.4379477399100041
0.05º,Cape,pH,0.52285003662109375,-0.4668273280664971
0.05º,Cape,pH,1.6267208523220487,0.05802777829676289
0.05º,Cape,pH,0.707283443874783,-0.37913516861792496
0.05º,Cape,pH,0.40334828694661456,-0.5236465705393283
0.05º,Cape,pH,2.6328913370768228,0.5364295163300324
0.05º,Cape,pH,0.4355905320909288,-0.5083164188912266
0.05º,Cape,pH,1.1004566616482205,-0.19219393591342107
0.05º,Cape,pH,0.971572028266059,-0.2534744381245691
0.05º,Cape,pH,0.36403825547960067,-0.5423372275014487
0.05º,Cape,pH,0.690832773844401,-0.3869569336702607
0.05º,Cape,pH,0.7987297905815972,-0.33565536885815045
0.05º,Cape,pH,2.3525784810384116,0.40314975951572957
0.05º,Cape,pH,0.42527008056640625,-0.5132234620031332
0.05º,Cape,pH,1.2778057522243924,-0.10787014143147625
0.05º,Cape,pH,0.36367882622612846,-0.5425081245632951
0.05º,Cape,pH,2.680448744032118,0.5590415353551321
0.05º,Cape,pH,2.421452113560268,0.4358969589241391
0.05º,Cape,pH,2.482313791910807,0.46483473154188404
0.05º,Cape,pH,1.0355758666992188,-0.22304266934267442
0.05º,Cape,pH,2.601149664984809,0.5213373710852806
0.05º,Cape,pH,1.4438257217407227,-0.02893298001772214
0.05º,Cape,pH,1.330049302842882,-0.08303001165664399
0.05º,Cape,pH,8.820669174194336,3.478519069436175
0.05º,Cape,pH,0.3317006429036458,-0.5577127232992148
0.05º,Cape,pH,1.0971450805664062,-0.1937684863193239
0.05º,Cape,pH,0.5212461683485243,-0.4675899158990756
0.05º,Cape,pH,1.0000758700900607,-0.23992177714331278
0.05º,Cape,pH,1.7870343526204426,0.13425169694176353
0.05º,Cape,pH,0.5911237928602431,-0.4343653505569607
0.05º,Cape,pH,0.38354916042751735,-0.5330604190687702
0.05º,Cape,pH,1.1553005642361112,-0.16611742232440554
0.05º,Cape,pH,2.0889307657877603,0.27779374170811844
0.05º,Cape,pH,1.5294329325358074,0.011770498222876966
0.05º,Cape,pH,0.6566162109375,-0.4032258099811929
0.05º,Cape,pH,0.4703114827473958,-0.49180772241095805
0.05º,Cape,pH,0.5675201416015625,-0.44558812836368206
0.05º,Cape,pH,0.7858971489800347,-0.34175687763699497
0.05º,Cape,pH,1.1755550929478236,-0.15648704468408986
0.05º,Cape,pH,1.2626953125,-0.11505467003386129
0.05º,Cape,pH,1.0852538214789496,-0.19942239795859212
0.05º,Cape,pH,4.576937357584636,1.4607609384093323
0.05º,Cape,pH,1.1660393608940973,-0.16101146954263762
0.05º,Cape,pH,3.691591050889757,1.0398072150575737
0.05º,Cape,pH,0.7806591457790799,-0.34424737986611903
0.05º,Cape,pH,0.8690778944227431,-0.3022071057110243
0.05º,Cape,pH,1.2767918904622395,-0.10835220012479763
0.05º,Cape,pH,1.366649203830295,-0.06562793466320935
0.05º,Cape,pH,1.1603622436523438,-0.16371075638977214
0.05º,Cape,pH,1.667466057671441,0.07740081432894443
0.05º,Cape,pH,0.7047458224826388,-0.38034172605810673
0.05º,Cape,pH,0.47560713026258683,-0.4892898121624812
0.05º,Cape,pH,0.7299092610677084,-0.36837731949242947
0.05º,Cape,pH,0.8008058336046007,-0.3346682771023445
0.05º,Cape,pH,0.6511662801106771,-0.40581707698734903
0.05º,Cape,pH,1.497518327501085,-0.0034038710799332264
0.05º,Cape,pH,0.6492907206217448,-0.4067088452640827
0.05º,Cape,pH,0.7739766438802084,-0.3474246948154936
0.05º,Cape,pH,2.757094489203559,0.5954841246165425
0.05º,Cape,pH,0.5023477342393663,-0.47657551412613147
0.05º,Cape,pH,0.60639190673828125,-0.4271058529604639
0.05º,Cape,pH,0.6230714586046007,-0.41917526194893356
0.05º,Cape,pH,1.129805670844184,-0.17823942500136097
0.05º,Cape,pH,0.377166748046875,-0.5360950510938675
0.05º,Cape,pH,0.97002198961046,-0.2542114317037815
0.05º,Cape,pH,0.9968990749782987,-0.24143224115102313
0.05º,Cape,pH,0.6898865699768066,-0.3874068232085145
0.05º,Cape,pH,0.8974238804408482,-0.2887295000936887
0.05º,Cape,pH,1.0668665568033855,-0.20816495154344658
0.05º,Cape,pH,0.554718017578125,-0.451675127014634
0.05º,Cape,pH,2.097106509738498,0.2816810452764608
0.05º,Cape,pH,1.4142833285861545,-0.042979438788824084
0.05º,Cape,pH,0.8892636980329242,-0.29260940464840324
0.05º,Cape,pH,0.42663489447699654,-0.5125745368390467
0.05º,Cape,pH,0.579032474093967,-0.4401143841457472
0.05º,Cape,pH,1.427519056532118,-0.03668627540406453
0.05º,Cape,pH,1.4462509155273438,-0.0277798782917559
0.05º,Cape,pH,5.745812225341797,2.016523382996167
0.05º,Cape,pH,0.8277681138780382,-0.3218485791092192
0.05º,Cape,pH,0.9379365709092882,-0.2694670174168795
0.05º,Cape,pH,2.125484890407986,0.29517405350971426
0.05º,Cape,pH,1.7522303263346355,0.11770350066889851
0.05º,Cape,pH,1.5261315239800348,0.010200784526271735
0.05º,Cape,pH,3.4299324883355036,0.9153969754471856
0.05º,Cape,pH,0.7868533664279513,-0.3413022269630264
0.05º,Cape,pH,2.69313473171658,0.5650733149082706
0.05º,Cape,pH,1.536407470703125,0.015086667035001625
0.05º,Cape,pH,2.816078609890408,0.6235291788896562
0.05º,Cape,pH,1.2620904710557725,-0.11534225270751076
0.05º,Cape,pH,1.228377448187934,-0.1313717119082149
0.05º,Cape,pH,2.016585456000434,0.24339587130224236
0.05º,Cape,pH,1.6184558868408203,0.05409805275729003
0.05º,Cape,pH,4.050439622667101,1.210428181414859
0.05º,Cape,pH,3.306791517469618,0.85684740022316
0.05º,Cape,pH,2.9799101087782116,0.7014257928333888
0.05º,Cape,pH,1.8851364983452692,0.18089611528900668
0.05º,Cape,pH,2.101986567179362,0.2840013557971777
0.05º,Cape,pH,0.3783518473307292,-0.5355315744607042
0.05º,Cape,pH,0.8186230129665799,-0.32619678076770614
0.05º,Cape,pH,0.48805321587456596,-0.48337209833694317
0.05º,Cape,pH,1.3249342176649306,-0.08546207031508947
0.05º,Cape,pH,0.4802513122558594,-0.4870816528386009
0.05º,Cape,pH,1.11952633327908,-0.18312691974652337
0.05º,Cape,pH,1.1665980021158855,-0.16074585359038113
0.05º,Cape,pH,0.4204237196180556,-0.515527750924302
0.05º,Cape,pH,0.6720784505208334,-0.39587401184893467
0.05º,Cape,pH,1.1235868665907118,-0.18119626661858934
0.05º,Cape,pH,1.3396216498480902,-0.07847866820766049
0.05º,Cape,pH,2.041685316297743,0.25533004843480994
0.05º,Cape,pH,1.3444760640462239,-0.07617055022496438
0.05º,Cape,pH,2.1701787312825522,0.31642453886755695
0.05º,Cape,pH,1.9241091410319011,0.19942635472609213
0.05º,Cape,pH,1.3340191311306424,-0.08114248585327963
0.05º,Cape,pH,0.9225281609429253,-0.27679322129577155
0.05º,Cape,pH,0.5249239603678385,-0.4658412439584615
0.05º,Cape,pH,0.772979736328125,-0.3478986923266524
0.05º,Cape,pH,0.41231197781032985,-0.5193846235299807
0.05º,Cape,pH,0.6042391459147135,-0.42812942156555545
0.05º,Cape,pH,4.1870927810668945,1.2754023676752821
0.05º,Cape,pH,2.345073699951172,0.3995814772314706
0.05º,Cape,pH,0.440704345703125,-0.5058849648214432
0.05º,Cape,pH,0.5735626220703125,-0.44271512304094435
0.05º,Cape,pH,0.7891676161024306,-0.3402018755978364
0.05º,Cape,pH,2.3371410369873047,0.395809750862384
0.05º,Cape,pH,1.3727281358506944,-0.06273759779882207
0.05º,Cape,pH,1.4724159240722656,-0.015339257389825214
0.05º,Cape,pH,0.7090280320909288,-0.3783056729733972
0.05º,Cape,pH,1.7196762084960937,0.10222506357491641
0.05º,Cape,pH,2.036734686957465,0.25297618324334137
0.05º,Cape,pH,0.9679832458496094,-0.25518078885882983
0.05º,Cape,pH,0.6001243591308594,-0.4300858704764096
0.05º,Cape,pH,0.7899932861328125,-0.33980929602651955
0.05º,Cape,pH,0.9457583957248263,-0.2657479910261807
0.05º,Cape,pH,0.4714792039659288,-0.49125250848951146
0.05º,Cape,pH,0.7714318169487847,-0.3486346782580944
0.05º,Cape,pH,1.0287263658311632,-0.2262993869363502
0.05º,Cape,pH,0.21019066704644096,-0.6154868127992017
0.05º,Cape,pH,0.6925599839952257,-0.38613570073744946
0.05º,Cape,pH,8.518609619140625,3.3348994559444605
0.05º,Cape,pH,1.4638637966579862,-0.01940551920217645
0.05º,Cape,pH,2.671195136176215,0.5546417421308049
0.05º,Cape,pH,0.6322462293836806,-0.4148129532216621
0.05º,Cape,pH,1.0135154724121094,-0.2335316780430484
0.05º,Cape,pH,0.5857166714138455,-0.43693626307815636
0.05º,Cape,pH,1.0836443219866072,-0.200187663255246
0.05º,Cape,pH,1.466601053873698,-0.018104041342030506
0.05º,Cape,pH,0.62363433837890625,-0.41890763070113646
0.05º,Cape,pH,0.7029079861111112,-0.3812155582045286
0.05º,Cape,pH,0.7308743794759115,-0.36791843669782553
0.05º,Cape,pH,0.8447986178927951,-0.31375112162692387
0.05º,Cape,pH,1.1730109320746527,-0.15769671143739145
0.05º,Cape,pH,2.234527587890625,0.34702035270645976
0.05º,Cape,pH,2.273362477620443,0.36548509503847443
0.05º,Cape,pH,1.51816897922092,0.006414850323623565
0.05º,Cape,pH,1.5131705147879464,0.004038241082481989
0.05º,Cape,pH,1.9728741115993924,0.22261253145072038
0.05º,Cape,pH,0.2351108127170139,-0.6036380841975573
0.05º,Cape,pH,0.9528554280598959,-0.26237358017293144
0.05º,Cape,pH,0.8878487481011285,-0.2932821678797418
0.05º,Cape,pH,1.7781783209906683,0.1300409384391483
0.05º,Cape,pH,0.9283430311414931,-0.2740284373435662
0.05º,Cape,pH,0.4734157986111111,-0.49033171995699254
0.05º,Cape,pH,1.8317459954155817,0.15551064654087693
0.05º,Cape,pH,1.0841335720486112,-0.19995504056998348
0.05º,Cape,pH,0.62841796875,-0.41663316815396906
0.05º,Cape,pH,1.347462124294705,-0.07475077451658278
0.05º,Cape,pH,1.1166051228841145,-0.18451586143313317
0.05º,Cape,pH,0.5929650200737847,-0.43348990617410627
0.05º,Cape,pH,0.6013657706124442,-0.4294956192024922
0.05º,Cape,pH,0.59795167711046,-0.4311189109705422
0.05º,Cape,pH,1.7401021321614583,0.11193693400890842
0.05º,Cape,pH,0.5494732326931424,-0.45416885371662313
0.05º,Cape,pH,3.740494622124566,1.0630592919463808
0.05º,Cape,pH,0.75745603773329,-0.35527971224424987
0.05º,Cape,pH,1.540347205268012,0.016959884240027347
0.05º,Cape,pH,1.30628416273329,-0.09432957222346375
0.05º,Cape,pH,1.6688198513454862,0.07804449972462513
0.05º,Cape,pH,2.130284203423394,0.29745597265038204
0.05º,Cape,pH,1.2164077758789062,-0.1370629065149849
0.05º,Cape,pH,1.668948279486762,0.07810556317950647
0.05º,Cape,pH,0.68810272216796875,-0.3882549855279875
0.05º,Cape,pH,1.4904374016655817,-0.006770623810127949
0.05º,Cape,pH,0.6524001227484809,-0.4052304244554685
0.05º,Cape,pH,1.3825702667236328,-0.05805798078867672
0.05º,Cape,pH,1.6357205708821614,0.062306855318205775
0.05º,Cape,pH,2.467168172200521,0.4576334759865119
0.05º,Cape,pH,0.6216930813259549,-0.41983063605875
0.05º,Cape,pH,6.230768203735352,2.2471043694675066
0.05º,Cape,pH,0.5065793991088867,-0.47456349344074406
0.05º,Cape,pH,0.52605438232421875,-0.46530376463777257
0.05º,Cape,pH,0.636636945936415,-0.41272530857111217
0.05º,Cape,pH,3.4333972930908203,0.9170443787868825
0.05º,Cape,pH,1.0213656955295138,-0.22979914917222732
0.05º,Cape,pH,0.7291172572544643,-0.3687538918591664
0.05º,Cape,pH,2.7738469441731772,0.603449378711372
0.05º,Cape,pH,2.2479004859924316,0.35337873609315323
0.05º,Cape,pH,1.1756685045030382,-0.15643312113340954
0.05º,Cape,pH,0.7789518568250868,-0.34505914090988926
0.05º,Cape,pH,1.3600887722439237,-0.06874720910101337
0.05º,Cape,pH,2.069097730848524,0.26836377081435125
0.05º,Cape,pH,0.30005972726004465,-0.5727569620899722
0.05º,Cape,pH,1.3135976791381836,-0.0908522301504763
0.05º,Cape,pH,9.92042605082194,4.001418129947688
0.05º,Cape,pH,0.6221288045247396,-0.4196234636771721
0.05º,Cape,pH,1.3552305433485243,-0.07105714084969604
0.05º,Cape,pH,0.928079332624163,-0.2741538175161304
0.05º,Cape,pH,1.1669540405273438,-0.16057656876496734
0.05º,Cape,pH,0.5468360053168403,-0.4554227706020099
0.05º,Cape,pH,1.080211215549045,-0.20181999506329265
0.05º,Cape,pH,1.0093392266167536,-0.23551734873924188
0.05º,Cape,pH,0.7991349962022569,-0.33546270660446514
0.05º,Cape,pH,0.6099751790364584,-0.42540212211040596
0.05º,Cape,pH,0.6514150831434462,-0.4056987791391134
0.05º,Cape,pH,17.34780788421631,7.532899555780419
0.05º,Cape,pH,2.8334113226996527,0.6317703269439993
0.05º,Cape,pH,0.9954435560438368,-0.24212429363967924
0.05º,Cape,pH,0.6473583645290799,-0.4076276185010609
0.05º,Cape,pH,6.069586617606027,2.1704677039008144
0.05º,Cape,pH,1.05108642578125,-0.2156678968412529
0.05º,Cape,pH,1.8412144978841145,0.16001261524911467
0.05º,Cape,pH,0.2293760511610243,-0.6063647790640444
0.05º,Cape,pH,0.6272392272949219,-0.4171936218438213
0.05º,Cape,pH,0.7497274610731337,-0.3589544021330546
0.05º,Cape,pH,0.5691791110568576,-0.4447993416890752
0.05º,Cape,pH,1.8880852593315973,0.18229815639663058
0.05º,Cape,pH,0.9316202799479166,-0.27247021083154266
0.05º,Cape,pH,1.1397908528645833,-0.173491791766719
0.05º,Cape,pH,1.460968017578125,-0.020782369115542373
0.05º,Cape,pH,1.3070220947265625,-0.09397870926983816
0.05º,Cape,pH,1.049023946126302,-0.21664853965132883
0.05º,Cape,pH,2.128885269165039,0.29679082435719345
0.05º,Cape,pH,1.7607955932617188,0.12177600989742572
0.05º,Cape,pH,0.4749014112684462,-0.4896253588699979
0.05º,Cape,pH,0.7568961249457465,-0.3555459327851685
0.05º,Cape,pH,1.7297918531629775,0.10703472760629933
0.05º,Cape,pH,1.3735304938422308,-0.062356102352978775
0.05º,Cape,pH,0.7091386583116319,-0.37825307375978645
0.05º,Cape,pH,0.6062062581380209,-0.4271941229051439
0.05º,Cape,pH,3.466439141167535,0.9327547159387262
0.05º,Cape,pH,2.3997756958007814,0.42559051872578557
0.05º,Cape,pH,3.326938205295139,0.8664265029869347
0.05º,Cape,pH,0.6460677252875434,-0.40824127599318605
0.05º,Cape,pH,0.9840453011648995,-0.24754379761763462
0.05º,Cape,pH,1.2162144978841145,-0.13715480399163818
0.05º,Cape,pH,0.65711212158203125,-0.4029900204029379
0.05º,Cape,pH,1.0040630764431424,-0.23802598862823177
0.05º,Cape,pH,0.6899897257486979,-0.3873577759532942
0.05º,Cape,pH,0.5265880160861545,-0.4650500389292059
0.05º,Cape,pH,1.6892293294270833,0.0877485508119194
0.05º,Cape,pH,0.8629175821940104,-0.3051361362497919
0.05º,Cape,pH,1.3460218641493056,-0.07543557194129258
0.05º,Cape,pH,1.1131668090820312,-0.18615066917570108
0.05º,Cape,pH,3.8118948936462402,1.0970078270202768
0.05º,Cape,pH,0.41459740532769096,-0.5182979761744672
0.05º,Cape,pH,1.3797505696614583,-0.059398656147088155
0.05º,Cape,pH,0.5241597493489584,-0.46620460174443906
0.05º,Cape,pH,0.35936228434244794,-0.5445605015418837
0.05º,Cape,pH,1.1833708021375868,-0.15277092607695678
0.05º,Cape,pH,0.6058720179966518,-0.4273530433534916
0.05º,Cape,pH,1.7156651814778645,0.10031794909889705
0.05º,Cape,pH,3.490278879801432,0.9440897457070611
0.05º,Cape,pH,0.9009043375651041,-0.28707465455545955
0.05º,Cape,pH,1.1649126325334822,-0.16154719267721257
0.05º,Cape,pH,1.6617385016547308,0.0746775454648762
0.05º,Cape,pH,1.0059466891818576,-0.237130391289971
0.05º,Cape,pH,0.65582275390625,-0.4036030733064009
0.05º,Cape,pH,2.068165249294705,0.2679204057954104
0.05º,Cape,pH,0.6521631876627604,-0.4053430794761903
0.05º,Cape,pH,1.0654822455512152,-0.20882314706702002
0.05º,Cape,pH,0.2637668185763889,-0.5900130741063918
0.05º,Cape,pH,1.182629903157552,-0.15312319973746086
0.05º,Cape,pH,0.8135282728407118,-0.3286191660075566
0.05º,Cape,pH,1.7508807182312012,0.11706180537756414
0.05º,Cape,pH,1.4336107042100694,-0.033789892653055376
0.05º,Cape,pH,1.0165239969889324,-0.2321012212683014
0.05º,Cape,pH,1.6448601616753473,0.06665243709248996
0.05º,Cape,pH,0.9179492526584201,-0.278970345068326
0.05º,Cape,pH,1.2987730238172743,-0.09790087745103358
0.05º,Cape,pH,0.7121946546766493,-0.3768000456749843
0.05º,Cape,pH,1.7936549716525607,0.1373995885762447
0.05º,Cape,pH,0.4903784857855903,-0.4822665072033474
0.05º,Cape,pH,0.8226335313585069,-0.3242899081271517
0.05º,Cape,pH,1.0132802327473958,-0.23364352694555401
0.05º,Cape,pH,1.5307846069335938,0.012413175970787331
0.05º,Cape,pH,1.896331787109375,0.1862191154005016
0.05º,Cape,pH,0.31335703531901044,-0.5664345193400008
0.05º,Cape,pH,1.1657816569010417,-0.16113399951150859
0.05º,Cape,pH,0.5113839043511285,-0.47227910556303904
0.05º,Cape,pH,1.2407951354980469,-0.12546750056279904
0.05º,Cape,pH,1.6637776692708333,0.07564710414947859
0.05º,Cape,pH,1.3317735460069444,-0.08221018943071125
0.05º,Cape,pH,1.1573270161946614,-0.16515390952642517
0.05º,Cape,pH,0.6267416212293837,-0.4174302175402926
0.05º,Cape,pH,1.860532972547743,0.1691979292642481
0.05º,Cape,pH,1.6594200134277344,0.07357517880414564
0.05º,Cape,pH,4.355838139851888,1.3556353641216683
0.05º,Cape,pH,3.3595865037706165,0.8819497199478299
0.05º,Cape,pH,1.9811036851671007,0.22652542927242883
0.05º,Cape,pH,0.8907106187608507,-0.29192144033070105
0.05º,Cape,pH,1.6710806952582464,0.07911945836600294
0.05º,Cape,pH,2.4220172337123325,0.43616565539957913
0.05º,Cape,pH,0.9216274685329862,-0.27722147159815774
0.05º,Cape,pH,4.6943249172634545,1.5165749514664915
0.05º,Cape,pH,0.9236560397677951,-0.276256951152407
0.05º,Cape,pH,0.7649755477905273,-0.35170442680798725
0.05º,Cape,pH,1.0688425699869792,-0.20722542076239978
0.05º,SWA,pH,0.38732757568359377,-0.5312639040120213
0.05º,SWA,pH,2.5473225911458335,0.49574432689646486
0.05º,SWA,pH,0.6508335537380643,-0.40597527768728936
0.05º,SWA,pH,0.5647684733072916,-0.4468964582286662
0.05º,SWA,pH,0.5331158108181424,-0.4619462822670647
0.05º,SWA,pH,7.671427620781793,2.932091635017232
0.05º,SWA,pH,0.4727613661024306,-0.49064288158846753
0.05º,SWA,pH,0.5953441196017795,-0.43235872078714455
0.05º,SWA,pH,0.3949771457248264,-0.5276267792320941
0.05º,SWA,pH,0.5022019280327691,-0.4766448402927296
0.05º,SWA,pH,0.4169972737630208,-0.5171569158393563
0.05º,SWA,pH,0.4754859076605903,-0.4893474496149435
0.05º,SWA,pH,0.7438189188639323,-0.3617637241167081
0.05º,SWA,pH,3.7158851623535156,1.0513582845078653
0.05º,SWA,pH,0.3372531467013889,-0.5550726861409752
0.05º,SWA,pH,1.562822977701823,0.027646391903384228
0.05º,SWA,pH,0.34700944688585067,-0.5504338788655279
0.05º,SWA,pH,0.6578780280219184,-0.4026258564987441
0.05º,SWA,pH,1.956448449028863,0.2148026566420745
0.05º,SWA,pH,1.3042259216308594,-0.095308199737999
0.05º,SWA,pH,3.87825690375434,1.1285608306674013
0.05º,SWA,pH,0.8675655788845487,-0.302926163159925
0.05º,SWA,pH,0.8332909478081597,-0.31922264901976405
0.05º,SWA,pH,0.2939843071831597,-0.5756456291380544
0.05º,SWA,pH,1.0708830091688368,-0.20625525748913523
0.05º,SWA,pH,1.1775775485568576,-0.15552543202190486
0.05º,SWA,pH,0.51345062255859375,-0.4712964474574225
0.05º,SWA,pH,0.1543180677625868,-0.6420524386159308
0.05º,SWA,pH,0.5850440131293403,-0.4372560904804561
0.05º,SWA,pH,0.9047588772243924,-0.2852419447908006
0.05º,SWA,pH,0.6526769002278646,-0.4050988256566646
0.05º,SWA,pH,1.4588762919108074,-0.02177691746484865
0.05º,SWA,pH,0.343292236328125,-0.5522012930546699
0.05º,SWA,pH,1.6119537353515625,0.051006488633169776
0.05º,SWA,pH,1.2126846313476562,-0.13883314211788392
0.05º,SWA,pH,0.35840479532877606,-0.5450157568045145
0.05º,SWA,pH,0.11970689561631945,-0.6585089389416967
0.05º,SWA,pH,0.5842115614149306,-0.437651894524638
0.05º,SWA,pH,1.1956375969780817,-0.14693845925278776
0.05º,SWA,pH,4.043717278374566,1.2072319226874024
0.05º,SWA,pH,1.2696177164713542,-0.11176328935688644
0.05º,SWA,pH,0.5356742011176215,-0.46072984987873383
0.05º,SWA,pH,1.0036129421657987,-0.23824001301464784
0.05º,SWA,pH,0.4506356981065538,-0.5011629258401674
0.05º,SWA,pH,0.4940316942003038,-0.48052952397686904
0.05º,SWA,pH,0.30443233913845485,-0.5706779256303743
0.05º,SWA,pH,0.27803124321831596,-0.5832307984939188
0.05º,SWA,pH,0.5063201056586372,-0.47468677914544277
0.05º,SWA,pH,1.4578815036349826,-0.02224990732823714
0.05º,SWA,pH,1.3756340874565973,-0.06135591117615857
0.05º,SWA,pH,0.7817425198025174,-0.34373227032593123
0.05º,SWA,pH,0.8469246758355035,-0.31274024938373834
0.05º,SWA,pH,0.7343940734863281,-0.3662449352808773
0.05º,SWA,pH,0.4481947157118056,-0.5023235345420225
0.05º,SWA,pH,0.61869049072265625,-0.42125827141974004
0.05º,SWA,pH,0.5487170749240451,-0.4545283824410735
0.05º,SWA,pH,0.2704603407118056,-0.5868305193886116
0.05º,SWA,pH,0.44164615207248265,-0.5054371661523128
0.05º,SWA,pH,0.3685408698187934,-0.5401963790486257
0.05º,SWA,pH,4.421049329969618,1.3866411898383146
0.05º,SWA,pH,0.5815073649088541,-0.43893765307956695
0.05º,SWA,pH,7.719508034842355,2.9549523271170783
0.05º,SWA,pH,0.21419143676757812,-0.6135845753383906
0.05º,SWA,pH,0.19226837158203125,-0.6240082884632479
0.05º,SWA,pH,0.8063494364420573,-0.3320324720647402
0.05º,SWA,pH,0.6448368496365018,-0.4088265178181882
0.05º,SWA,pH,1.4576119316948786,-0.022378080124621835
0.05º,SWA,pH,0.6305033365885416,-0.4156416427479737
0.05º,SWA,pH,0.4043167961968316,-0.5231860755082919
0.05º,SWA,pH,0.2045313517252604,-0.6181776354050654
0.05º,SWA,pH,0.7894376118977865,-0.34007350127189756
0.05º,SWA,pH,0.2721998426649306,-0.5860034420987326
0.05º,SWA,pH,0.5023468865288628,-0.4765759171852397
0.05º,SWA,pH,1.1735157436794705,-0.15745668973850105
0.05º,SWA,pH,0.3080643547905816,-0.5689510188815992
0.05º,SWA,pH,1.216200934516059,-0.13716125293736825
0.05º,SWA,pH,0.26807064480251735,-0.587966743014425
0.05º,SWA,pH,0.6312794155544705,-0.41527264213448234
0.05º,SWA,pH,1.5900421142578125,0.04058821680627229
0.05º,SWA,pH,12.493528578016493,5.224845709864912
0.05º,SWA,pH,0.18156390719943577,-0.6290979173511366
0.05º,SWA,pH,1.3954285515679254,-0.05194427947181124
0.05º,SWA,pH,0.8812616136338975,-0.29641413867945193
0.05º,SWA,pH,1.212262471516927,-0.13903386555373182
0.05º,SWA,pH,1.4845848083496094,-0.009553343892645028
0.05º,SWA,pH,1.8420287238226996,0.1603997535224718
0.05º,SWA,pH,0.8116395738389757,-0.3295171817004662
0.05º,SWA,pH,0.6122656928168403,-0.42431305640024364
0.05º,SWA,pH,6.471611658732097,2.3616176942073612
0.05º,SWA,pH,5.772229406568739,2.0290839039062885
0.05º,SWA,pH,0.4186553955078125,-0.5163685322238575
0.05º,SWA,pH,1.0594054328070746,-0.21171247628363693
0.05º,SWA,pH,2.1881891886393228,0.32498793267884835
0.05º,SWA,pH,15.779641045464409,6.787286607923088
0.05º,SWA,pH,0.6925120883517795,-0.38615847357705874
0.05º,SWA,pH,0.1357082790798611,-0.6509007952166689
0.05º,SWA,pH,1.0753139919704862,-0.20414846753094917
0.05º,SWA,pH,11.946231079101562,4.964623333369762
0.05º,SWA,pH,0.16206147935655382,-0.6383706951927338
0.05º,SWA,pH,0.32404200236002606,-0.561354160811599
0.05º,SWA,pH,0.5413949754503038,-0.45800980548753073
0.05º,SWA,pH,0.8280520968967013,-0.3217135543079963
0.05º,SWA,pH,0.21975284152560765,-0.6109403060595157
0.05º,SWA,pH,0.6360816955566406,-0.41298931228693614
0.05º,SWA,pH,0.2046746148003472,-0.6181095184157919
0.05º,SWA,pH,12.469314999050564,5.213332931029893
0.05º,SWA,pH,0.2243253919813368,-0.6087662052302721
0.05º,SWA,pH,0.37235768636067706,-0.5383816054142787
0.05º,SWA,pH,0.5055185953776041,-0.475067871532178
0.05º,SWA,pH,0.9425896538628472,-0.2672546259723638
0.05º,SWA,pH,0.644354502360026,-0.40905585845071313
0.05º,SWA,pH,0.6081682840983073,-0.42626124259938125
0.05º,SWA,pH,1.9068285624186199,0.19120999480689896
0.05º,SWA,pH,0.7472254435221354,-0.3601440310906949
0.05º,SWA,pH,0.5426343282063802,-0.4574205330714473
0.05º,SWA,pH,5.432043711344401,1.867336535726388
0.05º,SWA,pH,0.7086071438259549,-0.3785057918205828
0.05º,SWA,pH,0.46414438883463544,-0.49473997742259057
0.05º,SWA,pH,0.3427323235405816,-0.5524675135955887
0.05º,SWA,pH,2.7233818901909723,0.5794548669453926
0.05º,SWA,pH,0.3130340576171875,-0.5665880848601976
0.05º,SWA,pH,0.43150287204318577,-0.5102599699106207
0.05º,SWA,pH,0.44997278849283856,-0.5014781180627236
0.05º,SWA,pH,0.6818154652913412,-0.39124437416819724
0.05º,SWA,pH,0.2639634874131944,-0.5899195643933061
0.05º,SWA,pH,1.913755628797743,0.19450359230896844
0.05º,SWA,pH,0.6074553595648872,-0.426600215309317
0.05º,SWA,pH,0.48245535956488717,-0.4860336991574676
0.05º,SWA,pH,0.6575537787543403,-0.40278002660760315
0.05º,SWA,pH,0.8920275370279948,-0.2912952880062239
0.05º,SWA,pH,0.17253621419270834,-0.6333902953231478
0.05º,SWA,pH,0.9875445895724826,-0.24587999840921776
0.05º,SWA,pH,0.4459648132324219,-0.5033837815259538
0.05º,SWA,pH,0.43826887342664933,-0.5070429536390955
0.05º,SWA,pH,1.4085650973849826,-0.04569827400270279
0.05º,SWA,pH,0.7295273674858941,-0.36855889762064126
0.05º,SWA,pH,0.4438205295138889,-0.504403319539964
0.05º,SWA,pH,0.1605224609375,-0.6391024490035405
0.05º,SWA,pH,1.7437091403537326,0.11365195051399388
0.05º,SWA,pH,0.31469302707248265,-0.5657992981855907
0.05º,SWA,pH,5.255771636962891,1.7835248278413198
0.05º,SWA,pH,1.0156758626302083,-0.23250448190598375
0.05º,SWA,pH,0.3506796095106337,-0.5486888344568868
0.05º,SWA,pH,0.36454518636067706,-0.542096198154788
0.05º,SWA,pH,2.534198760986328,0.4895043673139782
0.05º,SWA,pH,0.42581939697265625,-0.5129622797010661
0.05º,SWA,pH,0.9627969529893663,-0.2576467044823581
0.05º,SWA,pH,0.5238795810275607,-0.46633781277967545
0.05º,SWA,pH,1.1788533528645833,-0.15491882806417195
0.05º,SWA,pH,3.458855946858724,0.9291491506869655
0.05º,SWA,pH,7.625133514404297,2.91008027482802
0.05º,SWA,pH,0.3851640489366319,-0.5322925914677861
0.05º,SWA,pH,0.6681043836805556,-0.39776355294783966
0.05º,SWA,pH,0.5353931850857205,-0.4608634639730783
0.05º,SWA,pH,0.29079437255859375,-0.5771623405619407
0.05º,SWA,pH,0.6543841891818576,-0.4042870646128945
0.05º,SWA,pH,0.9539532131618924,-0.2618516186279054
0.05º,SWA,pH,0.5612907409667969,-0.4485500082197621
0.05º,SWA,pH,1.2596876356336806,-0.1164847237495001
0.05º,SWA,pH,11.90422354804145,4.944650102019668
0.05º,SWA,pH,1.1680607265896268,-0.16005037509930595
0.05º,SWA,pH,0.38910335964626735,-0.5304195757923144
0.05º,SWA,pH,0.5740542941623263,-0.44248134875823
0.05º,SWA,pH,0.428672366672092,-0.5116057842726607
0.05º,SWA,pH,1.7816641065809462,0.1316983174917715
0.05º,SWA,pH,0.6899405585394965,-0.3873811533815656
0.05º,SWA,pH,0.9737870958116319,-0.2524212446750302
0.05º,SWA,pH,0.9293200174967448,-0.2735639117214485
0.05º,SWA,pH,2.530384063720703,0.48769060132740133
0.05º,SWA,pH,0.4422281053331163,-0.5051604660745829
0.05º,SWA,pH,0.6829537285698785,-0.39070316655075815
0.05º,SWA,pH,0.5609647962782118,-0.4487049844468374
0.05º,SWA,pH,0.9878997802734375,-0.245711116642912
0.05º,SWA,pH,0.667861090766059,-0.39787923091187244
0.05º,SWA,pH,0.9295908610026041,-0.27343513433640154
0.05º,SWA,pH,1.7059126959906683,0.09568095558943625
0.05º,SWA,pH,0.952535417344835,-0.26252573498624987
0.05º,SWA,pH,0.17545954386393228,-0.6320003459887676
0.05º,SWA,pH,9.470403883192274,3.787447048098669
0.05º,SWA,pH,0.15395567152235243,-0.6422247463846555
0.05º,SWA,pH,0.8445191383361816,-0.3138840051766349
0.05º,SWA,pH,5.756793022155762,2.021744399076828
0.05º,SWA,pH,0.21617635091145834,-0.6126408124367085
0.05º,SWA,pH,0.3422800699869792,-0.5526825456297749
0.05º,SWA,pH,1.8782802157931857,0.1776361732224658
0.05º,SWA,pH,1.896212683783637,0.18616248559580953
0.05º,SWA,pH,0.23453860812717015,-0.6039101490955437
0.05º,SWA,pH,1.8167385525173612,0.14837508962012946
0.05º,SWA,pH,0.4054400126139323,-0.5226520221900219
0.05º,SWA,pH,3.9653875562879772,1.1699886565076951
0.05º,SWA,pH,0.6612252129448785,-0.4010343776102999
0.05º,SWA,pH,1.0075454711914062,-0.23637022181204118
0.05º,SWA,pH,1.3983629014756944,-0.050549090369025565
0.05º,SWA,pH,0.23402320014105904,-0.6041552090332856
0.05º,SWA,pH,0.6617321438259549,-0.40079334826363927
0.05º,SWA,pH,0.8088429768880209,-0.33084687369818105
0.05º,SWA,pH,0.3089129130045573,-0.5685475567143627
0.05º,SWA,pH,1.185074700249566,-0.15196077726961907
0.05º,SWA,pH,0.2873196072048611,-0.5788144798461581
0.05º,SWA,pH,0.5675078497992622,-0.4455939727207499
0.05º,SWA,pH,1.4669787089029949,-0.0179244785093594
0.05º,SWA,pH,0.30673853556315106,-0.5695814033267116
0.05º,SWA,pH,0.29547034369574654,-0.5749390665215055
0.05º,SWA,pH,0.35059568617078996,-0.5487287373085915
0.05º,SWA,pH,1.4372762044270833,-0.0320470650695091
0.05º,SWA,pH,0.4154815673828125,-0.5178775855246894
0.05º,SWA,pH,0.3129187689887153,-0.566642900898903
0.05º,SWA,pH,0.5074153476291232,-0.47416602677774117
0.05º,SWA,pH,2.310675303141276,0.3832261447418448
0.05º,SWA,pH,1.5193588256835937,0.006980584087792297
0.05º,SWA,pH,1.8939204745822482,0.18507261376743092
0.05º,SWA,pH,0.6901109483506944,-0.38730013850083184
0.05º,SWA,pH,1.0391133626302083,-0.2213607036844555
0.05º,SWA,pH,0.327720218234592,-0.5596052873414308
0.05º,SWA,pH,0.2919955783420139,-0.5765912058057231
0.05º,SWA,pH,0.42265065511067706,-0.5144689146472493
0.05º,SWA,pH,0.5654415554470487,-0.44657642929681235
0.05º,SWA,pH,0.8090269300672743,-0.33075940987171726
0.05º,SWA,pH,3.714697519938151,1.050793598697378
0.05º,SWA,pH,0.40374840630425346,-0.5234563266402917
0.05º,SWA,pH,0.24193827311197916,-0.6003918461406927
0.05º,SWA,pH,0.3541734483506944,-0.5470276263427365
0.05º,SWA,pH,0.7577802870008681,-0.3551255421353908
0.05º,SWA,pH,2.4522666931152344,0.4505483014542804
0.05º,SWA,pH,0.83065032958984375,-0.32047817814158336
0.05º,SWA,pH,1.891640133327908,0.18398838476656612
0.05º,SWA,pH,0.6416087680392795,-0.41036136690194036
0.05º,SWA,pH,2.2172088623046875,0.3387858551274008
0.05º,SWA,pH,5.53740734524197,1.9174335583938569
0.05º,SWA,pH,0.2941318088107639,-0.57557549685324
0.05º,SWA,pH,0.2676277160644531,-0.5881773413984219
0.05º,SWA,pH,0.6534580654568143,-0.40472740668852447
0.05º,SWA,pH,0.6814952426486545,-0.3913966297462927
0.05º,SWA,pH,1.0975443522135417,-0.19357864547939546
0.05º,SWA,pH,1.1696662902832031,-0.1592869811485112
0.05º,SWA,pH,1.3758892483181424,-0.06123459038461201
0.05º,SWA,pH,0.49394819471571183,-0.48056922529901963
0.05º,SWA,pH,0.6803423563639323,-0.39194479013334704
0.05º,SWA,pH,0.4779629177517361,-0.4881697109009929
0.05º,SWA,pH,0.21283425225151908,-0.6142298729705039
0.05º,SWA,pH,0.7845912509494357,-0.34237779019306647
0.05º,SWA,pH,0.33785586886935765,-0.554786111115096
0.05º,SWA,pH,1.2284308539496527,-0.13134631918440282
0.05º,SWA,pH,1.1787965562608507,-0.1549458330244165
0.05º,SWA,pH,0.2597435845269097,-0.5919259926335683
0.05º,SWA,pH,0.352020263671875,-0.5480513964773821
0.05º,SWA,pH,0.32621002197265625,-0.5603233371425611
0.05º,SWA,pH,0.2952033148871528,-0.5750660301405659
0.05º,SWA,pH,0.557169172498915,-0.4505096816034813
0.05º,SWA,pH,9.163768768310547,3.6416519029178773
0.05º,SWA,pH,6.882425308227539,2.5569463854224583
0.05º,SWA,pH,0.3347591824001736,-0.5562584860370883
0.05º,SWA,pH,0.9599694146050347,-0.2589911081375197
0.05º,SWA,pH,0.3705173068576389,-0.539256646738025
0.05º,SWA,pH,0.48818376329210067,-0.4833100272342914
0.05º,SWA,pH,12.11717700958252,5.045902630954939
0.05º,SWA,pH,2.254508124457465,0.35652045588504117
0.05º,SWA,pH,0.8395313686794705,-0.31625552939527835
0.05º,SWA,pH,0.4132334391276042,-0.5189464982794454
0.05º,SWA,pH,0.6655366685655382,-0.39898441898635995
0.05º,SWA,pH,0.7566002739800347,-0.35568660041390526
0.05º,SWA,pH,0.4167226155598958,-0.5172875069903898
0.05º,SWA,pH,0.3210194905598958,-0.56279126806163
0.05º,SWA,pH,0.5603061252170138,-0.449018161373853
0.05º,SWA,pH,0.40070809258355033,-0.5249018981315935
0.05º,SWA,pH,0.9421200222439237,-0.2674779207182668
0.05º,SWA,pH,1.153210957845052,-0.1671109630259416
0.05º,SWA,pH,1.500833723280165,-0.0018275069080438467
0.05º,SWA,pH,0.9991730584038628,-0.24035103509346928
0.05º,SWA,pH,0.22121217515733507,-0.6102464398048729
0.05º,SWA,pH,4.064508438110352,1.2171174511381313
0.05º,SWA,pH,1.0976727803548176,-0.19351758202451413
0.05º,SWA,pH,0.16624323527018228,-0.6363824046123373
0.05º,SWA,pH,0.23842620849609375,-0.6020617200256678
0.05º,SWA,pH,0.9565281338161893,-0.260627326586966
0.05º,SWA,pH,0.6611378987630209,-0.40107589269843713
0.05º,SWA,pH,1.9229884677463107,0.1988935105851466
0.05º,SWA,pH,12.577428817749023,5.264737578208907
0.05º,SWA,pH,0.7589501274956597,-0.3545693205661739
0.05º,SWA,pH,0.48268169826931423,-0.48592608237559737
0.05º,SWA,pH,0.6796095106336806,-0.39229323473232386
0.05º,SWA,pH,0.5746714274088541,-0.44218792172751265
0.05º,SWA,pH,1.363363054063585,-0.06719039329586826
0.05º,SWA,pH,0.35393990410698783,-0.5471386691270258
0.05º,SWA,pH,0.9405937194824219,-0.2682036286424517
0.05º,SWA,pH,1.3787625630696614,-0.059868421537611564
0.05º,SWA,pH,7.163738250732422,2.690701651219576
0.05º,SWA,pH,3.4148292541503906,0.9082158728472196
0.05º,SWA,pH,7.955896801418728,3.067347590638687
0.05º,SWA,pH,1.3028238084581163,-0.09597485950284304
0.05º,SWA,pH,3.1520178053114147,0.7832574728497771
0.05º,SWA,pH,0.3718380398220486,-0.5386286806475612
0.05º,SWA,pH,1.0603552924262152,-0.2112608485529793
0.05º,SWA,pH,0.21960364447699654,-0.6110112444625462
0.05º,SWA,pH,0.8619952731662326,-0.3055746645594354
0.05º,SWA,pH,0.5832188924153646,-0.4381238767402561
0.05º,SWA,pH,0.4994828965928819,-0.4779376523820507
0.05º,SWA,pH,2.0351359049479165,0.25221601376541153
0.05º,SWA,pH,7.810669708251953,2.998296773870356
0.05º,SWA,pH,1.133250766330295,-0.17660139278592799
0.05º,SWA,pH,0.7262056138780382,-0.3701382847358416
0.05º,SWA,pH,16.71776123046875,7.233332614827724
0.05º,SWA,pH,0.38553958468967015,-0.5321140362828853
0.05º,SWA,pH,1.4089859856499567,-0.04549815515551708
0.05º,SWA,pH,0.8689990573459201,-0.30224459020808025
0.05º,SWA,pH,0.79603025648329,-0.33693891058798464
0.05º,SWA,pH,1.1918941073947482,-0.14871836827428192
0.05º,SWA,pH,0.7738821241590712,-0.3474696359060499
0.05º,SWA,pH,14.542640844980875,6.199132756438311
0.05º,SWA,pH,0.37310494316948783,-0.5380263088104638
0.05º,SWA,pH,0.7851130167643229,-0.3421297073120136
0.05º,SWA,pH,1.7464684380425348,0.11496390791095121
0.05º,SWA,pH,1.4592772589789496,-0.021586270506704097
0.05º,SWA,pH,0.8109380933973525,-0.32985071311244224
0.05º,SWA,pH,0.5104196336534288,-0.4727375852985349
0.05º,SWA,pH,1.0373819139268663,-0.22218395191280732
0.05º,SWA,pH,0.20007112291124132,-0.620298330902482
0.05º,SWA,pH,0.76175689697265625,-0.35323479185916146
0.05º,SWA,pH,0.2738075256347656,-0.5852390405001675
0.05º,SWA,pH,0.6612133449978299,-0.4010400204378137
0.05º,SWA,pH,0.4524057176378038,-0.5003213384223958
0.05º,SWA,pH,0.6745173136393229,-0.3947144107948499
0.05º,SWA,pH,0.7239596048990885,-0.3712061898428272
0.05º,SWA,pH,0.4207611083984375,-0.5153673333992671
0.05º,SWA,pH,0.3114551968044705,-0.5673387824490863
0.05º,SWA,pH,0.31399281819661456,-0.5661322250089047
0.05º,SWA,pH,0.4802517361111111,-0.48708145130904684
0.05º,SWA,pH,0.9795502556694878,-0.24968104732842064
0.05º,SWA,pH,0.260825686984592,-0.5914114876820427
0.05º,SWA,pH,0.5138558281792535,-0.47110378520373725
0.05º,SWA,pH,1.1512493557400174,-0.16804364180215017
0.05º,SWA,pH,0.3663787841796875,-0.5412243813039068
0.05º,SWA,pH,2.843978034125434,0.6367944587268172
0.05º,SWA,pH,0.2749002244737413,-0.5847194973097902
0.05º,SWA,pH,6.188961876763238,2.2272268041967256
0.05º,SWA,pH,0.512778811984592,-0.4716158718006141
0.05º,SWA,pH,0.39184824625651044,-0.5291144704001952
0.05º,SWA,pH,0.34895070393880206,-0.5495108735079143
0.05º,SWA,pH,4.651538848876953,1.4962315506314914
0.05º,SWA,pH,0.23410797119140625,-0.6041149031224728
0.05º,SWA,pH,0.9271761576334635,-0.2745832482059047
0.05º,SWA,pH,0.19979434543185765,-0.6204299297012859
0.05º,SWA,pH,0.3706732855902778,-0.5391824838621293
0.05º,SWA,pH,2.163951449924045,0.3134636666592472
0.05º,SWA,pH,0.39020707872178817,-0.5298947928335315
0.05º,SWA,pH,1.1026776631673176,-0.19113792105012528
0.05º,SWA,pH,0.39435916476779515,-0.5279206093219196
0.05º,SWA,pH,0.6895213656955295,-0.387580466110535
0.05º,SWA,pH,0.30321502685546875,-0.5712567185096464
0.05º,SWA,pH,0.5752101474338107,-0.4419317776642972
0.05º,SWA,pH,1.7847069634331598,0.13314509816039766
0.05º,SWA,pH,1.4806459214952257,-0.011426158038562681
0.05º,SWA,pH,4.12242931789822,1.244656968524875
0.05º,SWA,pH,0.2037167019314236,-0.6185649752079766
0.05º,SWA,pH,12.305182456970215,5.135293180720386
0.05º,SWA,pH,0.1662207709418403,-0.6363930856787028
0.05º,SWA,pH,1.8722525702582464,0.17477022143412027
0.05º,SWA,pH,0.9967693752712674,-0.24149390919456673
0.05º,SWA,pH,0.8142810397677951,-0.3282612495195388
0.05º,SWA,pH,2.736766815185547,0.5858189687331826
0.05º,SWA,pH,0.41596349080403644,-0.5176484464217186
0.05º,SWA,pH,0.6633783976236979,-0.40001060747565437
0.05º,SWA,pH,0.2507972717285156,-0.5961796769311991
0.05º,SWA,pH,4.569696426391602,1.4573181082724782
0.05º,SWA,pH,0.5077141655815972,-0.474023948442126
0.05º,SWA,pH,0.5248222351074219,-0.4658896110514369
0.05º,SWA,pH,0.5070491366916232,-0.4743401483124526
0.05º,SWA,pH,0.6234164767795138,-0.41901121689192544
0.05º,SWA,pH,0.3020867241753472,-0.5717931901825651
0.05º,SWA,pH,3.494900173611111,0.946287022435022
0.05º,SWA,pH,0.7264319525824653,-0.3700306679539713
0.05º,SWA,pH,0.61102294921875,-0.4249039410527595
0.05º,SWA,pH,0.9679039849175347,-0.2552184748854398
0.05º,SWA,pH,13.759003448486329,5.826538352059387
0.05º,SWA,pH,2.5269402398003473,0.4860531737006306
0.05º,SWA,pH,1.7989082336425781,0.13989734586931513
0.05º,SWA,pH,0.17217127482096353,-0.6335638122691969
0.05º,SWA,pH,0.0739864773220486,-0.6802475288794825
0.05º,SWA,pH,1.9674436781141493,0.2200305348040512
0.05º,SWA,pH,0.1686223347981771,-0.6352512192253756
0.05º,SWA,pH,0.32168833414713544,-0.5624732544253168
0.05º,SWA,pH,0.5849359300401475,-0.43730748051674245
0.05º,SWA,pH,0.9583112928602431,-0.2597794917530184
0.05º,SWA,pH,0.40386369493272567,-0.5234015106015864
0.05º,SWA,pH,0.30387454562717015,-0.5709431385235227
0.05º,SWA,pH,0.20663494533962673,-0.6171774442282453
0.05º,SWA,pH,0.5097410413953993,-0.47306023411459147
0.05º,SWA,pH,0.6008563571506076,-0.429737828936541
0.05º,SWA,pH,0.4623463948567708,-0.49559486579093054
0.05º,SWA,pH,0.6677398681640625,-0.3979368683643348
0.05º,SWA,pH,1.2100546095106337,-0.14008363300085164
0.05º,SWA,pH,0.2583749559190538,-0.5925767315636412
0.05º,SWA,pH,0.4935985141330295,-0.4807354871811226
0.05º,SWA,pH,0.5079133775499132,-0.47392922955171585
0.05º,SWA,pH,1.472974141438802,-0.015073842967122835
0.05º,SWA,pH,1.5957234700520833,0.043289518948947385
0.05º,SWA,pH,0.6068318684895834,-0.4268966652833453
0.05º,SWA,pH,0.9277992248535156,-0.27428699976143045
0.05º,SWA,pH,0.35509618123372394,-0.5465888965035389
0.05º,SWA,pH,0.46683375040690106,-0.4934612724020539
0.05º,SWA,pH,0.5266702440049913,-0.4650109421957174
0.05º,SWA,pH,2.509129206339518,0.4775845995445261
0.05º,SWA,pH,1.451771206325955,-0.025155157379625096
0.05º,SWA,pH,0.5228771633572049,-0.466814430175037
0.05º,SWA,pH,0.725844489203559,-0.3703099879159042
0.05º,SWA,pH,0.6313404507107205,-0.4152436218786971
0.05º,SWA,pH,3.8936441209581165,1.1358769580685903
0.05º,SWA,pH,0.3118171691894531,-0.5671666762099156
0.05º,SWA,pH,2.2417950100368924,0.35047577844044275
0.05º,SWA,pH,0.37063641018337673,-0.539200016933333
0.05º,SWA,pH,0.4069773356119792,-0.5219210744974314
0.05º,SWA,pH,0.5713204277886285,-0.4437812143819434
0.05º,SWA,pH,0.36330540974934894,-0.5426856721004256
0.05º,SWA,pH,0.336509280734592,-0.5554263705083576
0.05º,SWA,pH,0.67365476820204,-0.3951245234373703
0.05º,SWA,pH,6.516578250461155,2.382997863833244
0.05º,SWA,pH,0.4467112223307292,-0.5030288879812468
0.05º,SWA,pH,0.4475873311360677,-0.5026123263929965
0.05º,SWA,pH,0.7642729017469618,-0.352038512426237
0.05º,SWA,pH,0.8268585205078125,-0.3222810615322408
0.05º,SWA,pH,1.7634578280978732,0.12304181702650228
0.05º,SWA,pH,0.31099870469835067,-0.5675558297788134
0.05º,SWA,pH,0.5142932467990451,-0.4708958067039431
0.05º,SWA,pH,0.5186297098795573,-0.4688339578363133
0.05º,SWA,pH,0.3667801751030816,-0.5410335328162081
0.05º,SWA,pH,0.21681255764431423,-0.6123383165760582
0.05º,SWA,pH,8.958722250802177,3.5441588718262516
0.05º,SWA,pH,0.5185839335123698,-0.46885572302815226
0.05º,SWA,pH,0.8546964857313368,-0.3090450034804191
0.05º,SWA,pH,1.6278771294487848,0.058577550920249764
0.05º,SWA,pH,1.6747928195529513,0.08088445420049631
0.05º,SWA,pH,1.0988451639811199,-0.19296015127797275
0.05º,SWA,pH,1.6392296685112848,0.0639753184963025
0.05º,SWA,pH,0.5059611002604166,-0.4748574746777351
0.05º,SWA,pH,1.7661412556966145,0.12431770063328207
0.05º,SWA,pH,1.964832729763455,0.21878911275101637
0.05º,SWA,pH,0.5855339898003472,-0.437023122315958
0.05º,SWA,pH,4.104160308837891,1.2359706416856047
0.05º,SWA,pH,7.0036163330078125,2.614568823933012
0.05º,SWA,pH,0.6761453416612413,-0.3939403357776897
0.05º,SWA,pH,0.3420444064670139,-0.5527945960618347
0.05º,SWA,pH,0.69692230224609375,-0.3840615585670218
0.05º,SWA,pH,0.2065760294596354,-0.6172054568362602
0.05º,SWA,pH,1.2177980211046007,-0.1364018895776547
0.05º,SWA,pH,1.130277845594618,-0.17801492107813352
0.05º,SWA,pH,0.15619998508029515,-0.6411576473958862
0.05º,SWA,pH,0.4607018364800347,-0.49637680046069926
0.05º,SWA,pH,0.8366614447699653,-0.31762008600584635
0.05º,SWA,pH,0.6917843288845487,-0.38650449982138674
0.05º,SWA,pH,0.549828847249349,-0.45399977042076334
0.05º,SWA,pH,0.480568355984158,-0.48693090873216094
0.05º,SWA,pH,1.5623423258463542,0.027417857389075543
0.05º,SWA,pH,0.9732653299967448,-0.25266932755608307
0.05º,SWA,pH,0.330047607421875,-0.5584986885600648
0.05º,SWA,pH,4.8178361256917315,1.575300562755992
0.05º,SWA,pH,0.5732455783420138,-0.4428658671473843
0.05º,SWA,pH,0.29035282135009766,-0.5773722839748869
0.05º,SWA,pH,0.60472869873046875,-0.42789665493061135
0.05º,SWA,pH,1.2055719163682725,-0.14221500956463354
0.05º,SWA,pH,0.5998836093478732,-0.43020033926311807
0.05º,SWA,pH,12.8115234375,5.376042048624176
0.05º,SWA,pH,0.6285222371419271,-0.4165835918836693
0.05º,SWA,pH,0.36785888671875,-0.540520640101115
0.05º,SWA,pH,1.6485036214192708,0.06838478513922483
0.05º,SWA,pH,0.41410742865668404,-0.5185309443389652
0.05º,SWA,pH,2.4808069864908853,0.4641182939771862
0.05º,SWA,pH,0.4050377739800347,-0.5228432737368288
0.05º,SWA,pH,1.4304940965440538,-0.03527173946408867
0.05º,SWA,pH,2.0495279100206165,0.25905894977365806
0.05º,SWA,pH,0.42749616834852433,-0.5121650287851885
0.05º,SWA,pH,1.3175290425618489,-0.08898299315414333
0.05º,SWA,pH,0.0782729254828559,-0.6782094604992324
0.05º,SWA,pH,0.3946702745225694,-0.5277726866292365
0.05º,SWA,pH,0.9859958224826388,-0.24661638739976796
0.05º,SWA,pH,0.8902860369001117,-0.29212331536400066
0.05º,SWA,pH,0.5742463005913628,-0.44239005587023894
0.05º,SWA,pH,1.1346134609646268,-0.17595347526961186
0.05º,SWA,pH,0.6709035237630209,-0.39643265177280035
0.05º,SWA,pH,4.643371793958876,1.4923483784190072
0.05º,SWA,pH,0.25453821818033856,-0.5944009770870293
0.05º,SWA,pH,11.996423933241102,4.988488422856122
0.05º,SWA,pH,0.3111228942871094,-0.5674967816194726
0.05º,SWA,pH,0.9853990342881944,-0.2469001410118902
0.05º,SWA,pH,0.2749498155381944,-0.5846959183519648
0.05º,SWA,pH,0.5211207071940104,-0.46764956864707863
0.05º,SWA,pH,1.2776018778483074,-0.10796707714698107
0.05º,SWA,pH,0.8673680623372396,-0.3030200759321189
0.05º,SWA,pH,0.405265384250217,-0.5227350523662964
0.05º,SWA,pH,0.6589067247178819,-0.4021367442710306
0.05º,SWA,pH,0.6338611178927951,-0.41404512562067797
0.05º,SWA,pH,1.2824325561523438,-0.10567024481931261
0.05º,SWA,pH,0.5124151441786025,-0.4717887841580011
0.05º,SWA,pH,0.6927100287543403,-0.3860643592753108
0.05º,SWA,pH,1.4901029798719618,-0.0069296306282845554
0.05º,SWA,pH,0.3975512186686198,-0.5264028902502629
0.05º,SWA,pH,0.6782502068413628,-0.39293954001220743
0.05º,SWA,pH,0.3853488498263889,-0.5322047245822141
0.05º,SWA,pH,0.1658384535047743,-0.6365748653364686
0.05º,SWA,pH,0.5734604729546441,-0.4427636916634738
0.05º,SWA,pH,0.4941385057237413,-0.4804787385292449
0.05º,SWA,pH,1.4110293918185763,-0.04452658117537414
0.05º,SWA,pH,1.4404195149739583,-0.030552521896569765
0.05º,SWA,pH,0.4039950900607639,-0.5233390364398265
0.05º,SWA,pH,1.4541380140516493,-0.024029816349731198
0.05º,SWA,pH,0.5023748609754775,-0.4765626162346714
0.05º,SWA,pH,0.47554058498806423,-0.48932145230246926
0.05º,SWA,pH,0.7226121690538194,-0.371846852295197
0.05º,SWA,pH,9.493478351169163,3.7984182162571414
0.05º,SWA,pH,1.1021474202473958,-0.19139003452225947
0.05º,SWA,pH,0.33956866794162327,-0.5539717301871231
0.05º,SWA,pH,0.4783952501085069,-0.4879641507558476
0.05º,SWA,pH,0.28993860880533856,-0.5775692287315961
0.05º,SWA,pH,0.4622120327419705,-0.4956587506595688
0.05º,SWA,pH,0.6745109558105469,-0.39471743373816087
0.05º,SWA,pH,0.2052824232313368,-0.6178205250352639
0.05º,SWA,pH,0.23372311062282985,-0.604297891957563
0.05º,SWA,pH,0.639060550265842,-0.4115729625809737
0.05º,SWA,pH,5.376366509331597,1.8408638150340824
0.05º,SWA,pH,4.51517915725708,1.4313968983960634
0.05º,SWA,pH,0.34163199530707467,-0.552990684317939
0.05º,SWA,pH,0.6862191094292535,-0.3891505828662484
0.05º,SWA,pH,0.6893480088975694,-0.3876628916981472
0.05º,SWA,pH,0.58727052476671,-0.43619745573295743
0.05º,SWA,pH,0.6058146158854166,-0.4273803362130992
0.05º,SWA,pH,1.5608143276638455,0.026691343346674466
0.05º,SWA,pH,0.6217473347981771,-0.41980484027582976
0.05º,SWA,pH,0.7184291415744357,-0.3738357474642556
0.05º,SWA,pH,0.9730220370822482,-0.25278500552011585
0.05º,SWA,pH,1.9639049106174045,0.21834796455717
0.05º,SWA,pH,0.6262491014268663,-0.41766439488211504
0.05º,SWA,pH,0.4637959798177083,-0.49490563471603133
0.05º,SWA,pH,0.48043272230360246,-0.48699539818946147
0.05º,SWA,pH,0.3597399393717448,-0.5443809387092127
0.05º,SWA,pH,0.4868740505642361,-0.4839327535563494
0.05º,SWA,pH,0.7583885192871094,-0.3548363472253088
0.05º,SWA,pH,0.7229949103461372,-0.3716648711078771
0.05º,SWA,pH,1.1050088670518663,-0.19002950850277273
0.05º,SWA,pH,0.7235306633843316,-0.3714101377515401
0.05º,SWA,pH,0.7778761121961806,-0.3455706229181039
0.05º,SWA,pH,1.1814787122938368,-0.1536705540062989
0.05º,SWA,pH,6.833747863769531,2.5338018245507445
0.05º,SWA,pH,2.1685057746039496,0.31562910171766584
0.05º,SWA,pH,1.1083352830674913,-0.1884479045624777
0.05º,SWA,pH,0.2337061564127604,-0.6043059531397256
0.05º,SWA,pH,0.6878106858995225,-0.3883938393907377
0.05º,SWA,pH,5.337727137974331,1.822492035406364
0.05º,SWA,pH,0.5876286824544271,-0.43602716325977325
0.05º,SWA,pH,2.295659383138021,0.3760865572300162
0.05º,SWA,pH,1.0234065585666232,-0.22882878436940868
0.05º,SWA,pH,1.7590370178222656,0.12093986377761379
0.05º,SWA,pH,0.9339315626356337,-0.2713712701732311
0.05º,SWA,pH,0.4627825419108073,-0.4953874918797985
0.05º,SWA,pH,0.3681839836968316,-0.5403660669331478
0.05º,SWA,pH,0.8369288974338107,-0.31749292085723196
0.05º,SWA,pH,4.052840338812934,1.2115696448090778
0.05º,SWA,pH,0.9074940151638455,-0.283941474578425
0.05º,SWA,pH,0.23293431599934897,-0.6046729384576763
0.05º,SWA,pH,3.0800323486328125,0.7490307010353014
0.05º,SWA,pH,0.35296079847547746,-0.5476042023969139
0.05º,SWA,pH,0.3264753553602431,-0.560197179641717
0.05º,SWA,pH,2.8778644137912326,0.6529063435151334
0.05º,SWA,pH,0.44879574245876735,-0.5020377656343596
0.05º,SWA,pH,7.124088711208767,2.6718495690846495
0.05º,SWA,pH,1.0510101318359375,-0.21570417216098445
0.05º,SWA,pH,1.4376547071668837,-0.03186709917772981
0.05º,SWA,pH,0.5034612019856771,-0.4760460959876051
0.05º,SWA,pH,6.0902862548828125,2.1803097163628338
0.05º,SWA,pH,0.4934471978081597,-0.4808074332319235
0.05º,SWA,pH,3.198316362169054,0.8052709490993065
0.05º,SWA,pH,3.598918914794922,0.9957445918274457
0.05º,SWA,pH,1.4139205084906683,-0.04315194808710297
0.05º,SWA,pH,0.47554948594835067,-0.48931722018183393
0.05º,SWA,pH,0.31704966227213544,-0.5646787938649943
0.05º,SWA,pH,0.25223032633463544,-0.5954983055089084
0.05º,SWA,pH,0.9843169318305122,-0.2474146459634158
0.05º,SWA,pH,0.5331755744086372,-0.46191786659994166
0.05º,SWA,pH,5.875226762559679,2.0780558374558065
0.05º,SWA,pH,0.46203867594401044,-0.495741176247181
0.05º,SWA,pH,0.2789832221137153,-0.5827781631154907
0.05º,SWA,pH,1.0560366312662761,-0.2133142331793383
0.05º,SWA,pH,0.21086205376519096,-0.6151675899855642
0.05º,SWA,pH,0.5182016160753038,-0.46903750268591804
0.05º,SWA,pH,0.41866514417860246,-0.516363897044114
0.05º,SWA,pH,0.6225628323025174,-0.41941709741381045
0.05º,SWA,pH,0.7035246955023872,-0.3809223327033654
0.05º,SWA,pH,5.27473258972168,1.7925401516776003
0.05º,SWA,pH,0.6712286207411025,-0.3962780786048332
0.05º,SWA,pH,0.5908330281575521,-0.4345035998310487
0.05º,SWA,pH,0.9294331868489584,-0.27351010333051334
0.05º,SWA,pH,0.7016546461317275,-0.3818114810958962
0.05º,SWA,pH,0.29019927978515625,-0.5774452880558467
0.05º,SWA,pH,0.5994012620713975,-0.430429679895643
0.05º,SWA,pH,7.492511034011841,2.8470225464575667
0.05º,SWA,pH,0.8747834099663628,-0.29949431638376756
0.05º,SWA,pH,0.46964391072591144,-0.49212513145860903
0.05º,SWA,pH,0.664099375406901,-0.3996678057041913
0.05º,SWA,pH,0.4950205485026042,-0.48005935552723744
0.05º,SWA,pH,0.7578947279188368,-0.35507112915579353
0.05º,SWA,pH,2.345027075873481,0.3995593089805235
0.05º,SWA,pH,0.5369614495171441,-0.4601178046230412
0.05º,SWA,pH,0.5468148125542535,-0.45543284707971315
0.05º,SWA,pH,1.4197345309787326,-0.04038756719400575
0.05º,SWA,pH,1.3250969780815973,-0.08538468296632883
0.05º,SWA,pH,7.3380592346191404,2.7735856782613757
0.05º,SWA,pH,1.2989435195922852,-0.0978198121879113
0.05º,SWA,pH,0.9068840874565972,-0.2842314756067233
0.05º,SWA,pH,1.0109507242838542,-0.2347511333746902
0.05º,SWA,pH,4.3931600782606335,1.3733807467104513
0.05º,SWA,pH,0.29278564453125,-0.5762155547169476
0.05º,SWA,pH,0.4065115186903212,-0.5221425554773479
0.05º,SWA,pH,0.7063509623209635,-0.379578533636866
0.05º,SWA,pH,1.5399236679077148,0.016758505833128844
0.05º,SWA,pH,0.7034920586480035,-0.38093785047902834
0.05º,SWA,pH,0.2856784396701389,-0.5795948022794943
0.05º,SWA,pH,13.173483106825087,5.548142241908291
0.05º,SWA,pH,0.7529411315917969,-0.3574264050541406
0.05º,SWA,pH,1.5260069105360243,0.010141534837376858
0.05º,SWA,pH,1.166735331217448,-0.16068055801486436
0.05º,SWA,pH,1.06209225124783,-0.21043498044042458
0.05º,SWA,pH,0.83788087632921,-0.317040285478804
0.05º,SWA,pH,9.188606897989908,3.6534616355508103
0.05º,SWA,pH,0.5871175130208334,-0.4362702079019745
0.05º,SWA,pH,0.42501280042860246,-0.5133457904424501
0.05º,SWA,pH,0.7835913764105903,-0.3428531984111037
0.05º,SWA,pH,1.68620851304796,0.0863122496801046
0.05º,SWA,pH,1.2852838304307725,-0.10431455550912344
0.05º,SWA,pH,0.3530930413140191,-0.5475413251760459
0.05º,SWA,pH,1.9262771606445312,0.20045717839512994
0.05º,SWA,pH,0.2511558532714844,-0.5960091829284608
0.05º,SWA,pH,0.7485834757486979,-0.3594983303994736
0.05º,SWA,pH,0.2578057183159722,-0.5928473857547493
0.05º,SWA,pH,0.7993732028537326,-0.3353494469950811
0.05º,SWA,pH,0.9336602952745225,-0.27150024908783216
0.05º,SWA,pH,0.81957032945421,-0.3257463622143729
0.05º,SWA,pH,5.184193505181207,1.7494917259282998
0.05º,SWA,pH,0.9087367587619357,-0.2833505899259091
0.05º,SWA,pH,1.5761934916178386,0.03400364168633612
0.05º,SWA,pH,1.5591566297743056,0.025903161260729776
0.05º,SWA,pH,0.751633538140191,-0.35804812372842837
0.05º,SWA,pH,0.9317440456814237,-0.2724113642017559
0.05º,SWA,pH,0.7635705130440849,-0.3523724756872575
0.05º,SWA,pH,0.23079299926757812,-0.6056910657648081
0.05º,SWA,pH,0.38118871053059894,-0.5341827371553532
0.05º,SWA,pH,13.613286972045898,5.757254849267934
0.05º,SWA,pH,6.5106707981654575,2.3801890600684437
0.05º,SWA,pH,0.49185477362738717,-0.48156457976654216
0.05º,SWA,pH,0.4988640679253472,-0.47823188553098434
0.05º,SWA,pH,0.5229390462239584,-0.4667850068601436
0.05º,SWA,pH,0.6766310797797309,-0.39370938290873225
0.05º,SWA,pH,8.841635386149088,3.488487829592732
0.05º,SWA,pH,2.833930492401123,0.6320171754565336
0.05º,SWA,pH,0.9925354851616753,-0.24350698791011302
0.05º,SWA,pH,0.72728517320421,-0.3696249889616403
0.05º,SWA,pH,0.5282499525282118,-0.46425984154772054
0.05º,SWA,pH,0.39928902520073783,-0.5255766190786001
0.05º,SWA,pH,0.6755260891384549,-0.39423477045617733
0.05º,SWA,pH,0.4232927958170573,-0.5141635973728422
0.05º,SWA,pH,0.500244140625,-0.47757570530295157
0.05º,SWA,pH,0.3178206549750434,-0.5643122116061517
0.05º,SWA,pH,0.7300631205240885,-0.36830416426430423
0.05º,SWA,pH,1.3137054443359375,-0.0908009912613555
0.05º,SWA,pH,0.5611720614963107,-0.44860643649490006
0.05º,SWA,pH,0.4923210144042969,-0.48134289725707174
0.05º,SWA,pH,13.98785146077474,5.935348229195585
0.05º,SWA,pH,2.0318671332465277,0.2506618178444693
0.05º,SWA,pH,11.031624031066894,4.529757067635577
0.05º,SWA,pH,0.9197985331217448,-0.27809107162394436
0.05º,SWA,pH,0.5381050109863281,-0.45957407788617627
0.05º,SWA,pH,0.6291512383355035,-0.4162845220254382
0.05º,SWA,pH,0.41612497965494794,-0.5175716636616201
0.05º,SWA,pH,0.3746808369954427,-0.5372770219284534
0.05º,SWA,pH,0.41582700941297746,-0.5177133389381272
0.05º,SWA,pH,0.9373185899522569,-0.2697608475067049
0.05º,SWA,pH,0.827164543999566,-0.3221355571942065
0.05º,SWA,pH,0.9369087219238281,-0.26995572658548495
0.05º,SWA,pH,0.6788783603244357,-0.39264087321308444
0.05º,SWA,pH,0.5953360663519965,-0.43236254984867173
0.05º,SWA,pH,0.3257581922743056,-0.5605381676471934
0.05º,SWA,pH,0.3364423116048177,-0.5554582121778998
0.05º,SWA,pH,0.7154579162597656,-0.3752484696382448
0.05º,SWA,pH,1.8391397264268663,0.15902612808197095
0.05º,SWA,pH,0.30805418226453996,-0.5689558555908967
0.05º,SWA,pH,4.427934010823567,1.3899146343849778
0.05º,SWA,pH,2.1745173136393228,0.3184873953829569
0.05º,SWA,pH,0.43702061971028644,-0.5076364581758143
0.05º,SWA,pH,0.4578637017144097,-0.4977262423547124
0.05º,SWA,pH,1.2775416904025607,-0.10799569434365823
0.05º,SWA,pH,0.860610114203559,-0.30623326314211685
0.05º,SWA,pH,1.025013393825955,-0.22806478582995166
0.05º,SWA,pH,0.5687209235297309,-0.4450171951370185
0.05º,SWA,pH,6.2667490641276045,2.2642121125472308
0.05º,SWA,pH,2.015985276963976,0.24311050545368776
0.05º,SWA,pH,1.0618409050835504,-0.21055448746598457
0.05º,SWA,pH,0.49183230929904515,-0.48157526083290764
0.05º,SWA,pH,2.1665208604600696,0.3146853388159838
0.05º,SWA,pH,0.7796715630425347,-0.34471694372708844
0.05º,SWA,pH,0.12453418307834202,-0.6562137188504606
0.05º,SWA,pH,0.5840674506293403,-0.43772041457301974
0.05º,SWA,pH,0.2396697998046875,-0.6014704323140437
0.05º,SWA,pH,0.66480255126953125,-0.39933346817399895
0.05º,SWA,pH,0.4449988471137153,-0.5038430673796658
0.05º,SWA,pH,0.748519049750434,-0.3595289628916913
0.05º,SWA,pH,0.15769449869791666,-0.6404470541882561
0.05º,SWA,pH,0.5156271192762587,-0.4702615931973034
0.05º,SWA,pH,0.22197596232096353,-0.6098832835484495
0.05º,SWA,pH,0.674538082546658,-0.39470453584670073
0.05º,SWA,pH,0.5515831841362847,-0.4531656395964921
0.05º,SWA,pH,0.7022777133517795,-0.38151523265142195
0.05º,SWA,pH,0.35011884901258683,-0.5489554580569136
0.05º,SWA,pH,1.0809224446614583,-0.20148182847157312
0.05º,SWA,pH,0.33344268798828125,-0.5568844368320114
0.05º,SWA,pH,0.33954111735026044,-0.5539848296081371
0.05º,SWA,pH,0.34964031643337673,-0.549182984923452
0.05º,SWA,pH,0.6320317586263021,-0.4149149271760186
0.05º,SWA,pH,0.23388502332899305,-0.6042209076679106
0.05º,SWA,pH,0.8987952338324653,-0.28807746561648245
0.05º,SWA,pH,1.7896016438802083,0.13547236145072974
0.05º,SWA,pH,0.850364261203342,-0.31110483705250824
0.05º,SWA,pH,0.48015085856119794,-0.4871294153429141
0.05º,SWA,pH,0.6785998874240451,-0.39277327813010454
0.05º,SWA,pH,4.15107176038954,1.2582755296703105
0.05º,SWA,pH,0.4986295700073242,-0.47834338175677027
0.05º,SWA,pH,0.27193450927734375,-0.5861295995995767
0.05º,SWA,pH,0.611434088812934,-0.4247084573853174
0.05º,SWA,pH,0.48835796780056423,-0.483227198587571
0.05º,SWA,pH,1.0086941189236112,-0.23582407672052746
0.05º,SWA,pH,1.0514729817708333,-0.21548410188794648
0.05º,SWA,pH,1.0178137885199652,-0.23148796683528444
0.05º,SWA,pH,0.45491112603081596,-0.4991300972283229
0.05º,SWA,pH,0.45488527086046004,-0.4991423905311208
0.05º,SWA,pH,0.3893564012315538,-0.5302992626485381
0.05º,SWA,pH,0.200103759765625,-0.620282813126819
0.05º,SWA,pH,0.43962732950846356,-0.50639705141832
0.05º,SWA,pH,0.7598783704969618,-0.35412797084277353
0.05º,SWA,pH,0.43260108100043404,-0.5097378068360405
0.05º,SWA,pH,0.9860280354817709,-0.24660107115365906
0.05º,SWA,pH,1.4156409369574652,-0.04233393962715681
0.05º,SWA,pH,0.42742326524522567,-0.5121996918684876
0.05º,SWA,pH,13.582787142859566,5.742753160425395
0.05º,SWA,pH,2.6565945943196616,0.547699653581959
0.05º,SWA,pH,3.1631189982096353,0.7885357334002698
0.05º,SWA,pH,1.0619566175672743,-0.21049946989772508
0.05º,SWA,pH,0.8436542087131076,-0.31429525142289694
0.05º,SWA,pH,3.8521173265245228,1.1161323015387146
0.05º,SWA,pH,0.4902594430106027,-0.4823231082181032
0.05º,SWA,pH,3.1513693067762585,0.782949132632059
0.05º,SWA,pH,0.8571205139160156,-0.30789245596072656
0.05º,SWA,pH,0.2422298855251736,-0.6002531938074966
0.05º,SWA,pH,0.1715087890625,-0.6338788029621991
0.05º,SWA,pH,0.4145304361979167,-0.5183298178440092
0.05º,SWA,pH,2.515883551703559,0.4807960737533145
0.05º,SWA,pH,0.456184811062283,-0.49852450091836026
0.05º,SWA,pH,1.3666826883951824,-0.06561201382843822
0.05º,SWA,pH,0.32719845241970485,-0.5598533702224836
0.05º,SWA,pH,0.2832289801703559,-0.5807594415724306
0.05º,SWA,pH,0.296206792195638,-0.5745889089213193
0.05º,SWA,pH,11.114513397216797,4.569168298069607
0.05º,SWA,pH,0.5504502190483941,-0.4537043280945054
0.05º,SWA,pH,0.6401625739203559,-0.41104898574040705
0.05º,SWA,pH,1.7929742601182725,0.13707593211241778
0.05º,SWA,pH,2.114061567518446,0.2897426304981327
0.05º,SWA,pH,0.5079222785101997,-0.47392499743108046
0.05º,SWA,pH,0.12711673312717015,-0.6549857992775482
0.05º,SWA,pH,0.21707280476888022,-0.612214577429863
0.05º,SWA,pH,0.5632027520073785,-0.44764090840137893
0.05º,SWA,pH,0.3470543755425347,-0.5504125167327971
0.05º,SWA,pH,0.46080949571397567,-0.4963256119539669
0.05º,SWA,pH,1.0551537407769098,-0.2137340192404538
0.05º,SWA,pH,0.9678060743543837,-0.2552650282124286
0.05º,SWA,pH,0.7688988579644097,-0.3498390188731815
0.05º,SWA,pH,1.296937730577257,-0.09877350042013114
0.05º,SWA,pH,0.3364206949869792,-0.555468490185157
0.05º,SWA,pH,0.6731533474392362,-0.39536293289982816
0.05º,SWA,pH,0.19767591688368055,-0.6214371744124981
0.05º,SWA,pH,0.8077350192599826,-0.33137367195250467
0.05º,SWA,pH,0.3066088358561198,-0.5696430713702552
0.05º,SWA,pH,1.0694766574435763,-0.20692393254951993
0.05º,SWA,pH,1.5257737901475694,0.010030693582641581
0.05º,SWA,pH,1.2933438618977864,-0.10048226950904063
0.05º,SWA,pH,0.8610572814941406,-0.30602064946257923
0.05º,SWA,pH,0.83290863037109375,-0.3194044286775299
0.05º,SWA,pH,0.34666527642144096,-0.550597520863428
0.05º,SWA,pH,9.515964780535016,3.8091097909492864
0.05º,SWA,pH,1.4738650851779513,-0.014650227844480095
0.05º,SWA,pH,0.43039533827039933,-0.5107865666353901
0.05º,SWA,pH,2.3626539442274304,0.407940318545387
0.05º,SWA,pH,1.5423528883192275,0.017913522089858705
0.05º,SWA,pH,0.37340884738498265,-0.5378818121201997
0.05º,SWA,pH,1.7001703050401475,0.09295063319097592
0.05º,SWA,pH,1.0483729044596355,-0.2169580890463712
0.05º,SWA,pH,8.412997245788574,3.284684165658189
0.05º,SWA,pH,0.24184121025933158,-0.6004379964085735
0.05º,SWA,pH,0.16503863864474827,-0.6369551516049876
0.05º,SWA,pH,5.000641716851129,1.662218747952181
0.05º,SWA,pH,3.6560571458604603,1.0229119848926103
0.05º,SWA,pH,0.3530307345920139,-0.5475709500204933
0.05º,SWA,pH,3.320198906792535,0.8632221830773156
0.05º,SWA,pH,0.49085066053602433,-0.48204200328012003
0.05º,SWA,pH,0.5541737874348959,-0.4519338909620523
0.05º,SWA,pH,0.8122113545735677,-0.3292453183320337
0.05º,SWA,pH,0.5375315348307291,-0.459846747372825
0.05º,SWA,pH,0.1785914103190104,-0.630511244113788
0.05º,SWA,pH,0.6863127814398872,-0.38910604483480016
0.05º,SWA,pH,1.0852923923068576,-0.19940405876917228
0.05º,SWA,pH,0.3336452907986111,-0.5567881057051688
0.05º,SWA,pH,1.0513458251953125,-0.21554456075416567
0.05º,SWA,pH,0.4606369866265191,-0.49640763448247105
0.05º,SWA,pH,0.995916748046875,-0.2418993060455221
0.05º,SWA,pH,1.1294297112358942,-0.17841818171581575
0.05º,SWA,pH,0.2628279791937934,-0.5904594620686437
0.05º,SWA,pH,0.48691431681315106,-0.48391360824871327
0.05º,SWA,pH,0.6728515625,-0.3955064219423218
0.05º,SWA,pH,0.6652921040852865,-0.3991007015390549
0.05º,SWA,pH,2.2165874905056424,0.33849041280114284
0.05º,SWA,pH,0.36066722869873047,-0.543940042427309
0.05º,SWA,pH,1.146787855360243,-0.17016494188822887
0.05º,SWA,pH,0.621863047281901,-0.41974982270757033
0.05º,SWA,pH,0.8804295857747396,-0.2968097411940797
0.05º,SWA,pH,0.4324845208062066,-0.5097932274634083
0.05º,SWA,pH,1.4411129421657987,-0.030222819546120844
0.05º,SWA,pH,0.6018138461642795,-0.4292825736739102
0.05º,SWA,pH,4.969744300842285,1.6475280193496915
0.05º,SWA,pH,0.26229222615559894,-0.5907141954249808
0.05º,SWA,pH,0.9512617323133681,-0.2631313312962124
0.05º,SWA,pH,1.6441237131754558,0.06630227949230356
0.05º,SWA,pH,0.5037214491102431,-0.4759223568414097
0.05º,SWA,pH,1.0741937425401475,-0.2046811101423406
0.05º,SWA,pH,0.8414666917588975,-0.3153353454514217
0.05º,SWA,pH,0.5465604994032118,-0.4555537648121516
0.05º,SWA,pH,0.6681624518500434,-0.39773594339893287
0.05º,SWA,pH,0.3857387966579861,-0.5320193173924751
0.05º,SWA,pH,0.39515050252278644,-0.5275443536444819
0.05º,SWA,pH,1.2061004638671875,-0.14196370221071558
0.05º,SWA,pH,1.559013911655971,0.025835303380882725
0.05º,SWA,pH,0.6537178887261285,-0.4046038690718832
0.05º,SWA,pH,0.9218873977661133,-0.27709788359912796
0.05º,SWA,pH,0.37694719102647567,-0.5361994434028726
0.05º,SWA,pH,1.6283128526475694,0.058784723301827595
0.05º,SWA,pH,0.8456997341579862,-0.3133226697949836
0.05º,SWA,pH,0.8313602871365018,-0.320140616138526
0.05º,SWA,pH,2.7497615814208984,0.5919975625664567
0.05º,SWA,pH,0.22515063815646702,-0.6083738271885094
0.05º,SWA,pH,0.9797719319661459,-0.24957564737164512
0.05º,SWA,pH,10.355639139811197,4.208347970707263
0.05º,SWA,pH,0.2996724446614583,-0.5729411025225142
0.05º,SWA,pH,3.19747077094184,0.8048688976389485
0.05º,SWA,pH,1.3485438028971355,-0.07423647109461119
0.05º,SWA,pH,1.4076046413845487,-0.04615493997221199
0.05º,SWA,pH,0.24954393174913195,-0.5967755998225667
0.05º,SWA,pH,0.17789120144314235,-0.630844170937102
0.05º,SWA,pH,0.9342316521538628,-0.27122858724895377
0.05º,SWA,pH,8.05666208267212,3.115258244365309
0.05º,SWA,pH,0.5065502590603299,-0.47457734859758594
0.05º,SWA,pH,1.1759105258517795,-0.15631804775803895
0.05º,SWA,pH,0.4000634087456597,-0.5252084245833251
0.05º,SWA,pH,0.43044789632161456,-0.5107615769706862
0.05º,SWA,pH,1.3197763231065538,-0.08791448345849548
0.05º,SWA,pH,1.2135370042588975,-0.13842786618466105
0.05º,SWA,pH,0.530599382188585,-0.4631427632295433
0.05º,SWA,pH,0.36534033881293404,-0.5417181287113637
0.05º,SWA,pH,0.4225942823621962,-0.5144957180779398
0.05º,SWA,pH,0.3588968912760417,-0.5447817809922462
0.05º,SWA,pH,1.773178948296441,0.12766389734896239
0.05º,SWA,pH,3.7950091891818576,1.0889792170718888
0.05º,SWA,pH,2.8501107352120534,0.6397103610546342
0.05º,SWA,pH,0.27320946587456596,-0.5855233987009519
0.05º,SWA,pH,0.27571148342556423,-0.5843337697433115
0.05º,SWA,pH,1.0582309299045138,-0.21227091467794854
0.05º,SWA,pH,0.42838117811414933,-0.5117442350763027
0.05º,SWA,pH,3.24318355984158,0.8266038600447613
0.05º,SWA,pH,0.601112789577908,-0.42961590355633217
0.05º,SWA,pH,1.6033350626627605,0.046908586680830484
0.05º,SWA,pH,0.3421007792154948,-0.5527677926311441
0.05º,SWA,pH,0.22379684448242188,-0.6090175125841901
0.05º,SWA,pH,9.642290387834821,3.8691735584777724
0.05º,SWA,pH,8.442083676656088,3.298513829011507
0.05º,SWA,pH,1.6450958251953125,0.06676448752454954
0.05º,SWA,pH,2.840455796983507,0.6351197481325447
0.05º,SWA,pH,0.37074724833170575,-0.5391473169549451
0.05º,SWA,pH,0.3660757276746962,-0.5413684749350626
0.05º,SWA,pH,0.30099402533637154,-0.5723127333729422
0.05º,SWA,pH,0.5972557067871094,-0.4314498224983154
0.05º,SWA,pH,0.4902305603027344,-0.48233684101771584
0.05º,SWA,pH,3.4447593688964844,0.9224466807779017
0.05º,SWA,pH,0.29337522718641496,-0.5759352271072444
0.05º,SWA,pH,0.5353516472710503,-0.46088321386937664
0.05º,SWA,pH,0.3028462727864583,-0.5714320492216822
0.05º,SWA,pH,0.4303944905598958,-0.5107869696944983
0.05º,SWA,pH,0.6803783840603299,-0.3919276601212516
0.05º,SWA,pH,0.1316002739800347,-0.6528540196546582
0.05º,SWA,pH,0.29107666015625,-0.577028121878934
0.05º,SWA,pH,0.2726796468098958,-0.585775310643532
0.05º,SWA,pH,0.5215649074978299,-0.46743836567441943
0.05º,SWA,pH,1.0490197075737848,-0.21665055494686938
0.05º,SWA,pH,1.0429628160264757,-0.21953041227444536
0.05º,SWA,pH,0.6851153903537326,-0.38967536582503126
0.05º,SWA,pH,1.0979894002278645,-0.19336703944762823
0.05º,SWA,pH,0.38582611083984375,-0.531977802304338
0.05º,SWA,pH,0.3559451633029514,-0.5461852328067486
0.05º,SWA,pH,0.8969523111979166,-0.28895371611755316
0.05º,SWA,pH,1.5325063069661458,0.013231789019395652
0.05º,SWA,pH,0.2025231255425347,-0.6191324824322212
0.05º,SWA,pH,2.6445555686950684,0.5419754837019052
0.05º,SWA,pH,1.0746523539225261,-0.2044630551648432
0.05º,SWA,pH,9.580987112862724,3.8400258208546294
0.05º,SWA,pH,3.302520751953125,0.8548167884364103
0.05º,SWA,pH,0.3369305928548177,-0.555226050131618
0.05º,SWA,pH,0.4054684109157986,-0.5226385197098996
0.05º,SWA,pH,0.30410681830512154,-0.5708327003278956
0.05º,SWA,pH,1.0757675170898438,-0.2039328309081006
0.05º,SWA,pH,0.4511871337890625,-0.50090073589033
0.05º,SWA,pH,0.37118106418185765,-0.5389410514563606
0.05º,SWA,pH,0.8646727667914497,-0.30430160236641246
0.05º,SWA,pH,2.7235009935167103,0.5795114967500847
0.05º,SWA,pH,0.4582532246907552,-0.49754103669452754
0.05º,SWA,pH,0.9106004503038194,-0.28246446447668927
0.05º,SWA,pH,0.49108250935872394,-0.4819317666140471
0.05º,SWA,pH,0.46443812052408856,-0.49460031744162414
0.05º,SWA,pH,0.7650667826334635,-0.351661047571475
0.05º,SWA,pH,4.439284006754558,1.3953111927837063
0.05º,SWA,pH,1.2851804097493489,-0.10436372872031512
0.05º,SWA,pH,0.4402041965060764,-0.5061227696952388
0.05º,SWA,pH,0.5064146253797743,-0.47464183805488647
0.05º,SWA,pH,0.5182482401529948,-0.469015334434971
0.05º,SWA,pH,1.287252214219835,-0.10337865226004979
0.05º,SWA,pH,0.5292951795789931,-0.46376286966739844
0.05º,SWA,pH,0.7928271823459201,-0.338461869428047
0.05º,SWA,pH,0.2660145229763455,-0.5889443628811899
0.05º,SWA,pH,0.3588583204481337,-0.544800120181666
0.05º,SWA,pH,0.36850690841674805,-0.5402125266041452
0.05º,SWA,pH,0.2695333692762587,-0.5872712645233498
0.05º,SWA,pH,0.7645619710286459,-0.3519010692703653
0.05º,SWA,pH,1.461407979329427,-0.020573181438423876
0.05º,SWA,pH,2.3945960998535156,0.4231277872692114
0.05º,SWA,pH,0.19015418158637154,-0.6250135178789195
0.05º,SWA,pH,0.5343108177185059,-0.46137809488057524
0.05º,SWA,pH,0.4683041042751736,-0.49276216637900555
0.05º,SWA,pH,0.24178017510308158,-0.6004670166643588
0.05º,SWA,pH,0.3566449483235677,-0.5458525075129887
0.05º,SWA,pH,0.3625356886121962,-0.5430516497706059
0.05º,SWA,pH,0.7229872809516059,-0.37166849863985024
0.05º,SWA,pH,0.5130259195963541,-0.47149838007059475
0.05º,SWA,pH,0.3567924499511719,-0.5457823752281744
0.05º,SWA,pH,0.5173602634006076,-0.4694375388507353
0.05º,SWA,pH,13.952524503072103,5.918551395835393
0.05º,SWA,pH,0.7374920315212674,-0.3647719557702228
0.05º,SWA,pH,0.6195716857910156,-0.4208392914768408
0.05º,SWA,pH,0.32415813869900173,-0.5612989417137854
0.05º,SWA,pH,0.1420381334092882,-0.6478911528562757
0.05º,SWA,pH,0.901442633734809,-0.2868187120217981
0.05º,SWA,pH,0.5222795274522569,-0.46709858684626737
0.05º,SWA,pH,0.3645769755045573,-0.5420810834382332
0.05º,SWA,pH,7.626478830973308,2.9107199296326196
0.05º,SWA,pH,0.5433849758572049,-0.4570636242311998
0.05º,SWA,pH,0.4678310818142361,-0.49298707336134107
0.05º,SWA,pH,3.0780923631456165,0.7481083002663502
0.05º,SWA,pH,1.9156904220581055,0.1954235243408825
0.05º,SWA,pH,1.333121829562717,-0.08156912391923336
0.05º,SWA,pH,0.8068817986382378,-0.3317793509448357
0.05º,SWA,pH,0.35131878323025173,-0.5483849278893581
0.05º,SWA,pH,2.746240403917101,0.5903233557960693
0.05º,SWA,pH,0.22146824428013392,-0.6101246871642819
0.05º,SWA,pH,0.35207536485460067,-0.5480251976353537
0.05º,SWA,pH,0.6827888488769531,-0.39078156154728905
0.05º,SWA,pH,0.8055326673719618,-0.3324208195154217
0.05º,SWA,pH,0.9795926411946615,-0.24966089437301422
0.05º,SWA,pH,0.9742873055594308,-0.25218341101129826
0.05º,SWA,pH,0.2985026041666667,-0.573497324091731
0.05º,SWA,pH,0.6281984117296007,-0.4167375604629743
0.05º,SWA,pH,6.931306838989258,2.5801879827744543
0.05º,SWA,pH,0.7463069491916232,-0.36058074563435183
0.05º,SWA,pH,1.1503431532118056,-0.16847451198873922
0.05º,SWA,pH,0.9079466925726997,-0.2837262410146846
0.05º,SWA,pH,0.935876210530599,-0.27044665257918504
0.05º,SWA,pH,0.2304619683159722,-0.6058484603465323
0.05º,SWA,pH,0.7319933573404948,-0.36738639867509637
0.05º,SWA,pH,0.45516671074761283,-0.4990085749072223
0.05º,SWA,pH,1.2105598449707031,-0.13984340977240725
0.05º,SWA,pH,1.0908817715115018,-0.196746488539729
0.05º,SWA,pH,0.46637217203776044,-0.4936807380864297
0.05º,SWA,pH,0.2563362121582031,-0.5935460887186895
0.05º,SWA,pH,0.6705813937717013,-0.3965858142338891
0.05º,SWA,pH,0.3706478542751736,-0.5391945756353732
0.05º,SWA,pH,0.2814890543619792,-0.5815867203918638
0.05º,SWA,pH,1.9873089260525174,0.2294758219439272
0.05º,SWA,pH,0.729079352484809,-0.36877191435928697
0.05º,SWA,pH,0.7209926181369357,-0.3726168967212759
0.05º,SWA,pH,0.5507609049479166,-0.45355660693137645
0.05º,SWA,pH,0.6875500149197049,-0.3885177800664871
0.05º,SWA,pH,0.12676578097873265,-0.6551526657483132
0.05º,SWA,pH,0.3538191053602431,-0.5471961050499341
0.05º,SWA,pH,0.7253710428873698,-0.3705350964277938
0.05º,SWA,pH,0.2641885545518663,-0.5898125522000981
0.05º,SWA,pH,1.2778383890787761,-0.1078546236558133
0.05º,SWA,pH,2.424741744995117,0.437461072978135
0.05º,SWA,pH,2.216954549153646,0.3386649373949624
0.05º,SWA,pH,0.5698759290907118,-0.4444680271021938
0.05º,SWA,pH,0.6319906446668837,-0.4149344755427628
0.05º,SWA,pH,0.6527726915147569,-0.40505327997744617
0.05º,SWA,pH,0.2821197509765625,-0.5812868444154164
0.05º,SWA,pH,0.5485844082302518,-0.4545914611914955
0.05º,SWA,pH,0.11858155992296007,-0.6590439999077369
0.05º,SWA,pH,9.102078247070313,3.612320042136154
0.05º,SWA,pH,0.6120257907443576,-0.42442712212784395
0.05º,SWA,pH,0.23406092325846353,-0.6041372729029739
0.05º,SWA,pH,0.2414796617296007,-0.6006099011181901
0.05º,SWA,pH,0.6858406066894531,-0.3893305487580276
0.05º,SWA,pH,1.1704232957628038,-0.15892704936495272
0.05º,SWA,pH,0.37081146240234375,-0.5391167852275045
0.05º,SWA,pH,0.7115296257866753,-0.37711624554531087
0.05º,SWA,pH,0.57582855224609375,-0.4416377460449177
0.05º,SWA,pH,3.9142163594563804,1.1456583965046454
0.05º,SWA,pH,0.8908836364746093,-0.2918391759667321
0.05º,SWA,pH,0.8379232618543837,-0.31702013252339756
0.05º,SWA,pH,11.086379369099935,4.555791471624271
0.05º,SWA,pH,0.3772769504123264,-0.5360426534098108
0.05º,SWA,pH,1.4064648946126301,-0.0466968529430904
0.05º,SWA,pH,0.1471125284830729,-0.6454784410350203
0.05º,SWA,pH,0.8084610833062066,-0.33102845182639284
0.05º,SWA,pH,0.44272104899088544,-0.5049260872032062
0.05º,SWA,pH,1.2751765780978732,-0.10912022925533589
0.05º,SWA,pH,0.49820539686414933,-0.4785450624579999
0.05º,SWA,pH,0.6051368713378906,-0.4277025819700476
0.05º,SWA,pH,0.5061255560980903,-0.4747792812107582
0.05º,SWA,pH,1.9214430914984808,0.1981587338310289
0.05º,SWA,pH,0.7681842380099826,-0.35017879770133353
0.05º,SWA,pH,0.6144193013509115,-0.42328908473604393
0.05º,SWA,pH,1.4987258911132812,-0.002829713380404606
0.05º,SWA,pH,2.5917188856336804,0.5168533385073544
0.05º,SWA,pH,1.4042091369628906,-0.04776939322981948
0.05º,SWA,pH,0.8270899454752604,-0.3221710263957218
0.05º,SWA,pH,0.5727704366048177,-0.4430917817774901
0.05º,SWA,pH,1.8003836737738714,0.1405988702470122
0.05º,SWA,pH,0.6887923346625434,-0.38792709694352523
0.05º,SWA,pH,0.43759706285264754,-0.5073623779822871
0.05º,SWA,pH,1.0724143981933594,-0.20552713121030167
0.05º,SWA,pH,0.4308912489149306,-0.5105507770571351
0.05º,SWA,pH,0.29953299628363717,-0.5730074057458012
0.05º,SWA,pH,0.8403201633029513,-0.3158804828951651
0.05º,SWA,pH,1.6679445902506511,0.07762834119548277
0.05º,SWA,pH,1.9693946838378906,0.2209581753414082
0.05º,SWA,pH,0.6837781270345052,-0.39031119156810345
0.05º,SWA,pH,0.3132154676649306,-0.5665018302110582
0.05º,SWA,pH,14.111779022216798,5.9942718029660425
0.05º,SWA,pH,1.687623765733507,0.08698515686112462
0.05º,SWA,pH,1.1564343770345051,-0.16557833076728415
0.05º,SWA,pH,0.9803666008843316,-0.2492929014072932
0.05º,SWA,pH,1.4405377705891926,-0.030496295150985883
0.05º,SWA,pH,0.2530500623914931,-0.5951085473513484
0.05º,SWA,pH,0.1982396443684896,-0.6211691401055929
0.05º,SWA,pH,0.6649742126464844,-0.399251848704603
0.05º,SWA,pH,12.425224304199219,5.192369222227483
0.05º,SWA,pH,0.5886878967285156,-0.43552354090416706
0.05º,SWA,pH,3.1329193115234375,0.7741767526732031
0.05º,SWA,pH,5.67628648546007,1.9834661274898364
0.05º,SWA,pH,1.2088712056477864,-0.14064630351579863
0.05º,SWA,pH,0.16750590006510416,-0.6357820480707804
0.05º,SWA,pH,1.6915821499294705,0.08886724136652925
0.05º,SWA,pH,0.4414994981553819,-0.505506895378019
0.05º,SWA,pH,0.25897471110026044,-0.5922915672446405
0.05º,SWA,pH,0.7700313991970487,-0.34930053190472216
0.05º,SWA,pH,0.19365310668945312,-0.6233498914101204
0.05º,SWA,pH,2.9381201002332897,0.6815559864504394
0.05º,SWA,pH,4.3592101203070746,1.3572386324890253
0.05º,SWA,pH,6.338531917995876,2.298342553234863
0.05º,SWA,pH,1.4762183295355902,-0.01353133576031626
0.05º,SWA,pH,0.39525477091471356,-0.5274947773741822
0.05º,SWA,pH,0.6928304036458334,-0.38600712488195654
0.05º,SWA,pH,5.905401441786024,2.092402927939183
0.05º,SWA,pH,1.229034423828125,-0.1310593410994155
0.05º,SWA,pH,0.45933575100368923,-0.4970263302134478
0.05º,SWA,pH,0.25010087754991317,-0.5965107899885264
0.05º,SWA,pH,6.816745122273763,2.5257175672542402
0.05º,SWA,pH,0.3611284891764323,-0.5437207278900987
0.05º,SWA,pH,0.32474517822265625,-0.5610198232814066
0.05º,SWA,pH,1.1389478047688801,-0.1738926340497525
0.05º,SWA,pH,0.686653561062283,-0.38894401507333265
0.05º,SWA,pH,0.5569636027018229,-0.45060742343720245
0.05º,SWA,pH,0.6673990885416666,-0.39809889812580235
0.05º,SWA,pH,0.5337965223524306,-0.46162262580323776
0.05º,SWA,pH,0.9808553059895834,-0.24906053783145726
0.05º,SWA,pH,0.36774275037977433,-0.5405758591989285
0.05º,SWA,pH,1.3704935709635417,-0.06380006160784793
0.05º,SWA,pH,0.42518530951605904,-0.513263767913946
0.05º,SWA,pH,0.3368848164876302,-0.5552478153234569
0.05º,SWA,pH,1.0890507168240018,-0.1976170962132859
0.05º,SWA,pH,0.19308259752061632,-0.6236211501898907
0.05º,SWA,pH,16.150251070658367,6.96349976749371
0.05º,SWA,pH,1.0744289822048612,-0.20456926123983502
0.05º,SWA,pH,10.889822483062744,4.462334987531998
0.05º,SWA,pH,2.125904083251953,0.29537336623868365
0.05º,SWA,pH,0.31399239434136283,-0.5661324265384587
0.05º,SWA,pH,0.8355424669053819,-0.31815212402857557
0.05º,SWA,pH,0.9331614176432291,-0.2717374493729656
0.05º,SWA,pH,0.2378607855902778,-0.6023305604507893
0.05º,SWA,pH,0.6937238905164931,-0.38558230058198945
0.05º,SWA,pH,13.485581970214843,5.696535223958701
0.05º,SWA,pH,4.659225251939562,1.4998861883296668
0.05º,SWA,pH,1.2932938469780817,-0.10050604999642011
0.05º,SWA,pH,0.3629472520616319,-0.5428559645736097
0.05º,SWA,pH,0.3211347791883681,-0.5627364520229245
0.05º,SWA,pH,0.47325727674696183,-0.49040709201021254
0.05º,SWA,pH,0.9552786085340712,-0.261221435712347
0.05º,SWA,pH,0.4628622266981337,-0.4953496043236345
0.05º,SWA,pH,0.2328431871202257,-0.6047162673118002
0.05º,SWA,pH,1.042509290907118,-0.21974604889729393
0.05º,SWA,pH,0.5492952134874132,-0.4542534961293301
0.05º,SWA,pH,0.7037055969238282,-0.3808363198896908
0.05º,SWA,pH,0.5286153157552084,-0.4640861230721173
0.05º,SWA,pH,0.53079986572265625,-0.4630474397504709
0.05º,SWA,pH,5.264266543918186,1.7875638831638727
0.05º,SWA,pH,1.7735663519965277,0.12784809536137687
0.05º,SWA,pH,1.1941057840983074,-0.1476667870611754
0.05º,SWA,pH,1.1521432664659288,-0.16761861597262903
0.05º,SWA,pH,0.36232969495985246,-0.5431495931338811
0.05º,SWA,pH,8.166542900933159,3.167503043064022
0.05º,SWA,pH,0.5603167215983073,-0.4490131231350014
0.05º,SWA,pH,1.9936150444878473,0.23247417864929287
0.05º,SWA,pH,0.5855060153537326,-0.43703642326652625
0.05º,SWA,pH,0.6567488776312934,-0.40316273123077084
0.05º,SWA,pH,22.40028817313058,9.9351916009347
0.05º,SWA,pH,12.969021606445313,5.450927367665172
0.05º,SWA,pH,0.7302288479275174,-0.36822536620866514
0.05º,SWA,pH,0.8447418212890625,-0.31377812658716847
0.05º,SWA,pH,0.44433339436848956,-0.5041594687795464
0.05º,SWA,pH,1.5440514882405598,0.01872115177777052
0.05º,SWA,pH,2.1760932074652777,0.3192366822649672
0.05º,SWA,pH,0.3132642110188802,-0.5664786543123408
0.05º,SWA,pH,0.56177732679579,-0.4483186522916965
0.05º,SWA,pH,0.2850734165736607,-0.5798824713229527
0.05º,SWA,pH,0.8551322089301215,-0.3088378310988412
0.05º,SWA,pH,3.711944580078125,1.0494846642437314
0.05º,SWA,pH,2.456629859076606,0.45262284668381614
0.05º,SWA,pH,2.5858751932779946,0.5140748505454726
0.05º,SWA,pH,1.9102956983778212,0.19285850655914322
0.05º,SWA,pH,0.62506866455078125,-0.4182256546901835
0.05º,SWA,pH,1.0185652838812933,-0.23113065493592883
0.05º,SWA,pH,0.8240992228190104,-0.32359301892919806
0.05º,SWA,pH,1.7079514397515192,0.09665031274448464
0.05º,SWA,pH,0.9933039347330729,-0.2431416148285948
0.05º,SWA,pH,0.7406684027777778,-0.3632616932920665
0.05º,SWA,pH,0.3414187961154514,-0.5530920536836332
0.05º,SWA,pH,0.9493319193522135,-0.2640488953558663
0.05º,SWA,pH,0.3678622775607639,-0.5405190278646824
0.05º,SWA,pH,0.1220737033420139,-0.6573835979118028
0.05º,SWA,pH,0.4490390353732639,-0.5019220876703269
0.05º,SWA,pH,0.5489794413248698,-0.45440363564710784
0.05º,SWA,pH,0.28273434109157985,-0.5809946265620235
0.05º,SWA,pH,0.4819793701171875,-0.4862600168466816
0.05º,SWA,pH,1.0128419664171007,-0.23385190850445625
0.05º,SWA,pH,3.9672775268554688,1.170887276789267
0.05º,SWA,pH,0.9595328436957465,-0.2591986835782057
0.05º,SWA,pH,1.573960198296441,0.032941782465972416
0.05º,SWA,pH,0.5771984524197049,-0.4409864025261825
0.05º,SWA,pH,0.31627782185872394,-0.5650457791829451
0.05º,SWA,pH,0.29519568549262154,-0.575069657672539
0.05º,SWA,pH,3.751694573296441,1.0683845088829707
0.05º,SWA,pH,0.664900885687934,-0.3992867133174561
0.05º,SWA,pH,0.8617748684353299,-0.3056794599275487
0.05º,SWA,pH,0.3760185241699219,-0.536640994655827
0.05º,SWA,pH,0.4216410319010417,-0.5149489580450299
0.05º,SWA,pH,0.8311436971028646,-0.32024359774065275
0.05º,SWA,pH,1.529788123236762,0.011939379989182595
0.05º,SWA,pH,0.5644798278808594,-0.4470336998549838
0.05º,SWA,pH,0.6896294487847222,-0.38752907607424864
0.05º,SWA,pH,0.49033016628689235,-0.4822894815725108
0.05º,SWA,pH,0.18421766493055555,-0.6278361408131413
0.05º,SWA,pH,0.5271523793538412,-0.4647817023279695
0.05º,SWA,pH,1.3721686469184027,-0.06300361681018671
0.05º,SWA,pH,0.96616363525390625,-0.25604595523442697
0.05º,SWA,pH,0.4049835205078125,-0.522869069519749
0.05º,SWA,pH,1.1104477776421442,-0.1874434812650222
0.05º,SWA,pH,0.80713653564453125,-0.33165823168284314
0.05º,SWA,pH,6.192383902413504,2.22885386744643
0.05º,SWA,pH,0.27007293701171875,-0.5870147174010262
0.05º,SWA,pH,1.41630130343967,-0.04201995658192492
0.05º,SWA,pH,2.2279107835557728,0.34387427483796523
0.05º,SWA,pH,0.5031238132052951,-0.47620651351264015
0.05º,SWA,pH,1.363045162624783,-0.0673415404614163
0.05º,SWA,pH,0.24611790974934897,-0.5984045632080668
0.05º,SWA,pH,2.2383210923936634,0.3488240422153335
0.05º,SWA,pH,0.6718487209743924,-0.3959832408672374
0.05º,SWA,pH,0.3932728237575955,-0.5284371295689858
0.05º,SWA,pH,0.7941313849555122,-0.3378417629901918
0.05º,SWA,pH,2.906163533528646,0.666361665721777
0.05º,SWA,pH,1.9272507561577692,0.2009200917808152
0.05º,SWA,pH,1.0422303941514757,-0.21987865534386813
0.05º,SWA,pH,0.7633344862196181,-0.3524846988589349
0.05º,SWA,pH,1.1510149637858074,-0.16815508764554762
0.05º,SWA,pH,0.5219747755262587,-0.46724348659563947
0.05º,SWA,pH,0.620558844672309,-0.42036992914542554
0.05º,SWA,pH,0.3369789123535156,-0.5552030757624546
0.05º,SWA,pH,3.8724373711480036,1.1257938298901013
0.05º,SWA,pH,0.6002061631944444,-0.43004697527247526
0.05º,SWA,pH,0.45050472683376735,-0.5012251984723732
0.05º,SWA,pH,1.8099657694498699,0.1451548488757393
0.05º,SWA,pH,0.33949534098307294,-0.554006594799976
0.05º,SWA,pH,0.0865008036295573,-0.6742973687957401
0.05º,SWA,pH,0.7471046447753906,-0.3602014670136032
0.05º,SWA,pH,0.2754533555772569,-0.5844565012417365
0.05º,SWA,pH,0.3170064290364583,-0.564699349879509
0.05º,SWA,pH,0.6323360866970487,-0.4147702289562005
0.05º,SWA,pH,0.22545878092447916,-0.6082273152027048
0.05º,SWA,pH,0.36340755886501735,-0.5426371034778961
0.05º,SWA,pH,0.5089886983235677,-0.47341794907305523
0.05º,SWA,pH,0.5617887708875868,-0.4483132109937368
0.05º,SWA,pH,0.30594507853190106,-0.5699586666519195
0.05º,SWA,pH,1.2257622612847223,-0.13261514925679027
0.05º,SWA,pH,2.1858062744140625,0.32385493352590006
0.05º,SWA,pH,0.5748206244574653,-0.44211698332448207
0.05º,SWA,pH,0.3626976013183594,-0.5429746654809534
0.05º,SWA,pH,15.399102020263673,6.606352527860216
0.05º,SWA,pH,1.5315284729003906,0.01276686033816982
0.05º,SWA,pH,2.635662078857422,0.5377469150249495
0.05º,SWA,pH,0.8423639933268229,-0.31490870738546806
0.05º,SWA,pH,0.2842898898654514,-0.5802550130986084
0.05º,SWA,pH,1.1573130289713542,-0.16516056000170923
0.05º,SWA,pH,1.2479705810546875,-0.12205580674204797
0.05º,SWA,pH,0.6847568088107638,-0.3898458598277695
0.05º,SWA,pH,0.34497155083550346,-0.5514028329614681
0.05º,SWA,pH,0.8991881476508247,-0.28789064771986506
0.05º,SWA,pH,0.4289012485080295,-0.5114969583134661
0.05º,SWA,pH,0.31760915120442706,-0.5644127748536298
0.05º,SWA,pH,0.7869114345974393,-0.3412746174141196
QDS,Cape,pH,4.741837389469149,0.679532519696405
QDS,Cape,pH,4.208091269578689,0.4937706736471489
QDS,Cape,pH,2.362629792922584,-0.14851283519930403
QDS,Cape,pH,2.883572212668028,0.03279288669922772
QDS,Cape,pH,2.930614163050487,0.04916508917368601
QDS,Cape,pH,2.4580225717453734,-0.11531289606433394
QDS,Cape,pH,2.614730521664236,-0.06077318704781392
QDS,Cape,pH,2.538624900151725,-0.08726053790629215
QDS,Cape,pH,2.4225037270325895,-0.12767466492316462
QDS,Cape,pH,4.184812654091116,0.4856689218492534
QDS,Cape,pH,5.517587923306475,0.949520152147751
QDS,Cape,pH,5.129920981780828,0.8145988402610201
QDS,Cape,pH,2.128885269165039,-0.22986389822158318
QDS,Cape,pH,3.222408331116159,0.1507194074278597
QDS,Cape,pH,2.9189570898561907,0.04510803029230583
QDS,Cape,pH,4.864001813520471,0.7220499040625434
QDS,Cape,pH,3.8847597651639663,0.38124028718122266
QDS,Cape,pH,4.714065152046867,0.6698668342698955
QDS,Cape,pH,4.417886964103275,0.5667867276393935
QDS,Cape,pH,4.277443176660782,0.5179075016380484
QDS,Cape,pH,1.3641929626464844,-0.4960028905719223
QDS,Cape,pH,2.0155471165974923,-0.2693094392085239
QDS,Cape,pH,1.2313381830851249,-0.5422408831082428
QDS,Cape,pH,0.4163869222005232,-0.8258717049925527
QDS,Cape,pH,3.438153807465594,0.2258061883334936
QDS,Cape,pH,5.50304195656879,0.9444576598258997
QDS,Cape,pH,4.433474567554621,0.5722117450487944
QDS,Cape,pH,2.621021469420515,-0.05858372275935095
QDS,Cape,pH,3.552810438169326,0.2657106046610244
QDS,Cape,pH,3.075409231300694,0.09955870923879602
QDS,Cape,pH,2.077031771341961,-0.2479106832393421
QDS,Cape,pH,5.577269798301116,0.9702914793041167
QDS,Cape,pH,6.420453127810831,1.2637480235499619
QDS,Cape,pH,3.385202806260853,0.20737743472312953
QDS,Cape,pH,1.4834298940805297,-0.45450437343987726
QDS,Cape,pH,2.6687551333967496,-0.041970780372547326
QDS,Cape,pH,2.639575027176333,-0.05212645213748762
QDS,Cape,pH,2.784684316004615,-0.0016234725988851918
QDS,Cape,pH,14.66925583858116,4.134612582833838
QDS,Cape,pH,6.329811401647684,1.2322016127121407
QDS,Cape,pH,2.356503580130782,-0.15064496610402942
QDS,Cape,pH,1.3807524447970931,-0.4902396262421543
QDS,Cape,pH,1.8487206132641774,-0.327370749772241
QDS,Cape,pH,3.1070218676572585,0.1105609844202707
QDS,Cape,pH,2.5923668952951235,-0.06855649143892545
QDS,Cape,pH,2.5401630106994872,-0.08672522299882499
QDS,Cape,pH,2.389635086428143,-0.1391140724022571
QDS,Cape,pH,4.718014703745266,0.6712414129079791
QDS,Cape,pH,2.545039236031327,-0.08502813034439859
QDS,Cape,pH,1.367129414876301,-0.49498090508721637
QDS,Cape,pH,1.5407074254722362,-0.4345698398255603
QDS,Cape,pH,2.284346237450668,-0.17575818132518684
QDS,Cape,pH,3.1498986628435657,0.1254835708891314
QDS,Cape,pH,2.0912794541910102,-0.24295200387974894
QDS,Cape,pH,1.5502391283062948,-0.43125248228709046
QDS,Cape,pH,1.381391549287019,-0.4900171960914838
QDS,Cape,pH,7.641098330457666,1.6885741679749178
QDS,Cape,pH,1.9442163921003566,-0.2941349631211628
QDS,Cape,pH,0.9962560720292354,-0.6240574721110078
QDS,Cape,pH,1.5406729295518664,-0.4345818455818745
QDS,Cape,pH,1.971953571974628,-0.28448147891653314
QDS,Cape,pH,2.540145558795752,-0.08673129685629033
QDS,Cape,pH,2.3171387097743974,-0.1643452830044921
QDS,Cape,pH,2.476946996257829,-0.10872655116767219
QDS,Cape,pH,1.1420700968636393,-0.5733092204166069
QDS,Cape,pH,0.6464260609944622,-0.7458102422605836
QDS,Cape,pH,3.4746101360439496,0.23849423353798788
QDS,Cape,pH,3.244083778481384,0.15826320206440717
QDS,Cape,pH,1.034588011221034,-0.610716650470229
QDS,Cape,pH,1.375912695990667,-0.491924023822189
QDS,Cape,pH,2.3389192030164927,-0.15676492882159834
QDS,Cape,pH,2.0170157708062075,-0.26879829747493167
QDS,Cape,pH,1.881253204345703,-0.3160482989836338
QDS,Cape,pH,1.7741362041897257,-0.3533286668415144
QDS,Cape,pH,1.4584864807128888,-0.46318553165587256
QDS,Cape,pH,1.8653894678751612,-0.3215694200975663
QDS,Cape,pH,10.074483623433556,2.5354752082393057
QDS,Cape,pH,2.378083861688646,-0.14313429241281042
QDS,Cape,pH,1.0176122959471314,-0.6166247781170097
QDS,Cape,pH,1.7422473822699673,-0.36442706401462366
QDS,Cape,pH,1.8547912597656255,-0.3252579578309096
QDS,Cape,pH,2.242476433648003,-0.19033030046246388
QDS,Cape,pH,2.5140161302354644,-0.09582522879263371
QDS,Cape,pH,1.8927205446031365,-0.3120572736326055
QDS,Cape,pH,2.011182522243925,-0.2708284668401276
QDS,Cape,pH,1.878372054100037,-0.3170510374925152
QDS,Cape,pH,1.7465854339599616,-0.3629172741348287
QDS,Cape,pH,2.945226756734359,0.054250769944238185
QDS,Cape,pH,1.1733582276937131,-0.562419884221305
QDS,Cape,pH,1.8466535841816585,-0.32809014636155015
QDS,Cape,pH,2.5801038445366817,-0.07282445117145034
QDS,Cape,pH,2.9186797926161074,0.04501152139921484
QDS,Cape,pH,3.5629711914062474,0.2692468931851055
QDS,Cape,pH,1.7025647142198364,-0.3782379853467825
QDS,Cape,pH,1.5136369662814642,-0.4439912825026722
QDS,Cape,pH,1.966244249758516,-0.2864685176883984
QDS,Cape,pH,1.0960907799067212,-0.5893115902319676
QDS,Cape,pH,1.0389049138100788,-0.6092142211985739
QDS,Cape,pH,1.7829443910111582,-0.3502631175413493
QDS,Cape,pH,2.575213954057642,-0.07452629976297083
QDS,Cape,pH,3.0526386515299473,0.09163377119017115
QDS,Cape,pH,3.1224378967285182,0.11592628809613427
QDS,Cape,pH,1.3201886664496518,-0.5113178858309033
QDS,Cape,pH,0.7236430697970901,-0.7189360907360317
QDS,Cape,pH,1.3114257954399369,-0.5143676636836964
QDS,Cape,pH,1.3809080959972135,-0.490185454318094
QDS,Cape,pH,1.1351088045482858,-0.5757319874648319
QDS,Cape,pH,2.0654032154354534,-0.2519578171323681
QDS,Cape,pH,1.5810290591931206,-0.4205365366565356
QDS,Cape,pH,1.175602586534286,-0.5616387708307151
QDS,Cape,pH,1.3882294887966546,-0.4876373600249589
QDS,Cape,pH,1.538234049479168,-0.43543065899280886
QDS,Cape,pH,1.8501144070095517,-0.3268856620320139
QDS,Cape,pH,1.6782186904391223,-0.3867112316204841
QDS,Cape,pH,1.8228704333452173,-0.33636749366133367
QDS,Cape,pH,1.3280354176071736,-0.508586948918782
QDS,Cape,pH,1.025219623640473,-0.6139771687327826
QDS,Cape,pH,2.526076237126689,-0.09162790044460743
QDS,Cape,pH,1.6805118594552637,-0.3859131306247732
QDS,Cape,pH,1.0722079128689244,-0.5976236421693204
QDS,Cape,pH,1.414126519097221,-0.47862431060585675
QDS,Cape,pH,2.4313845825195335,-0.12458382445000118
QDS,Cape,pH,2.5230710177951385,-0.09267381922510615
QDS,Cape,pH,1.8974657864040805,-0.3104057677123857
QDS,Cape,pH,1.8048294456332346,-0.34264637243354407
QDS,Cape,pH,1.2813705607229322,-0.5248279100000917
QDS,Cape,pH,1.1106687628054135,-0.5842379551945993
QDS,Cape,pH,0.5577042883168104,-0.776688443830921
QDS,Cape,pH,0.7948796369027397,-0.6941433368056182
QDS,Cape,pH,1.1242694854736328,-0.5795044400339254
QDS,Cape,pH,4.748036390527502,0.6816899833993679
QDS,Cape,pH,1.8066916092821685,-0.34199827599933896
QDS,Cape,pH,1.9204889085557713,-0.3023929363055863
QDS,Cape,pH,2.895285746256512,0.03686959572261753
QDS,Cape,pH,3.1053511386447497,0.10997951376587907
QDS,Cape,pH,2.911050923665365,0.04235641492303361
QDS,Cape,pH,2.1931299506293382,-0.20750455885982091
QDS,Cape,pH,2.6906991238064233,-0.03433352360143537
QDS,Cape,pH,1.8218739036277485,-0.3367143199764326
QDS,Cape,pH,1.1808449618021637,-0.5598142455158636
QDS,Cape,pH,0.9114680571783131,-0.6535665918490425
QDS,Cape,pH,1.1741121154690413,-0.562157505574154
QDS,Cape,pH,0.9132535008021766,-0.6529451965990802
QDS,Cape,pH,1.3582201359434893,-0.4980816378885461
QDS,Cape,pH,1.8831682205200195,-0.3153818080687617
QDS,Cape,pH,2.8688620054095173,0.027673233076885805
QDS,Cape,pH,2.7320099043926365,-0.01995596360155069
QDS,Cape,pH,1.464200897216797,-0.4611967198981811
QDS,Cape,pH,2.1841168212890603,-0.2106414351433888
QDS,Cape,pH,3.5350030687120224,0.25951303300589224
QDS,Cape,pH,3.1535392422146256,0.12675061662390077
QDS,Cape,pH,2.617272508409288,-0.05988848899981599
QDS,Cape,pH,2.336200171576605,-0.15771124445915863
QDS,Cape,pH,1.3769282531738267,-0.4915705753003504
QDS,Cape,pH,1.5641615973578509,-0.42640698841612523
QDS,Cape,pH,0.8267720915313453,-0.6830436753259849
QDS,Cape,pH,0.7275305572720292,-0.7175831125635885
QDS,Cape,pH,3.061877621764457,0.094849247804238
QDS,Cape,pH,6.756051189499091,1.3805475901352093
QDS,Cape,pH,4.076731963220822,0.448053156768909
QDS,Cape,pH,2.2053273270542437,-0.2032594560343182
QDS,Cape,pH,1.1616215458622685,-0.5665046496224087
QDS,Cape,pH,1.196790890163845,-0.554264518821751
QDS,Cape,pH,1.9738634406195743,-0.28381677951737005
QDS,Cape,pH,3.025983191596137,0.08235676240252354
QDS,Cape,pH,3.5819870164659284,0.27586504858820426
QDS,Cape,pH,2.8608074103461343,0.024869959399766942
QDS,Cape,pH,1.5400128682454424,-0.4348115694191404
QDS,Cape,pH,0.8414183213975674,-0.6779462880172592
QDS,Cape,pH,1.1021831597222176,-0.5871912343564212
QDS,Cape,pH,1.0616404788242795,-0.6013014694789407
QDS,Cape,pH,1.4251498378152851,-0.47478781988799046
QDS,Cape,pH,3.697374851542308,0.31602394896543684
QDS,Cape,pH,3.9436282229124755,0.4017285174051351
QDS,Cape,pH,1.9850578059103772,-0.27992075876091743
QDS,Cape,pH,0.7544169051558877,-0.7082257468979551
QDS,Cape,pH,1.2911968824598559,-0.5214080150393574
QDS,Cape,pH,1.744827643500436,-0.3635290451408573
QDS,Cape,pH,2.136817643907335,-0.22710316138290446
QDS,Cape,pH,3.5180487569173167,0.2536123544995537
QDS,Cape,pH,3.5771407233344172,0.2741783733599326
QDS,Cape,pH,1.3833687676323763,-0.4893290567005101
QDS,Cape,pH,0.736589728461368,-0.7144302121469014
QDS,Cape,pH,0.9664067416720914,-0.6344460566905362
QDS,Cape,pH,1.733920451922297,-0.3673251196550548
QDS,Cape,pH,1.5831470628935083,-0.41979939916239534
QDS,Cape,pH,4.598434169071362,0.6296233101344354
QDS,Cape,pH,2.3516377585274855,-0.15233843790624174
QDS,Cape,pH,1.6923435084025016,-0.3817953134297804
QDS,Cape,pH,1.5487807803683822,-0.4317600370870848
QDS,Cape,pH,2.946558668954033,0.05471432080387344
QDS,Cape,pH,2.556846296724187,-0.08091887070018525
QDS,Cape,pH,2.590408054356851,-0.06923823486571613
QDS,Cape,pH,2.88963728238666,0.03490373773001684
QDS,Cape,pH,5.026067657389583,0.7784543428336119
QDS,Cape,pH,2.343118565938119,-0.15530340736133516
QDS,Cape,pH,1.467650334521978,-0.4599961981187008
QDS,Cape,pH,1.5210284423828133,-0.4414187968312122
QDS,Cape,pH,1.6140721469455284,-0.40903641562274795
QDS,Cape,pH,1.5841468132866738,-0.4194514519423555
QDS,Cape,pH,3.019230872260198,0.08000672507538478
QDS,Cape,pH,2.6843239339192704,-0.0365523070234022
QDS,Cape,pH,1.338613230387369,-0.5049055094553611
QDS,Cape,pH,0.9588193935818118,-0.6370867124917585
QDS,Cape,pH,1.3942714945475183,-0.4855345360412436
QDS,Cape,pH,1.521759091836434,-0.44116450591225
QDS,Cape,pH,2.3382877353259506,-0.15698470110573157
QDS,Cape,pH,2.751126892500951,-0.013302600008704315
QDS,Cape,pH,3.535197206527466,0.25958059958416013
QDS,Cape,pH,3.511559966931067,0.25135403437027753
QDS,Cape,pH,2.896972215290157,0.03745654444096909
QDS,Cape,pH,3.526680230277269,0.2566164014906565
QDS,Cape,pH,4.029696533502109,0.431683223707735
QDS,Cape,pH,3.8656769326490226,0.37459881089929253
QDS,Cape,pH,3.0944453312233455,0.10618392098541356
QDS,Cape,pH,2.6829816751631492,-0.03701945883045237
QDS,Cape,pH,2.6816803814935017,-0.037472353390839125
QDS,Cape,pH,3.5292088205493894,0.25749643710936543
QDS,Cape,pH,2.958040765275455,0.0587104817682294
QDS,Cape,pH,3.1206625753519495,0.1153084157333154
QDS,Cape,pH,1.4533127678765194,-0.4649861601037382
QDS,Cape,pH,2.8011174307929174,0.004095811580718596
QDS,Cape,pH,2.1331111166212295,-0.22839315924038817
QDS,Cape,pH,0.9365131323678142,-0.6448500518532129
QDS,Cape,pH,0.8477990173158183,-0.6757255883087602
QDS,Cape,pH,0.8008169850344373,-0.6920769372413318
QDS,Cape,pH,0.4846941074997015,-0.802098475798478
QDS,Cape,pH,1.0924575240523708,-0.5905760871332507
QDS,Cape,pH,0.8975820541381836,-0.6583993943048421
QDS,Cape,pH,0.382669236924914,-0.8376066089626095
QDS,Cape,pH,0.397613525390625,-0.8324054870999291
QDS,Cape,pH,3.6856418120594037,0.311940451225799
QDS,Cape,pH,1.5409883076965576,-0.43447208323573616
QDS,Cape,pH,1.5275181188905864,-0.43916016816222286
QDS,Cape,pH,1.239172058105468,-0.5395144275308295
QDS,Cape,pH,1.6163719177246074,-0.4082360169884693
QDS,Cape,pH,2.146929897732203,-0.22358375230764677
QDS,Cape,pH,2.7298956976996527,-0.02069177960766791
QDS,Cape,pH,2.3916966417100705,-0.13839658088216505
QDS,Cape,pH,2.27766087849935,-0.17808491415568226
QDS,Cape,pH,1.3488687811957436,-0.5013362281446012
QDS,Cape,pH,1.0783547839411953,-0.5954843214787153
QDS,Cape,pH,2.13805060603631,-0.22667404852821216
QDS,Cape,pH,3.6740574918846227,0.3079087128754863
QDS,Cape,pH,3.2310891193017017,0.1537406176594955
QDS,Cape,pH,2.3108891139671806,-0.16652035540492202
QDS,Cape,pH,2.20358879081034,-0.20386452591690082
QDS,Cape,pH,2.1274582117880985,-0.23036056283961
QDS,Cape,pH,3.6039350755904533,0.283503721410794
QDS,Cape,pH,4.2648497243039944,0.513524550885338
QDS,Cape,pH,4.427757925319211,0.5702221586606612
QDS,Cape,pH,4.251454494213933,0.5088625541474598
QDS,Cape,pH,4.139609061025347,0.4699365303937801
QDS,Cape,pH,4.010271939655067,0.4249228028310005
QDS,Cape,pH,3.883702241131777,0.3808722327651995
QDS,Cape,pH,3.178270884664966,0.13535807134103908
QDS,Cape,pH,3.0378475038847537,0.086485947553866
QDS,Cape,pH,2.7930647789583865,0.0012932142134882772
QDS,Cape,pH,2.043312648606652,-0.2596460874943798
QDS,Cape,pH,1.3548279874768605,-0.49926222119913477
QDS,Cape,pH,2.687829741368799,-0.03533216651193332
QDS,Cape,pH,1.699358123406392,-0.379353988268082
QDS,Cape,pH,1.619515838623047,-0.40714182533411714
QDS,Cape,pH,1.9305323452419705,-0.2988974779406804
QDS,Cape,pH,2.2540049404568117,-0.18631798706628372
QDS,Cape,pH,1.6032796393500428,-0.412792576201207
QDS,Cape,pH,2.2550301954481338,-0.18596116337658963
QDS,Cape,pH,2.736769256591796,-0.018299546781703993
QDS,Cape,pH,2.9208348083496083,0.0457615403426827
QDS,Cape,pH,3.1473958841959626,0.1246125185957174
QDS,Cape,pH,4.747662183973522,0.6815597467612349
QDS,Cape,pH,4.0474320976822415,0.4378558046784457
QDS,Cape,pH,2.552897639905333,-0.08229313788967955
QDS,Cape,pH,2.0242412720950735,-0.2662835766965839
QDS,Cape,pH,2.783150878557717,-0.002157161107937584
QDS,Cape,pH,3.663471842910396,0.3042245461493932
QDS,Cape,pH,3.982478032373424,0.4152495755546702
QDS,Cape,pH,4.466105746237256,0.583568507683609
QDS,Cape,pH,4.97522274147211,0.7607585787033033
QDS,Cape,pH,5.456592190454876,0.9282915576654801
QDS,Cape,pH,5.225134034587894,0.8477362286153483
QDS,Cape,pH,5.110835453065917,0.8079564256095834
QDS,Cape,pH,4.577669349182356,0.622396444904476
QDS,Cape,pH,3.870228615593226,0.3761829517386109
QDS,Cape,pH,2.6788820468831296,-0.038446269235310165
QDS,Cape,pH,1.7514230007221707,-0.3612336359805712
QDS,Cape,pH,1.942065444837118,-0.2948835660982782
QDS,Cape,pH,2.3364640991753154,-0.15761938865705966
QDS,Cape,pH,4.474763110327343,0.5865815655314586
QDS,Cape,pH,0,-0.9707885492679009
QDS,Cape,pH,9.837376149658045,2.4529537239619983
QDS,Cape,pH,8.233498169402228,1.8947495078616197
QDS,Cape,pH,5.387711344080366,0.9043186748600928
QDS,Cape,pH,2.1754409223614335,-0.21366094374658662
QDS,Cape,pH,2.2588513761578195,-0.18463126221896678
QDS,Cape,pH,1.4511912875705282,-0.4657245075751521
QDS,Cape,pH,1.4691290452745198,-0.459481556365012
QDS,Cape,pH,0.8489124382866748,-0.6753380798524575
QDS,Cape,pH,1.1246636962890604,-0.5793672412308288
QDS,Cape,pH,2.6426667185182913,-0.0510504381493868
QDS,Cape,pH,3.530278294780266,0.2578686506019347
QDS,Cape,pH,3.3478254105300516,0.1943688267488136
QDS,Cape,pH,2.665807520043911,-0.04299665030856691
QDS,Cape,pH,2.289472587673305,-0.1739740366815732
QDS,Cape,pH,3.623080922826497,0.29016712896394753
QDS,Cape,pH,4.078488049424096,0.4486643346356611
QDS,Cape,pH,5.0490206026981586,0.7864427503065574
QDS,Cape,pH,5.541617855495878,0.9578833877715681
QDS,Cape,pH,4.165157913631862,0.4788284021053734
QDS,Cape,pH,4.32306264362638,0.5337846313885218
QDS,Cape,pH,4.278052092052641,0.518119424953393
QDS,Cape,pH,5.530781695956272,0.954112034828385
QDS,Cape,pH,5.083980589367094,0.7986100175136926
QDS,Cape,pH,5.2267751200475985,0.848307382302764
QDS,Cape,pH,3.338435449536483,0.19110080020305856
QDS,Cape,pH,3.4548672898568253,0.23162304999713254
QDS,Cape,pH,2.9856092371369343,0.06830524983285977
QDS,Cape,pH,4.5616464295054016,0.6168199226078813
QDS,Cape,pH,4.456578808372098,0.5802528085167626
QDS,Cape,pH,3.922848883129303,0.3944965987569976
QDS,Cape,pH,9.584750507392135,2.365031388008857
QDS,Cape,pH,24.480904768650827,7.549400906561616
QDS,Cape,pH,7.072370273807681,1.4906374153386843
QDS,Cape,pH,2.2796552550328246,-0.17739080313029146
QDS,Cape,pH,3.0219088000601015,0.0809387352449365
QDS,Cape,pH,2.7710864204830608,-0.006356003816137327
QDS,Cape,pH,1.7941148376464833,-0.3463754212924313
QDS,Cape,pH,2.0559538141886384,-0.25524653091267385
QDS,Cape,pH,2.4636511414139335,-0.1133539619320106
QDS,Cape,pH,3.040977701964199,0.08757536319937353
QDS,Cape,pH,1.8204875181970142,-0.33719682937060275
QDS,Cape,pH,5.002853046258292,0.7703748667337216
QDS,Cape,pH,3.840714775526606,0.36591112921762825
QDS,Cape,pH,4.269784310200826,0.5152419550059941
QDS,Cape,pH,2.785329254904797,-0.0013990118745403686
QDS,Cape,pH,5.764012783525807,1.0352844045533098
QDS,Cape,pH,12.017742072657532,3.2117953976071356
QDS,Cape,pH,5.709006907867663,1.0161404845789415
QDS,Cape,pH,2.715896862311798,-0.025563851567125446
QDS,Cape,pH,2.5642383282594015,-0.07834619171880448
QDS,Cape,pH,5.234862349153769,0.8511220137393237
QDS,Cape,pH,5.639260493914286,0.991866354747414
QDS,Cape,pH,5.828661185673304,1.0577842524763605
QDS,Cape,pH,3.7465092873346206,0.3331244076989669
QDS,Cape,pH,17.682952721005396,5.183481840050934
QDS,Cape,pH,2.3638397648551233,-0.14809172371674678
QDS,Cape,pH,1.4571940670591406,-0.46363533566799126
QDS,Cape,pH,5.1926599878253334,0.8364341532456179
QDS,Cape,pH,18.2114042485555,5.367400987463946
QDS,SWA,pH,10.227711713730342,2.5888038074729165
QDS,SWA,pH,5.095548515092759,0.8026360500367976
QDS,SWA,pH,8.567202057157244,2.0108898373424364
QDS,SWA,pH,3.5556372347332172,0.2666944262356372
QDS,SWA,pH,5.536308682248705,0.956035614482663
QDS,SWA,pH,6.5435598930093315,1.306593374761356
QDS,SWA,pH,3.6915152107459916,0.31398459420304026
QDS,SWA,pH,6.08634240021781,1.1474660999356463
QDS,SWA,pH,5.481001232842728,0.9367867365628788
QDS,SWA,pH,3.5338263550410707,0.259103496532199
QDS,SWA,pH,0.8148924131971095,-0.6871782083850578
QDS,SWA,pH,5.723119775839227,1.0210522437650975
QDS,SWA,pH,3.4445292836234995,0.22802507138744177
QDS,SWA,pH,0.9200865841975059,-0.6505670506258873
QDS,SWA,pH,1.3981046374898238,-0.4842004716188558
QDS,SWA,pH,11.293291961790544,2.9596620612695177
QDS,SWA,pH,3.8413448560400996,0.3661304187168574
QDS,SWA,pH,1.495917943686398,-0.4501581064378485
QDS,SWA,pH,1.1061799045598324,-0.5858002308969945
QDS,SWA,pH,0.9919472727149442,-0.6255570811667941
QDS,SWA,pH,6.94860913371986,1.4475643193570362
QDS,SWA,pH,3.6635435230856572,0.30424949329408507
QDS,SWA,pH,1.0514067339656334,-0.6048631615757925
QDS,SWA,pH,0.9211216282730454,-0.6502068200011587
QDS,SWA,pH,0.9088728577619675,-0.6544698097207627
QDS,SWA,pH,1.9656635445786226,-0.2866706228882442
QDS,SWA,pH,2.140433533607174,-0.22584470849543362
QDS,SWA,pH,12.68456922550394,3.4438739800873983
QDS,SWA,pH,6.157768233841918,1.172324725066906
QDS,SWA,pH,1.2195762973361555,-0.5463344203318903
QDS,SWA,pH,0.5835732536985129,-0.767685161960365
QDS,SWA,pH,0.9698897909420907,-0.6332338368014092
QDS,SWA,pH,1.1887797234568056,-0.5570526779503145
QDS,SWA,pH,1.2743216757746456,-0.5272811622707616
QDS,SWA,pH,1.0618387470548132,-0.6012324653754084
QDS,SWA,pH,1.1952515547902975,-0.5548002600103479
QDS,SWA,pH,11.283293161760295,2.956182137982623
QDS,SWA,pH,6.687843113112868,1.3568088542216372
QDS,SWA,pH,1.9325375000356928,-0.2981996157132738
QDS,SWA,pH,0.7163544307954134,-0.7214727855909113
QDS,SWA,pH,0.49685429504275824,-0.7978663159716919
QDS,SWA,pH,0.5909543367203646,-0.7651162934348882
QDS,SWA,pH,1.078096489562395,-0.5955742167282395
QDS,SWA,pH,1.0019748522663656,-0.6220671416253879
QDS,SWA,pH,0.7958457364534102,-0.6938071012259821
QDS,SWA,pH,0.56019078793733,-0.7758230571939121
QDS,SWA,pH,0.13151709529082325,-0.9250161164616949
QDS,SWA,pH,6.052276034575399,1.1356098433108264
QDS,SWA,pH,3.590499922885964,0.2788278302420642
QDS,SWA,pH,1.5379510296211027,-0.4355291595520515
QDS,SWA,pH,0.8005509190252617,-0.6921695372831749
QDS,SWA,pH,0.48682570608038134,-0.8013566068225231
QDS,SWA,pH,0.7310429641098987,-0.7163606752399926
QDS,SWA,pH,1.3225203280978723,-0.5105063880869486
QDS,SWA,pH,0.8783479906941002,-0.6650935041058363
QDS,SWA,pH,0.6181459377898888,-0.7556526892540344
QDS,SWA,pH,0.31478382101866487,-0.8612330480290975
QDS,SWA,pH,0.2787719840292624,-0.8737663950071499
QDS,SWA,pH,0.615306894357353,-0.7566407731564526
QDS,SWA,pH,0.45608353370123567,-0.8120559308642351
QDS,SWA,pH,6.386944198340702,1.252085773717058
QDS,SWA,pH,4.858321948899959,0.7200731175382074
QDS,SWA,pH,3.170616623812882,0.1326941276175372
QDS,SWA,pH,1.2812883673773845,-0.5248565160864554
QDS,SWA,pH,0.7422100830078107,-0.7124741371571425
QDS,SWA,pH,0.6559225294325065,-0.7425051474931281
QDS,SWA,pH,0.6842737664116751,-0.7326379504817266
QDS,SWA,pH,1.049792666965061,-0.6054249119183244
QDS,SWA,pH,0.8712030272552924,-0.6675801949666894
QDS,SWA,pH,0.6735331858759316,-0.7363760386731123
QDS,SWA,pH,0.4815522522857252,-0.8031919485242142
QDS,SWA,pH,0.7459966141720097,-0.711156295222612
QDS,SWA,pH,1.3512308248149243,-0.5005141564389785
QDS,SWA,pH,9.684519497524018,2.3997543978719964
QDS,SWA,pH,5.6060472592073545,0.9803070167728486
QDS,SWA,pH,1.254207736699269,-0.5342814987879264
QDS,SWA,pH,1.093425920274522,-0.5902390522336418
QDS,SWA,pH,0.891408403184677,-0.6605480353070895
QDS,SWA,pH,1.634945288764107,-0.40177185066841564
QDS,SWA,pH,0.7490246751573343,-0.7101024267678885
QDS,SWA,pH,0.8775307040744309,-0.6653779477121942
QDS,SWA,pH,1.0671507771809883,-0.5993836977952149
QDS,SWA,pH,1.0353271484375004,-0.610459405520434
QDS,SWA,pH,1.1381698267112412,-0.5746666473965893
QDS,SWA,pH,0.9212743642378841,-0.6501536626783619
QDS,SWA,pH,15.158190817201291,4.304778624031794
QDS,SWA,pH,7.190880790747605,1.5318831154620502
QDS,SWA,pH,2.584534304455073,-0.07128250007781714
QDS,SWA,pH,1.1871349758572043,-0.5576251061872631
QDS,SWA,pH,1.1927989027235257,-0.5556538665447309
QDS,SWA,pH,0.8385531277126748,-0.6789434730990048
QDS,SWA,pH,0.9731835937500001,-0.6320874811328284
QDS,SWA,pH,1.0151806131998677,-0.6174710866133234
QDS,SWA,pH,1.2906871032714844,-0.5215854355761639
QDS,SWA,pH,1.7514705403645823,-0.3612170905643034
QDS,SWA,pH,2.2038734990900215,-0.20376543772937458
QDS,SWA,pH,2.5337393451585193,-0.08896087760093825
QDS,SWA,pH,1.8290091516681564,-0.33423101040543746
QDS,SWA,pH,10.422871331301602,2.656726007716254
QDS,SWA,pH,3.238318808728998,0.15625679605279788
QDS,SWA,pH,1.3873895433213974,-0.48792968968554085
QDS,SWA,pH,0.856403299967449,-0.6727310046111316
QDS,SWA,pH,1.5164848497178838,-0.4430001219775316
QDS,SWA,pH,1.1017093912760412,-0.5873561219272754
QDS,SWA,pH,1.3635488382975294,-0.4962270678046706
QDS,SWA,pH,1.6244187249077673,-0.4054354537591704
QDS,SWA,pH,2.051098921034068,-0.2569361992421597
QDS,SWA,pH,1.7410451931423607,-0.3648454668157351
QDS,SWA,pH,3.0692965757213377,0.09743129670619048
QDS,SWA,pH,2.8222217727052996,0.011440842049705198
QDS,SWA,pH,2.121615300017279,-0.23239409533081226
QDS,SWA,pH,0.7909212540135229,-0.6955209889991772
QDS,SWA,pH,0.9944331698947467,-0.624691904199693
QDS,SWA,pH,0.813045724232996,-0.6878209191013865
QDS,SWA,pH,4.647576700240847,0.6467265863352066
QDS,SWA,pH,1.8626509753568665,-0.32252250885387407
QDS,SWA,pH,1.3453984366522904,-0.5025440263557641
QDS,SWA,pH,2.037777078416615,-0.2615726546376642
QDS,SWA,pH,2.1765998119778107,-0.21325761065153812
QDS,SWA,pH,0.8645148552788634,-0.6699079068258245
QDS,SWA,pH,2.3724127536349835,-0.14510803135335643
QDS,SWA,pH,2.608851945665148,-0.06281913190630874
QDS,SWA,pH,1.8422508070203965,-0.3296224629119494
QDS,SWA,pH,2.7660049836531937,-0.008124517067891752
QDS,SWA,pH,3.0874275803374025,0.10374150442985317
QDS,SWA,pH,5.492871065416199,0.9409178429615463
QDS,SWA,pH,1.8709788407495032,-0.31962412778591726
QDS,SWA,pH,0.6527547629880713,-0.7436076382104226
QDS,SWA,pH,0.5749517978321421,-0.7706857225221877
QDS,SWA,pH,0.7886452286331733,-0.6963131234251765
QDS,SWA,pH,1.1709834507533483,-0.5632463875568007
QDS,SWA,pH,3.9516676768550156,0.40452652145601364
QDS,SWA,pH,3.01961680000211,0.08014104108651358
QDS,SWA,pH,1.4201428349812828,-0.4765304275716004
QDS,SWA,pH,8.087442643907337,1.8439172057041946
QDS,SWA,pH,2.1173023944430884,-0.2338951335050329
QDS,SWA,pH,0.869428049723303,-0.6681979476598725
QDS,SWA,pH,3.042218000623922,0.08800702941688125
QDS,SWA,pH,3.7675909084743924,0.3404615305644947
QDS,SWA,pH,1.5082911682128908,-0.4458518024780278
QDS,SWA,pH,4.504133548030147,0.5968034791409986
QDS,SWA,pH,11.018335612261737,2.8639678778964974
QDS,SWA,pH,5.010118720443163,0.7729035690494425
QDS,SWA,pH,2.371746314976758,-0.14533997472646418
QDS,SWA,pH,0.7668394658059796,-0.7039022722851682
QDS,SWA,pH,0.7117609184232104,-0.7230714844972109
QDS,SWA,pH,0.5297015931871213,-0.7864343363963097
QDS,SWA,pH,1.0721042887369792,-0.5976597068999631
QDS,SWA,pH,1.4324516720241978,-0.47224653265114536
QDS,SWA,pH,5.093047514315003,0.8017656165027014
QDS,SWA,pH,3.178098215644742,0.13529797663541587
QDS,SWA,pH,1.4911925040351035,-0.45180272053490084
QDS,SWA,pH,1.8377258258395754,-0.33119731062730134
QDS,SWA,pH,2.0251820161607546,-0.2659561656901364
QDS,SWA,pH,1.0217844645182292,-0.6151727212178327
QDS,SWA,pH,1.9798878818088095,-0.28172006859990767
QDS,SWA,pH,3.306260325113932,0.17990275999843056
QDS,SWA,pH,1.7846016608344217,-0.3496863311436621
QDS,SWA,pH,4.879548061512136,0.727460528362096
QDS,SWA,pH,15.34593066437076,4.370118491222516
QDS,SWA,pH,4.934407061567212,0.7465533306193539
QDS,SWA,pH,1.8936782865813306,-0.31172394677311527
QDS,SWA,pH,0.8971874025132939,-0.6585367465246593
QDS,SWA,pH,4.039783510985198,0.4351938357543397
QDS,SWA,pH,3.0883609230135685,0.10406633950042328
QDS,SWA,pH,0.9537753634982641,-0.6388422069205332
QDS,SWA,pH,1.0125282287597674,-0.6183942068228464
QDS,SWA,pH,0.7787523566351998,-0.6997561801455694
QDS,SWA,pH,0.908595971001519,-0.6545661757529467
QDS,SWA,pH,1.0552906799316406,-0.6035114159691938
QDS,SWA,pH,0.9387773471408454,-0.6440620279212045
QDS,SWA,pH,1.0688171047634587,-0.598803758988529
QDS,SWA,pH,3.2029885793615285,0.14396067176435956
QDS,SWA,pH,3.480747874481507,0.24063037576036522
QDS,SWA,pH,3.4711332236395935,0.23728414948732104
QDS,SWA,pH,1.2855256618152993,-0.5233817931653729
QDS,SWA,pH,6.06149308204651,1.1388176900558453
QDS,SWA,pH,4.208100719451904,0.49377396252519035
QDS,SWA,pH,0.9342526075575077,-0.6456367915523957
QDS,SWA,pH,1.0565337626139335,-0.6030787808169196
QDS,SWA,pH,0.9807791476779515,-0.6294439694203451
QDS,SWA,pH,1.0677530924479157,-0.5991740715483561
QDS,SWA,pH,1.0170129733615438,-0.6168333628087365
QDS,SWA,pH,0.6419299485948358,-0.7473750426558932
QDS,SWA,pH,0.47568600124783067,-0.8052336038760344
QDS,SWA,pH,0.6676591322157132,-0.7384204096035062
QDS,SWA,pH,1.3567054270734644,-0.4986088082143571
QDS,SWA,pH,0.8844387848208639,-0.6629737001040278
QDS,SWA,pH,0.5061811926870634,-0.7946202376214189
QDS,SWA,pH,0.7698666890462269,-0.7028486953942917
QDS,SWA,pH,1.6730612996419267,-0.3885061794422708
QDS,SWA,pH,11.79009376525879,3.132566025708268
QDS,SWA,pH,4.341017067432404,0.5400333829703453
QDS,SWA,pH,1.3766118537055112,-0.49168069310192875
QDS,SWA,pH,0.651470930311414,-0.7440544557499734
QDS,SWA,pH,0.7401391771104602,-0.7131948830101805
QDS,SWA,pH,1.243018629286024,-0.5381756896237387
QDS,SWA,pH,1.3636581420898441,-0.4961890263585899
QDS,SWA,pH,0.9150033399793815,-0.6523361929103723
QDS,SWA,pH,0.6341156005859384,-0.7500947021676139
QDS,SWA,pH,0.5510825263129343,-0.7789930427555769
QDS,SWA,pH,0.47585401746961664,-0.8051751285028896
QDS,SWA,pH,0.5482552931043835,-0.7799770162974172
QDS,SWA,pH,0.36497476648401694,-0.8437648879111096
QDS,SWA,pH,0.6150634822139023,-0.756725488880714
QDS,SWA,pH,1.3207782569076079,-0.5111126882513772
QDS,SWA,pH,2.5729527353517923,-0.0753132809614589
QDS,SWA,pH,5.036139027731759,0.7819595230631042
QDS,SWA,pH,2.200552071465386,-0.20492140777595383
QDS,SWA,pH,0.6976403978135848,-0.727985907062304
QDS,SWA,pH,0.47912965562608495,-0.8040350947522746
QDS,SWA,pH,0.9046112060546881,-0.6559530098019655
QDS,SWA,pH,1.3311421881781682,-0.5075056868448995
QDS,SWA,pH,1.1993250698513462,-0.5533825378959367
QDS,SWA,pH,0.9291192626953114,-0.6474233705690353
QDS,SWA,pH,0.6296528625488284,-0.75164788714697806
QDS,SWA,pH,0.4484104580349345,-0.8147264227845141
QDS,SWA,pH,0.406237979465061,-0.8294038830594856
QDS,SWA,pH,0.5963797675238725,-0.7632280585529579
QDS,SWA,pH,0.9032275899251343,-0.6564345553849145
QDS,SWA,pH,1.278461615822533,-0.525840321996388
QDS,SWA,pH,2.879884012504059,0.03150926730505073
QDS,SWA,pH,8.572312566278761,2.0126684687428096
QDS,SWA,pH,4.801444946289064,0.700277981594331
QDS,SWA,pH,2.6772809314727786,-0.039003511982902896
QDS,SWA,pH,1.3636336771647137,-0.49619754098658686
QDS,SWA,pH,0.7713642205132376,-0.7023275033903371
QDS,SWA,pH,1.0651871066623255,-0.6000671220806302
QDS,SWA,pH,1.2489272393120656,-0.5361192918999522
QDS,SWA,pH,1.3605020989312067,-0.4972874369727597
QDS,SWA,pH,1.092040761311849,-0.5907211347751141
QDS,SWA,pH,0.7281477016872818,-0.7173683252675612
QDS,SWA,pH,0.5397538248697913,-0.7829358170727954
QDS,SWA,pH,0.5878871663411473,-0.766183773291993
QDS,SWA,pH,0.7375959777832056,-0.7140800030781239
QDS,SWA,pH,1.7229045104980463,-0.3711590428231694
QDS,SWA,pH,0.867594136710123,-0.6688362119097222
QDS,SWA,pH,2.0056037919208287,-0.2727700551811201
QDS,SWA,pH,2.0926315458774063,-0.24248142987774154
QDS,SWA,pH,2.1541163618987533,-0.22108261777870777
QDS,SWA,pH,4.579508282679209,0.6230364564538007
QDS,SWA,pH,3.4466739591884146,0.22877149159972754
QDS,SWA,pH,1.2953682646083367,-0.5199562318420617
QDS,SWA,pH,1.3725736490885414,-0.49308612597800644
QDS,SWA,pH,1.5090804206000437,-0.4455771157403211
QDS,SWA,pH,1.278644358317057,-0.5257767213782862
QDS,SWA,pH,1.166177588568793,-0.5649189914371708
QDS,SWA,pH,0.708192833794486,-0.7243132995901767
QDS,SWA,pH,0.5371223958333329,-0.783851644087445
QDS,SWA,pH,0.5600125630696624,-0.775885085523854
QDS,SWA,pH,0.7786645846896726,-0.6997867277749101
QDS,SWA,pH,0.4675130886501759,-0.808078056088729
QDS,SWA,pH,0.47670742458767434,-0.8048781137316825
QDS,SWA,pH,0.4497094557020394,-0.8142743273112868
QDS,SWA,pH,0.635058588594338,-0.7497665101926004
QDS,SWA,pH,0.6897766599878228,-0.730722755914078
QDS,SWA,pH,0.722461040600931,-0.7193474771937126
QDS,SWA,pH,10.478951707038327,2.6762438903495323
QDS,SWA,pH,3.8288135998490924,0.3617691143502132
QDS,SWA,pH,1.7506621884455045,-0.361498424590256
QDS,SWA,pH,1.639422760009765,-0.40021353803019616
QDS,SWA,pH,1.7952280171712245,-0.3459879968676081
QDS,SWA,pH,1.4247173902723536,-0.4749383263758145
QDS,SWA,pH,1.2982559204101571,-0.518951229177853
QDS,SWA,pH,0.9443797641330273,-0.64211219581185075
QDS,SWA,pH,0.5636775546603698,-0.7746095435043926
QDS,SWA,pH,0.30357881334092934,-0.8651327726990201
QDS,SWA,pH,0.46999204847547404,-0.8072152935575018
QDS,SWA,pH,0.43823983086480056,-0.8182661477739726
QDS,SWA,pH,0.3213080851236959,-0.8589623816971115
QDS,SWA,pH,0.5365687561035138,-0.7840443295879569
QDS,SWA,pH,0.44915397688659353,-0.8144676528762946
QDS,SWA,pH,1.251212298521522,-0.535324013393445
QDS,SWA,pH,1.7243196514120491,-0.3706665255404977
QDS,SWA,pH,1.3923644944393274,-0.4861982370918224
QDS,SWA,pH,4.308153625551465,0.528595784824267
QDS,SWA,pH,2.5137783326964427,-0.09590799044314222
QDS,SWA,pH,1.461561448838975,-0.46211533791701853
QDS,SWA,pH,1.8331165228949662,-0.3328015051911262
QDS,SWA,pH,1.4236055162217893,-0.4753252964511182
QDS,SWA,pH,1.1613051350911452,-0.5666147713577494
QDS,SWA,pH,1.1495164150661887,-0.5707176478242671
QDS,SWA,pH,0.6704675971137151,-0.737442968073581
QDS,SWA,pH,0.48312332153320703,-0.8026451628656255
QDS,SWA,pH,0.39662421332465353,-0.8327498014262448
QDS,SWA,pH,0.5379837375217025,-0.7835518678152661
QDS,SWA,pH,0.2854211256239157,-0.8714522670514859
QDS,SWA,pH,0.4383860948350673,-0.8182152429259284
QDS,SWA,pH,1.4367334662543376,-0.47075632228529374
QDS,SWA,pH,1.9397922303941502,-0.2956747222222388
QDS,SWA,pH,3.0016045737989043,0.07387217229988717
QDS,SWA,pH,2.172351849729366,-0.21473604633436913
QDS,SWA,pH,2.688339124737366,-0.03515488373391299
QDS,SWA,pH,2.201129541641625,-0.2047204284676666
QDS,SWA,pH,4.870071289141971,0.7241622884977357
QDS,SWA,pH,2.054333170519937,-0.2558105701599246
QDS,SWA,pH,0.9217555745442709,-0.6499861850864486
QDS,SWA,pH,1.5538331095377604,-0.43000165429351095
QDS,SWA,pH,1.4290158420138894,-0.47344231862811376
QDS,SWA,pH,0.9404506598578553,-0.6434796580495635
QDS,SWA,pH,1.059295688205295,-0.6021175365523105
QDS,SWA,pH,0.9154076978895402,-0.6521954625723773
QDS,SWA,pH,0.7522894287109381,-0.7089661812301452
QDS,SWA,pH,0.9473102484809025,-0.6410922873535158
QDS,SWA,pH,0.8550233289930552,-0.6732112815558153
QDS,SWA,pH,0.6170033772786465,-0.7560503392638087
QDS,SWA,pH,0.9267370435926705,-0.6482524640307192
QDS,SWA,pH,0.9020158894856757,-0.6568562684468074
QDS,SWA,pH,2.29088417900933,-0.17348275477304906
QDS,SWA,pH,2.1093263730135834,-0.2366710608788513
QDS,SWA,pH,2.1532624932491413,-0.22137979317863024
QDS,SWA,pH,1.525455287586559,-0.4398781037815075
QDS,SWA,pH,3.7231315302332755,0.32498815123956964
QDS,SWA,pH,4.426830370816317,0.5698993380717186
QDS,SWA,pH,1.600552760532926,-0.41374162299357375
QDS,SWA,pH,7.486979274144249,1.6349354821929485
QDS,SWA,pH,6.218777494698363,1.1935580277560567
QDS,SWA,pH,5.965007174891285,1.1052373049945543
QDS,SWA,pH,1.6646658677321209,-0.3914280759616618
QDS,SWA,pH,6.440469327881223,1.2707143435613002
QDS,SWA,pH,2.6643519813926133,-0.04350322738104588
QDS,SWA,pH,0.9264802720811637,-0.6483418292705081
QDS,SWA,pH,1.514725816514758,-0.44361232550070034
QDS,SWA,pH,1.4258382161458334,-0.47454824076095303
QDS,SWA,pH,0.9488433329264312,-0.6405587217009743
QDS,SWA,pH,1.12440434773763,-0.5794575033683668
QDS,SWA,pH,0.8458959282769101,-0.6763879281738936
QDS,SWA,pH,0.5945745680067276,-0.7638563295272947
QDS,SWA,pH,1.6336885918511266,-0.40220922403710174
QDS,SWA,pH,1.2029996236165361,-0.5521036679137643
QDS,SWA,pH,0.8635906473795585,-0.6702295626826267
QDS,SWA,pH,0.6866747877332899,-0.7318023132068396
QDS,SWA,pH,1.4611573621961769,-0.46225597384472406
QDS,SWA,pH,1.5728294033474388,-0.42339029643126713
QDS,SWA,pH,2.140597093370225,-0.2257877841218569
QDS,SWA,pH,2.1315948994954406,-0.2289208544906241
QDS,SWA,pH,1.7057464175754136,-0.3771306441092772
QDS,SWA,pH,3.053122681640214,0.09180223016996673
QDS,SWA,pH,11.880580109971941,3.1640583585042683
QDS,SWA,pH,4.200002223313457,0.4909554097772857
QDS,SWA,pH,1.298494113278079,-0.5188683299394098
QDS,SWA,pH,0.869006259554908,-0.6683447450180294
QDS,SWA,pH,1.5224768512751783,-0.44091470115790765
QDS,SWA,pH,1.6142747289956023,-0.40896591016295014
QDS,SWA,pH,1.4360131957039013,-0.47100700099211307
QDS,SWA,pH,3.783443082462658,0.3459786275404101
QDS,SWA,pH,3.7164542613091407,0.32266423401433686
QDS,SWA,pH,6.599659156547022,1.3261178309932888
QDS,SWA,pH,15.749081918811918,4.510428871890824
QDS,SWA,pH,14.228845500469209,3.9813347708215594
QDS,SWA,pH,10.527655634582043,2.693194517535781
QDS,SWA,pH,2.127393343448638,-0.230383139233216
QDS,SWA,pH,0.9859795973036035,-0.6276340356583057
QDS,SWA,pH,1.4059760199652784,-0.48146096216836975
QDS,SWA,pH,1.3468106587727873,-0.5020525249127392
QDS,SWA,pH,0.9039296468098948,-0.6561902156546857
QDS,SWA,pH,1.100332132975261,-0.5878354547690618
QDS,SWA,pH,0.8785083177354601,-0.6650377048296173
QDS,SWA,pH,0.4776755947536881,-0.8045411575073159
QDS,SWA,pH,0.5480397881401902,-0.7800520193718931
QDS,SWA,pH,1.6873293558756535,-0.3835404094502461
QDS,SWA,pH,0.7246930270724832,-0.7185706698093375
QDS,SWA,pH,0.5830085754394526,-0.7678816892453755
QDS,SWA,pH,0.9121569824218744,-0.6533268223776314
QDS,SWA,pH,1.8265216064453138,-0.335096760947701
QDS,SWA,pH,1.7374594285753038,-0.3660934351299801
QDS,SWA,pH,2.122990841335719,-0.231915360057415
QDS,SWA,pH,1.2465662807888453,-0.5369409859551879
QDS,SWA,pH,2.972347006749627,0.06368954152572993
QDS,SWA,pH,3.281589238330572,0.17131638071784872
QDS,SWA,pH,3.5959338205510925,0.28071901188048837
QDS,SWA,pH,2.9481247365252563,0.05525936570860831
QDS,SWA,pH,1.8935817387407343,-0.31175754871312544
QDS,SWA,pH,2.6674428491839515,-0.04242750001663713
QDS,SWA,pH,4.323222308523557,0.5338402002159918
QDS,SWA,pH,1.7074119349269115,-0.37655098729059194
QDS,SWA,pH,1.1658195416889494,-0.5650436039577932
QDS,SWA,pH,1.9171687437996023,-0.3035484668308859
QDS,SWA,pH,3.3222421046665747,0.18546496412922667
QDS,SWA,pH,1.7876056870960069,-0.3486408275921852
QDS,SWA,pH,1.5313437209356409,-0.43782872822916075
QDS,SWA,pH,1.1100562761264938,-0.5844511214395924
QDS,SWA,pH,3.543158446078285,0.262351382360256
QDS,SWA,pH,3.3858720631032555,0.2076103589204077
QDS,SWA,pH,3.935604503660491,0.3989359895629927
QDS,SWA,pH,6.6997854715817935,1.360965202104456
QDS,SWA,pH,16.975390431404115,4.9372260412487865
QDS,SWA,pH,8.52551486670971,1.9963812738783493
QDS,SWA,pH,1.898646364741855,-0.30999488620288496
QDS,SWA,pH,0.9312227545844188,-0.6466912836799531
QDS,SWA,pH,1.3952122667100697,-0.4852071152561273
QDS,SWA,pH,1.410499165852865,-0.4798867531976317
QDS,SWA,pH,1.0049972873263882,-0.621015231184467
QDS,SWA,pH,0.8800278049045139,-0.6645088714928439
QDS,SWA,pH,0.7688733418782555,-0.7031944140736669
QDS,SWA,pH,0.5199536132812494,-0.7898269657290297
QDS,SWA,pH,1.1966425323486325,-0.5543161523992192
QDS,SWA,pH,1.6010632578531903,-0.41356395252238615
QDS,SWA,pH,1.5809449683295351,-0.4205658031438662
QDS,SWA,pH,0.9514956325954861,-0.639635630994665
QDS,SWA,pH,0.9091900465223554,-0.6543594172186348
QDS,SWA,pH,1.5432661607530396,-0.4336793127161343
QDS,SWA,pH,2.0940750291612398,-0.24197904848412843
QDS,SWA,pH,1.4573232184516027,-0.46359038658042034
QDS,SWA,pH,1.3985469733344198,-0.4840465236649433
QDS,SWA,pH,1.3365117221408427,-0.5056369059691991
QDS,SWA,pH,1.8741910044352228,-0.3185061853150772
QDS,SWA,pH,5.139256922403974,0.8178480658762206
QDS,SWA,pH,1.7788218618936595,-0.35169789821837893
QDS,SWA,pH,3.0398325720565413,0.08717681895205166
QDS,SWA,pH,3.021804951008038,0.0809025922344248
QDS,SWA,pH,2.4693679712811445,-0.11136431024161407
QDS,SWA,pH,1.8403214996029638,-0.3302939276666391
QDS,SWA,pH,2.695091654459634,-0.03280477318515908
QDS,SWA,pH,1.8977724202473953,-0.31029904868123465
QDS,SWA,pH,1.8468307156032988,-0.3280284985881031
QDS,SWA,pH,2.6475671322131293,-0.049344927120013884
QDS,SWA,pH,4.085273169692684,0.45102578780560215
QDS,SWA,pH,6.028045702546011,1.1271768617107178
QDS,SWA,pH,4.805371194848413,0.7016444499455812
QDS,SWA,pH,3.5326628002080276,0.25869853978270546
QDS,SWA,pH,3.1013265149885427,0.10857880752714531
QDS,SWA,pH,8.83578891187281,2.1043672193733656
QDS,SWA,pH,5.147173384825389,0.8206032646847541
QDS,SWA,pH,1.0216739859404393,-0.6152111715293093
QDS,SWA,pH,0.9084352789984804,-0.6546221020482722
QDS,SWA,pH,1.369917483859592,-0.4940105620309425
QDS,SWA,pH,1.4830685255262581,-0.4546301420164421
QDS,SWA,pH,0.9528673638237848,-0.6391582217625297
QDS,SWA,pH,1.1789444478352873,-0.5604756891681413
QDS,SWA,pH,0.8544470638698998,-0.673411841464547
QDS,SWA,pH,0.9418242645263675,-0.643001596796365
QDS,SWA,pH,1.4789292060004324,-0.45607076632798355
QDS,SWA,pH,5.2761881171332465,0.8655047898630106
QDS,SWA,pH,2.42105859544542,-0.12817761998253216
QDS,SWA,pH,1.5920198906792544,-0.4167113526029269
QDS,SWA,pH,1.391008470323351,-0.4866701797133871
QDS,SWA,pH,2.3523298305935327,-0.15209757323332487
QDS,SWA,pH,2.9301191711425756,0.04899281511460345
QDS,SWA,pH,1.130476582845051,-0.5773441585379986
QDS,SWA,pH,0.6002847120496964,-0.7618690047316656
QDS,SWA,pH,1.5608034939236133,-0.42757572289478774
QDS,SWA,pH,1.841500286526151,-0.3298836696304872
QDS,SWA,pH,2.937758246527779,0.05165147377793215
QDS,SWA,pH,2.117522150675457,-0.23381865084429898
QDS,SWA,pH,1.6604047309027778,-0.3929110968477896
QDS,SWA,pH,1.8841163974338104,-0.31505181017777334
QDS,SWA,pH,1.5608813646104593,-0.42754862124101906
QDS,SWA,pH,1.1921484035915801,-0.5558802624192872
QDS,SWA,pH,1.5474844699435748,-0.4322111973083798
QDS,SWA,pH,1.5452937147352388,-0.4329736548075107
QDS,SWA,pH,1.0300791931152347,-0.6122858728844462
QDS,SWA,pH,1.187376641974879,-0.5575409981394969
QDS,SWA,pH,1.169994327908471,-0.5635906360277246
QDS,SWA,pH,1.2300609614573383,-0.5426853997774045
QDS,SWA,pH,3.66692686146988,0.3054270103956455
QDS,SWA,pH,5.623586356060531,0.9864112204158678
QDS,SWA,pH,9.87734911571291,2.466865678896565
QDS,SWA,pH,5.39177294866003,0.9057322517209331
QDS,SWA,pH,1.7495928083044126,-0.36187060533637255
QDS,SWA,pH,0.9525548843101217,-0.6392669752862509
QDS,SWA,pH,0.8553414747450082,-0.6731005559879972
QDS,SWA,pH,1.3441549513075088,-0.5029768016483118
QDS,SWA,pH,1.5830378214518233,-0.41983741890833115
QDS,SWA,pH,0.8535147942437062,-0.6737363030771446
QDS,SWA,pH,0.686381903754341,-0.7319042468164346
QDS,SWA,pH,1.5414965396457252,-0.43429520119092063
QDS,SWA,pH,1.199748636881509,-0.5532351221293083
QDS,SWA,pH,1.567812957763672,-0.4251361905137149
QDS,SWA,pH,1.80322163052029,-0.3432059469060438
QDS,SWA,pH,3.136242514716256,0.12073076577914435
QDS,SWA,pH,1.891301591661241,-0.31255111763094245
QDS,SWA,pH,0.9762078179253477,-0.6310349480187804
QDS,SWA,pH,1.367345292833117,-0.4949057721985919
QDS,SWA,pH,1.5015575832790777,-0.4481953195945387
QDS,SWA,pH,1.7961571756998664,-0.3456646180230212
QDS,SWA,pH,1.26394041273329,-0.530894195724346
QDS,SWA,pH,1.1562498982747396,-0.5683741661116155
QDS,SWA,pH,1.3344245995415578,-0.5063632957873656
QDS,SWA,pH,0.9255897776285806,-0.6486517516985013
QDS,SWA,pH,1.446754497951933,-0.4672686616202468
QDS,SWA,pH,1.060728624131944,-0.6016188259985753
QDS,SWA,pH,0.8463310411241317,-0.6762364940693116
QDS,SWA,pH,0.8121953497992614,-0.68811687839505975
QDS,SWA,pH,1.1754633585611955,-0.5616872269118728
QDS,SWA,pH,1.963506300184462,-0.2874214174816005
QDS,SWA,pH,1.2760812038845484,-0.5266687865031623
QDS,SWA,pH,0.9672181701660152,-0.6341636519116515
QDS,SWA,pH,0.8729103814987901,-0.6669859774832964
QDS,SWA,pH,0.6815349372984869,-0.7335911563845324
QDS,SWA,pH,1.4360571909867044,-0.4709916891338224
QDS,SWA,pH,4.185241482674008,0.48581816881560697
QDS,SWA,pH,5.84213315739939,1.06247295791983
QDS,SWA,pH,5.237441692352293,0.8520197131066762
QDS,SWA,pH,3.327212434743906,0.18719480844327752
QDS,SWA,pH,2.1780737556833216,-0.2127446279927329
QDS,SWA,pH,2.0803220506790105,-0.24676555385874158
QDS,SWA,pH,0.8930350275392888,-0.65998191457725
QDS,SWA,pH,1.005493994818793,-0.6208423600434935
QDS,SWA,pH,1.1346745469835067,-0.5758831239019657
QDS,SWA,pH,1.4583610704210068,-0.463229178712901
QDS,SWA,pH,1.0349478997124573,-0.6105913970059933
QDS,SWA,pH,0.6837051730685759,-0.7328358403494547
QDS,SWA,pH,0.828223173353406,-0.6825386493820214
QDS,SWA,pH,0.8782408396403001,-0.6651307963255234
QDS,SWA,pH,0.6699771033392992,-0.7376136766288578
QDS,SWA,pH,1.0250698513454841,-0.614029294597435
QDS,SWA,pH,1.6763047451443134,-0.3873773498327794
QDS,SWA,pH,1.118572760687934,-0.5814870944705387
QDS,SWA,pH,2.0620632934570335,-0.2531202238445688
QDS,SWA,pH,1.1215600416395404,-0.5804474188578109
QDS,SWA,pH,1.9374757420575166,-0.29648093913647683
QDS,SWA,pH,2.6504715340225786,-0.048334096274249935
QDS,SWA,pH,2.779366240324798,-0.0034743442378494353
QDS,SWA,pH,2.438874126716896,-0.12197720773781777
QDS,SWA,pH,3.0854474156495733,0.10305233961125326
QDS,SWA,pH,2.327089445729735,-0.16088208765425416
QDS,SWA,pH,3.3354635190879653,0.1900664670887308
QDS,SWA,pH,4.3106490768621,0.5294642869546148
QDS,SWA,pH,4.954624582201894,0.7535897170504312
QDS,SWA,pH,4.7022433796790635,0.6657524544612553
QDS,SWA,pH,3.7889662959743515,0.34790089413837044
QDS,SWA,pH,3.3627182624453593,0.19955204693839276
QDS,SWA,pH,3.221166504552128,0.15028720944756374
QDS,SWA,pH,3.7581060373681208,0.3371604720638692
QDS,SWA,pH,2.941377132695376,0.052910969538337675
QDS,SWA,pH,3.063353567968159,0.09536292740068227
QDS,SWA,pH,3.444682369592149,0.22807835052349698
QDS,SWA,pH,5.120318918834652,0.8112569950048357
QDS,SWA,pH,10.167821720457914,2.5679600480607694
QDS,SWA,pH,2.6542222194182563,-0.047028729889208934
QDS,SWA,pH,3.025072763853508,0.0820399025100341
QDS,SWA,pH,1.8324132853806603,-0.33304625582068653
QDS,SWA,pH,0.8643083930738058,-0.6699797627118378
QDS,SWA,pH,1.1264054531521295,-0.5787610504629801
QDS,SWA,pH,1.4643249003092444,-0.4611535625945297
QDS,SWA,pH,1.6004132419162314,-0.41379018022861414
QDS,SWA,pH,1.4958686659071185,-0.4501752567850024
QDS,SWA,pH,1.3929592725965714,-0.4859912340160865
QDS,SWA,pH,1.0397494676378036,-0.6089202876742266
QDS,SWA,pH,1.069035322401257,-0.598727811811159
QDS,SWA,pH,0.8625418938530802,-0.6705945646636607
QDS,SWA,pH,0.533309275309243,-0.7851787400256949
QDS,SWA,pH,0.5660270012749551,-0.7737918559858228
QDS,SWA,pH,0.6259652709960919,-0.7529312947236976
QDS,SWA,pH,1.23585673014323,-0.5406682746869464
QDS,SWA,pH,1.2245809766981344,-0.5445926212957556
QDS,SWA,pH,2.2213949903861567,-0.1976673614204095
QDS,SWA,pH,4.511127549731544,0.5992376301706863
QDS,SWA,pH,5.030306598458972,0.7799296388385838
QDS,SWA,pH,5.678063379923503,1.0053710819360453
QDS,SWA,pH,2.5641506502363405,-0.078376706659925
QDS,SWA,pH,2.96726724367293,0.06192161079713976
QDS,SWA,pH,6.47654410347106,1.2832695953179896
QDS,SWA,pH,4.54292624074946,0.6103046587172362
QDS,SWA,pH,8.864947543674043,2.1145154173083305
QDS,SWA,pH,10.094385682239151,2.542401803199222
QDS,SWA,pH,6.641860603779663,1.340805373350495
QDS,SWA,pH,6.633595092084092,1.3379286934948622
QDS,SWA,pH,4.199989818391347,0.49095109244148616
QDS,SWA,pH,4.653807561965217,0.6488951386361287
QDS,SWA,pH,4.737939185118066,0.6781758116857068
QDS,SWA,pH,3.8298727821729486,0.3621377459082705
QDS,SWA,pH,3.825231378762036,0.3605223792878117
QDS,SWA,pH,4.240880504703978,0.5051824453124246
QDS,SWA,pH,6.12886833160802,1.162266573841912
QDS,SWA,pH,2.8794427431546707,0.031355690527829196
QDS,SWA,pH,3.3572840020595427,0.19766073906080328
QDS,SWA,pH,1.5638292100694438,-0.42652267052414783
QDS,SWA,pH,1.287798936631944,-0.5225906160293146
QDS,SWA,pH,1.2153742133246526,-0.5477968888241972
QDS,SWA,pH,1.4499780273437506,-0.466146763496208
QDS,SWA,pH,1.7691458257039372,-0.3550654886851932
QDS,SWA,pH,1.9802933375040683,-0.28157895619527246
QDS,SWA,pH,1.9948938115437826,-0.2764974934740667
QDS,SWA,pH,1.6616493055555566,-0.3924779424389224
QDS,SWA,pH,1.6977144538031683,-0.3799260413255403
QDS,SWA,pH,2.00792495727539,-0.27196221050519553
QDS,SWA,pH,2.321566823323567,-0.16280414852733982
QDS,SWA,pH,1.636583641899956,-0.40120164792285123
QDS,SWA,pH,1.52803009033203,-0.4389819846466095
QDS,SWA,pH,1.3841137780083557,-0.4890697676909784
QDS,SWA,pH,2.3382256269454964,-0.15700631693951161
QDS,SWA,pH,4.321090187067709,0.5330981492616523
QDS,SWA,pH,5.924226702990985,1.0910443104965069
QDS,SWA,pH,9.83390710603623,2.451746378515916
QDS,SWA,pH,5.442953455998348,0.9235448131065869
QDS,SWA,pH,2.733150887122521,-0.019558862713478356
QDS,SWA,pH,1.60677866254534,-0.4115747968414976
QDS,SWA,pH,1.1135984722773236,-0.583218316419517
QDS,SWA,pH,1.1054254729659476,-0.5860627988115429
QDS,SWA,pH,1.127266677573876,-0.5784613150035839
QDS,SWA,pH,1.5300459162394209,-0.4382804085078496
QDS,SWA,pH,2.148735580444334,-0.22295531316498174
QDS,SWA,pH,2.4398863940768774,-0.12162490418660102
QDS,SWA,pH,2.287204538981121,-0.17476339494815166
QDS,SWA,pH,2.40568823920356,-0.13352702795669893
QDS,SWA,pH,2.2003608025444885,-0.20498797588111414
QDS,SWA,pH,2.269115532769101,-0.18105898579540863
QDS,SWA,pH,2.7925992545696223,0.0011311958556676652
QDS,SWA,pH,3.6277671739102106,0.2917981041034758
QDS,SWA,pH,3.2161715709389025,0.14854880226424474
QDS,SWA,pH,3.181596832372704,0.13651561453063543
QDS,SWA,pH,5.399530050905923,0.9084319877555214
QDS,SWA,pH,7.5268981750579105,1.6488286206152025
QDS,SWA,pH,2.248602369096544,-0.18819826608264853
QDS,SWA,pH,1.6372158316203524,-0.40098162434771345
QDS,SWA,pH,1.8696523005369476,-0.3200858090039343
QDS,SWA,pH,1.5758820798157385,-0.422327860949284
QDS,SWA,pH,2.0767879069292983,-0.2479955563687078
QDS,SWA,pH,2.0772488360934767,-0.24783513730570217
QDS,SWA,pH,2.371474049886068,-0.14543473226001166
QDS,SWA,pH,2.1203189256456167,-0.23284527780779274
QDS,SWA,pH,2.1724719577365446,-0.2146942446531815
QDS,SWA,pH,2.639843229904672,-0.05203310844453121
QDS,SWA,pH,6.881436628278212,1.4241859974365785
QDS,SWA,pH,7.783959266080304,1.738294643947711
QDS,SWA,pH,11.238372224729298,2.9405481204634834
QDS,SWA,pH,4.045695030939011,0.43725124623219497
QDS,SWA,pH,7.018552972702752,1.4719071598293951
QDS,SWA,pH,10.623137228744369,2.726425367436778
QDS,SWA,pH,12.147296711780406,3.2568848287633743
QDS,SWA,pH,11.418182163768343,3.003128109280549
QDS,SWA,pH,8.384737937715318,1.9473861032595725
QDS,SWA,pH,7.4058669461144335,1.6067056267791728
QDS,SWA,pH,7.38457929081387,1.5992967970016292
QDS,SWA,pH,7.139331938238705,1.5139423573995108
QDS,SWA,pH,10.735549579333311,2.7655486977729753
QDS,SWA,pH,27.270453929688387,8.520259115153069
QDS,SWA,pH,21.441112261862983,6.491449482421065
QDS,SWA,pH,21.050369202031032,6.355457576493552
QDS,SWA,pH,15.560038532416026,4.444635328609403
QDS,SWA,pH,19.080182585716248,5.669765466950381
QDS,SWA,pH,8.979033230145772,2.1542211255786485
QDS,SWA,pH,8.013183375994364,1.8180724488437394
QDS,SWA,pH,16.415842977187214,4.742484451241865
HDS,Cape,pH,2.6762865480851357,-0.15580412495017693
HDS,Cape,pH,4.364694908426456,0.622211123855686
HDS,Cape,pH,8.560164718212965,2.5554753534042027
HDS,Cape,pH,3.7115690087619324,0.3212519949715315
HDS,Cape,pH,4.35763932171903,0.6189599233898581
HDS,Cape,pH,4.515584713242914,0.6917408488878535
HDS,Cape,pH,3.048895847217019,0.015893506606721206
HDS,Cape,pH,2.0769623137356974,-0.4319715523659592
HDS,Cape,pH,1.9630430009629976,-0.484465347440942
HDS,Cape,pH,4.121935466079378,0.510348050695202
HDS,Cape,pH,3.0787520216286657,0.029651173003594926
HDS,Cape,pH,3.710418309234367,0.32072175489438665
HDS,Cape,pH,3.208336935824543,0.08936364637657128
HDS,Cape,pH,2.9322665010953095,-0.037849066500772514
HDS,Cape,pH,1.888412970166101,-0.5188547187226021
HDS,Cape,pH,1.4789575577228735,-0.7075309667616285
HDS,Cape,pH,3.1391636385209143,0.05748872714700473
HDS,Cape,pH,3.300374214789007,0.1317742433476007
HDS,Cape,pH,2.3936040725067578,-0.2860636532349745
HDS,Cape,pH,2.545968405434086,-0.21585446855193324
HDS,Cape,pH,0.7288259839653607,-1.0531901193117286
HDS,Cape,pH,2.0952447817327644,-0.42354702710203085
HDS,Cape,pH,2.5605203706921933,-0.2091489516066062
HDS,Cape,pH,2.2999717031076425,-0.32920926473834844
HDS,Cape,pH,2.482434533711796,-0.2451307515748535
HDS,Cape,pH,1.7596018750285025,-0.57821061779679
HDS,Cape,pH,1.7068744741595083,-0.6025073003230977
HDS,Cape,pH,2.007421545583348,-0.46401580143924825
HDS,Cape,pH,3.3160811669626704,0.13901197599001905
HDS,Cape,pH,2.5766291297773134,-0.20172606713034727
HDS,Cape,pH,1.6133013802064764,-0.6456255978176004
HDS,Cape,pH,1.5636514262752144,-0.6685041988529694
HDS,Cape,pH,2.6433980026488735,-0.1709591019459576
HDS,Cape,pH,2.1466937985079864,-0.3998394214496285
HDS,Cape,pH,2.3115347501966688,-0.3238810354016351
HDS,Cape,pH,2.3516896369715923,-0.3053777426208248
HDS,Cape,pH,1.6101540914559624,-0.6470758622783853
HDS,Cape,pH,1.0313594328337206,-0.9137833016116372
HDS,Cape,pH,0.7293261123586584,-1.0529596611326022
HDS,Cape,pH,0.5863893355263592,-1.1188246465252403
HDS,Cape,pH,3.483063931031229,0.2159573049664921
HDS,Cape,pH,2.0219869487175615,-0.45730409234706404
HDS,Cape,pH,3.3834520721435535,0.17005635647744144
HDS,Cape,pH,5.146287868702476,0.9823676213816341
HDS,Cape,pH,1.2456171484961043,-0.8150537680016835
HDS,Cape,pH,1.378642750399267,-0.753755832506199
HDS,Cape,pH,0.7873350487453763,-1.0262292574364535
HDS,Cape,pH,2.4404153991146913,-0.2644930860823448
HDS,Cape,pH,7.9120226408584156,2.256812760029808
HDS,Cape,pH,3.1097165375432527,0.04391956098324841
HDS,Cape,pH,1.9230951255540845,-0.5028732497917976
HDS,Cape,pH,3.4571643490261508,0.20402282856199516
HDS,Cape,pH,4.09408036126031,0.4975124732274736
HDS,Cape,pH,1.5716940350002726,-0.6647981805843738
HDS,Cape,pH,0.9473290685328924,-0.9525043280673103
HDS,Cape,pH,2.2382636157443514,-0.35764422992270667
HDS,Cape,pH,4.597313456580583,0.7294012929344541
HDS,Cape,pH,3.7505702343022023,0.33922368292640076
HDS,Cape,pH,4.477723231358902,0.6742943525661973
HDS,Cape,pH,2.0515265412716537,-0.44369230624695855
HDS,Cape,pH,0.8575947885167224,-0.9938537076564297
HDS,Cape,pH,4.186300112351683,0.5400071529953854
HDS,Cape,pH,3.3048749995990514,0.13384819612825402
HDS,Cape,pH,3.1737664750043098,0.0734336460827148
HDS,Cape,pH,3.7183021291097,0.3243546035736052
HDS,Cape,pH,2.8896714570787214,-0.057476778935081435
HDS,Cape,pH,2.434359459519575,-0.26728365112663016
HDS,Cape,pH,2.6620389305208034,-0.16236939907732226
HDS,Cape,pH,3.507746797066572,0.22733112104724576
HDS,Cape,pH,4.662663694592453,0.7595145539680878
HDS,Cape,pH,5.617779078518101,1.1996298427321164
HDS,Cape,pH,5.71952002599183,1.2465118710505
HDS,Cape,pH,4.609892487181945,0.7351976854736836
HDS,Cape,pH,4.760375774688317,0.8045400881295945
HDS,Cape,pH,4.06829910105454,0.4856325192751813
HDS,Cape,pH,2.891083029734683,-0.05682632903390153
HDS,Cape,pH,3.551681240419827,0.24757602605927725
HDS,Cape,pH,3.745317895285557,0.33680341544678344
HDS,Cape,pH,2.4462780204473766,-0.2617916017128397
HDS,Cape,pH,6.56443664918994,1.6358477877980329
HDS,Cape,pH,4.788248790657876,0.8173839190202108
HDS,Cape,pH,3.630735695314397,0.28400416325564676
HDS,Cape,pH,2.839804839479486,-0.08045521816214912
HDS,Cape,pH,2.434882434614965,-0.2670426652321533
HDS,Cape,pH,2.3907295760986957,-0.28738821552135047
HDS,Cape,pH,2.823637807178311,-0.08790495482165503
HDS,Cape,pH,3.963235102276497,0.437219235457211
HDS,Cape,pH,4.443602714295741,0.6585716854698834
HDS,Cape,pH,5.658159322062325,1.2182369794686043
HDS,Cape,pH,6.345861378152858,1.5351287331705452
HDS,Cape,pH,5.790762115054413,1.2793400854501669
HDS,Cape,pH,6.300417803790416,1.5141884235602117
HDS,Cape,pH,5.100217995520564,0.9611387145081608
HDS,Cape,pH,4.698856876457449,0.7761923009250372
HDS,Cape,pH,4.524104217594051,0.6956666197221748
HDS,Cape,pH,5.981809145716393,1.367374181102272
HDS,Cape,pH,5.424215908611522,1.1104363150691314
HDS,Cape,pH,4.681935457545806,0.768394944400441
HDS,Cape,pH,2.8469171375739006,-0.07717788520083346
HDS,Cape,pH,2.8274097116084755,-0.08616686868524599
HDS,Cape,pH,2.4651071449788233,-0.25311517819396506
HDS,Cape,pH,2.2462593212782087,-0.3539598245522874
HDS,Cape,pH,1.974766860420844,-0.47906301608123625
HDS,Cape,pH,3.78148599393194,0.35346960410597256
HDS,Cape,pH,8.295094439734807,2.433331490873498
HDS,Cape,pH,11.233118901046574,3.7871673791316525
HDS,SWA,pH,6.002140702199299,1.3767429223068353
HDS,SWA,pH,3.96695489053385,0.4389333065637794
HDS,SWA,pH,6.736074922594891,1.7149383663123245
HDS,SWA,pH,5.655158162431883,1.2168540510186932
HDS,SWA,pH,1.7597245385308053,-0.5781540946963925
HDS,SWA,pH,11.28536731175014,3.811243343932625
HDS,SWA,pH,4.018108509837184,0.4625047936426269
HDS,SWA,pH,1.8396769009766887,-0.5413122034679129
HDS,SWA,pH,2.1669890490109114,-0.3904874099691721
HDS,SWA,pH,2.25882605247356,-0.3481690995551361
HDS,SWA,pH,4.5243177782127075,0.6957650280348568
HDS,SWA,pH,2.545591806205534,-0.21602800473511286
HDS,SWA,pH,1.3843493004708014,-0.7511262654666053
HDS,SWA,pH,1.0899366840783724,-0.886791019547683
HDS,SWA,pH,1.1760643230179417,-0.8471035730669724
HDS,SWA,pH,0.5398767194014311,-1.140257568475314
HDS,SWA,pH,3.840625718075472,0.3807210725745005
HDS,SWA,pH,2.745280503034481,-0.1240118463244279
HDS,SWA,pH,1.6849681056679344,-0.6126017118012306
HDS,SWA,pH,0.8263530669925687,-1.0082498314352908
HDS,SWA,pH,0.684463397162664,-1.0736323119824605
HDS,SWA,pH,0.8346407338077952,-1.0044308908811437
HDS,SWA,pH,1.1734384863319225,-0.8483135534429188
HDS,SWA,pH,4.5375479165124,0.7018614497197687
HDS,SWA,pH,3.5101623413882144,0.2284441991156488
HDS,SWA,pH,1.2355781635485164,-0.8196797125037452
HDS,SWA,pH,0.8815805057243051,-0.9828011363831671
HDS,SWA,pH,1.3578162293472376,-0.7633526524098743
HDS,SWA,pH,2.018343523731711,-0.45898297540844546
HDS,SWA,pH,2.0894041840011206,-0.4262383630395295
HDS,SWA,pH,10.284685094654279,3.3501309481422776
HDS,SWA,pH,3.5757976447773014,0.2586888177139515
HDS,SWA,pH,1.9731680201965334,-0.4797997585092744
HDS,SWA,pH,1.558202166027495,-0.6710152072482253
HDS,SWA,pH,1.7801091940706155,-0.5687608855509336
HDS,SWA,pH,2.5496087486143315,-0.214177005580508
HDS,SWA,pH,3.2728995206708396,0.11911395838200746
HDS,SWA,pH,2.650333865819242,-0.16776306985032952
HDS,SWA,pH,0.7057515685807741,-1.063822764498856
HDS,SWA,pH,0.802328870846674,-1.0193201337275815
HDS,SWA,pH,3.2966925847002995,0.1300777554500295
HDS,SWA,pH,2.368089465262305,-0.29782073402759973
HDS,SWA,pH,1.8790194988250692,-0.5231832118254591
HDS,SWA,pH,1.0433598285251209,-0.9082535428998726
HDS,SWA,pH,2.177995329309871,-0.38541573767332354
HDS,SWA,pH,10.266276899460589,3.34164848803364
HDS,SWA,pH,2.248972936774597,-0.35270939587331585
HDS,SWA,pH,1.050840260298461,-0.904806574663981
HDS,SWA,pH,1.1555087167788756,-0.8565755559581312
HDS,SWA,pH,2.2216994393669047,-0.3652769697907787
HDS,SWA,pH,2.3767586482389618,-0.29382599157728184
HDS,SWA,pH,1.5401197973887122,-0.6793475271217527
HDS,SWA,pH,1.331469336615668,-0.7754932487166052
HDS,SWA,pH,2.2266041488140993,-0.363016889332454
HDS,SWA,pH,2.17635886875806,-0.3861698154742181
HDS,SWA,pH,2.3745583591601616,-0.29483988045351406
HDS,SWA,pH,2.2003976669799235,-0.3750927845740654
HDS,SWA,pH,3.6277156670754955,0.2826125401881
HDS,SWA,pH,2.853841185723145,-0.07398729744368147
HDS,SWA,pH,1.8256041636091946,-0.5477968931446077
HDS,SWA,pH,1.8299635823567708,-0.5457880815672599
HDS,SWA,pH,1.1003536043898994,-0.8819909231738856
HDS,SWA,pH,0.8330303583701364,-1.0051729487127858
HDS,SWA,pH,0.7986994800156795,-1.0209925498780315
HDS,SWA,pH,2.2990685709659138,-0.32962542625143737
HDS,SWA,pH,8.874684077476724,2.700405255020176
HDS,SWA,pH,5.028937175470783,0.9282926529458349
HDS,SWA,pH,2.833584997078848,-0.08332130929657544
HDS,SWA,pH,2.22995762850198,-0.36147161249361837
HDS,SWA,pH,2.3113488260904935,-0.3239667088637682
HDS,SWA,pH,1.6611256069607196,-0.6235882882714497
HDS,SWA,pH,0.750441343519425,-1.0432298041791481
HDS,SWA,pH,0.542746972476738,-1.1389349615083186
HDS,SWA,pH,1.7178520877368877,-0.5974488375961229
HDS,SWA,pH,2.600455085488643,-0.19074711364006708
HDS,SWA,pH,2.6179471311327718,-0.18268681344042273
HDS,SWA,pH,3.1982109725300822,0.08469762242348793
HDS,SWA,pH,2.750202017030837,-0.12174402236292935
HDS,SWA,pH,2.38471822950575,-0.29015823219801723
HDS,SWA,pH,1.9629519059922969,-0.48450732382412004
HDS,SWA,pH,1.021952370537652,-0.9181180573998213
HDS,SWA,pH,0.5865517552693689,-1.1187498038273855
HDS,SWA,pH,0.6003826228302103,-1.1123765672814745
HDS,SWA,pH,1.295016247087813,-0.7922907606129709
HDS,SWA,pH,2.163038573929387,-0.3923077811102107
HDS,SWA,pH,4.8711627653273775,0.8555905153313865
HDS,SWA,pH,3.8404751367808743,0.3806516850103697
HDS,SWA,pH,3.209813684781338,0.09004412938887552
HDS,SWA,pH,2.3318114344278973,-0.3145375792226287
HDS,SWA,pH,2.082056007385254,-0.42962438835920236
HDS,SWA,pH,1.2084920374552415,-0.8321609460883658
HDS,SWA,pH,0.8947229936387807,-0.9767451038232231
HDS,SWA,pH,0.9925679270426421,-0.9316583511189134
HDS,SWA,pH,1.472567287519867,-0.7104755906918985
HDS,SWA,pH,2.0011898027747046,-0.46688737625825755
HDS,SWA,pH,3.0504631354435787,0.01661570993630598
HDS,SWA,pH,10.342317623006746,3.376687903757204
HDS,SWA,pH,0.5293060889415286,-1.1451284941829036
HDS,SWA,pH,0.7789808188976887,-1.0300788701049293
HDS,SWA,pH,1.058105197634017,-0.9014589058408183
HDS,SWA,pH,3.1883239857609995,0.08014171838287233
HDS,SWA,pH,2.991407339913505,-0.010597084392354038
HDS,SWA,pH,4.668663636284904,0.7622793152890571
HDS,SWA,pH,5.854487719642563,1.3087047186002485
HDS,SWA,pH,2.989859588739824,-0.011310285086431126
HDS,SWA,pH,2.3086279847886835,-0.325220467179654
HDS,SWA,pH,1.8694478882683643,-0.5275937911282306
HDS,SWA,pH,1.2338136418660481,-0.8204928006215577
HDS,SWA,pH,1.0979580010308168,-0.883094812485995
HDS,SWA,pH,1.2433691512213798,-0.8160896407206838
HDS,SWA,pH,1.412441029018827,-0.7381816522503687
HDS,SWA,pH,0.8929283843046171,-0.9775720562717093
HDS,SWA,pH,2.1695470081406816,-0.389308707437528
HDS,SWA,pH,3.28413408617872,0.12429082405274629
HDS,SWA,pH,2.5030101228088903,-0.23564956062205175
HDS,SWA,pH,1.5181191905146554,-0.689485363461025
HDS,SWA,pH,0.8980884216072544,-0.9751943212402104
HDS,SWA,pH,1.0643707884474811,-0.8985717339278176
HDS,SWA,pH,0.8019962009078115,-1.019473427380547
HDS,SWA,pH,4.523202532692679,0.6952511250945934
HDS,SWA,pH,2.9428177247845055,-0.03298708339492206
HDS,SWA,pH,3.4147806328564685,0.18449249558354064
HDS,SWA,pH,7.631348014890458,2.127478444893031
HDS,SWA,pH,2.361553973038766,-0.3008322759790609
HDS,SWA,pH,2.294756444587657,-0.33161244559809805
HDS,SWA,pH,2.119983715481229,-0.4121473751294403
HDS,SWA,pH,1.8157036526997885,-0.5523590290824619
HDS,SWA,pH,0.939655361175537,-0.9560403573118524
HDS,SWA,pH,0.9810369767083071,-0.9369717903342475
HDS,SWA,pH,1.046456665462917,-0.9068265265350736
HDS,SWA,pH,1.3373219007327226,-0.7727963986922651
HDS,SWA,pH,1.3089874936327521,-0.7858528377075242
HDS,SWA,pH,2.2096816154819985,-0.3708147593798034
HDS,SWA,pH,1.3521773309069418,-0.7659510457109657
HDS,SWA,pH,1.996799748774408,-0.4689103044997533
HDS,SWA,pH,2.850339049079218,-0.07560107511523136
HDS,SWA,pH,1.4712591806691049,-0.7110783637537155
HDS,SWA,pH,1.037053243169801,-0.9111596050170625
HDS,SWA,pH,1.5734661495931626,-0.6639815936683856
HDS,SWA,pH,4.581121863360494,0.7219402386518607
HDS,SWA,pH,6.727956147792735,1.711197250865336
HDS,SWA,pH,1.3695497956013043,-0.757945848177578
HDS,SWA,pH,1.6646652220625278,-0.6219572406002847
HDS,SWA,pH,1.7087564099768104,-0.6016401080030841
HDS,SWA,pH,2.495810015996298,-0.23896735566785174
HDS,SWA,pH,2.355087921354505,-0.3038118198667167
HDS,SWA,pH,1.8422271304660387,-0.5401370627393586
HDS,SWA,pH,1.5020224507649749,-0.6969027094511735
HDS,SWA,pH,1.3429795307132375,-0.7701893739343139
HDS,SWA,pH,2.5232628586628496,-0.22631713980814852
HDS,SWA,pH,3.215680020360228,0.09274732527572024
HDS,SWA,pH,3.774471509137951,0.35023734332094725
HDS,SWA,pH,1.619381036646055,-0.6428241040980736
HDS,SWA,pH,1.4753647106996393,-0.7091865435973995
HDS,SWA,pH,2.3710996002929634,-0.29643366973093666
HDS,SWA,pH,1.4043502484674815,-0.7419098680016909
HDS,SWA,pH,0.8859649914005748,-0.9807807740144218
HDS,SWA,pH,1.4932011009379191,-0.7009675700866141
HDS,SWA,pH,4.8517586727799165,0.8466491476825596
HDS,SWA,pH,11.876086203394859,4.083445446369729
HDS,SWA,pH,1.4164225803126171,-0.7363469612518917
HDS,SWA,pH,1.6311080222077816,-0.6374203322358536
HDS,SWA,pH,2.4162458628478567,-0.2756303608162618
HDS,SWA,pH,3.1011133909144033,0.03995524795200726
HDS,SWA,pH,3.5353186887469223,0.24003619445815902
HDS,SWA,pH,3.1249083517204235,0.05091991905093446
HDS,SWA,pH,3.3489573552293797,0.15416125882639484
HDS,SWA,pH,3.1052315269741406,0.04185287694176494
HDS,SWA,pH,4.108913124435352,0.5043473813001724
HDS,SWA,pH,8.283550518704981,2.4280120747872145
HDS,SWA,pH,2.206326662809951,-0.3723607149668435
HDS,SWA,pH,6.971584091434231,1.8234605277126392
HDS,SWA,pH,10.347649605156928,3.3791448706359772
HDS,SWA,pH,11.101046775021537,3.726308803443887
HDS,SWA,pH,9.617919715605293,3.042886774007139
HDS,SWA,pH,7.506247455023782,2.069832353167479
HDS,SWA,pH,8.478005881669176,2.517616723254863
3QDS,Cape,pH,2.8209902117167154,-0.3220225297436124
3QDS,Cape,pH,4.8787097439435865,0.7699083041361169
3QDS,Cape,pH,3.8955111009798005,0.2481730057793832
3QDS,Cape,pH,3.19001861854836,-0.1261972534189483
3QDS,Cape,pH,2.2449404549096528,-0.6277038830356415
3QDS,Cape,pH,3.641548601348731,0.11340756294168566
3QDS,Cape,pH,4.080636419691993,0.3464099328570469
3QDS,Cape,pH,1.2440674361308706,-1.158818105788883
3QDS,Cape,pH,2.0196413344807684,-0.7472590763403614
3QDS,Cape,pH,2.841824043395194,-0.3109670370774316
3QDS,Cape,pH,2.476305405080692,-0.5049298513883825
3QDS,Cape,pH,1.6366470171845164,-0.9504953763836005
3QDS,Cape,pH,1.9558136393987304,-0.7811293036594976
3QDS,Cape,pH,2.255556177472078,-0.6220706397251307
3QDS,Cape,pH,2.162312803481252,-0.6715503251346271
3QDS,Cape,pH,1.6867210702089206,-0.9239235323502675
3QDS,Cape,pH,3.8566014427008826,0.22752555847421282
3QDS,Cape,pH,3.0722648722943027,-0.18868339126520092
3QDS,Cape,pH,3.8581307700539478,0.22833709749386746
3QDS,Cape,pH,1.7050754068025071,-0.9141837861175751
3QDS,Cape,pH,1.0137411141050023,-1.281040988419531
3QDS,Cape,pH,1.6323712637616665,-0.9527643090186637
3QDS,Cape,pH,8.449354400472581,2.664674299321333
3QDS,Cape,pH,3.8753784490613277,0.23748959482212909
3QDS,Cape,pH,3.623813284408183,0.10399630007873549
3QDS,Cape,pH,3.9094788853516156,0.2555850238886066
3QDS,Cape,pH,2.4206758962608035,-0.5344497033422996
3QDS,Cape,pH,2.6069671123701377,-0.43559409169798796
3QDS,Cape,pH,3.2999869776745596,-0.06784243868328403
3QDS,Cape,pH,6.453005896897617,1.6053100603746904
3QDS,Cape,pH,5.037681467289414,0.854266800868882
3QDS,Cape,pH,5.185891405097852,0.9329145458340531
3QDS,Cape,pH,4.636084564338094,0.6411590209915201
3QDS,Cape,pH,4.012674511475317,0.3103458813918877
3QDS,Cape,pH,2.9106172053019224,-0.27446188004821065
3QDS,Cape,pH,5.168179046939117,0.9235154660705862
3QDS,Cape,pH,5.030534389744798,0.85047419734791
3QDS,Cape,pH,3.5970471712769614,0.0897928365972645
3QDS,Cape,pH,3.5338854650508775,0.056276016900229986
3QDS,Cape,pH,3.972879527909532,0.28922863537819393
3QDS,Cape,pH,4.6263862211522495,0.6360125859228349
3QDS,Cape,pH,5.0096334408586065,0.8393830888713929
3QDS,Cape,pH,5.5389432113642885,1.1202618238190447
3QDS,Cape,pH,5.714129799695182,1.2132247541333043
3QDS,Cape,pH,5.4205286259390695,1.0574250110358407
3QDS,Cape,pH,5.842952955618118,1.2815848847861544
3QDS,Cape,pH,5.7014360109965025,1.2064887830440656
3QDS,Cape,pH,12.518439923222404,4.823938415930921
3QDS,Cape,pH,5.361019096437786,1.0258462224038427
3QDS,Cape,pH,2.618550655014989,-0.4294472737369485
3QDS,Cape,pH,1.8656118604362237,-0.828994963763999
3QDS,Cape,pH,2.7724691842650535,-0.3477702592743991
3QDS,Cape,pH,4.8400813565511696,0.7494101134953427
3QDS,Cape,pH,11.173786071382901,4.110396565973491
3QDS,SWA,pH,4.798433610553327,0.7273096973286067
3QDS,SWA,pH,1.735065774056185,-0.8982693691084561
3QDS,SWA,pH,3.4034479798243873,-0.012940759138436233
3QDS,SWA,pH,2.5814528230159848,-0.4491332736972854
3QDS,SWA,pH,2.2401361266236868,-0.6302533044263446
3QDS,SWA,pH,1.7243265922586972,-0.9039681261798954
3QDS,SWA,pH,3.6727350435141317,0.12995667824436988
3QDS,SWA,pH,2.4083067936442655,-0.5410133794521355
3QDS,SWA,pH,1.8172121345262913,-0.8546783245158841
3QDS,SWA,pH,1.2954873764342167,-1.131532065386323
3QDS,SWA,pH,1.635724104489121,-0.9509851208863368
3QDS,SWA,pH,3.2950250715638183,-0.070475478897113
3QDS,SWA,pH,2.4265012251572795,-0.5313584870030791
3QDS,SWA,pH,1.330825089571725,-1.112780074179881
3QDS,SWA,pH,2.074851751239417,-0.7179616159887667
3QDS,SWA,pH,2.4066588885657763,-0.5418878418549694
3QDS,SWA,pH,1.8057836483052558,-0.8607428616376235
3QDS,SWA,pH,1.0920504143379564,-1.239486083504297
3QDS,SWA,pH,4.873537044239211,0.7671634061006225
3QDS,SWA,pH,3.4428654842500044,0.007976177209221735
3QDS,SWA,pH,1.983325908369412,-0.7665298918696077
3QDS,SWA,pH,2.4213220382857807,-0.5341068274599996
3QDS,SWA,pH,5.81959431306689,1.2691895988204045
3QDS,SWA,pH,1.8019051376862905,-0.8628009969996352
3QDS,SWA,pH,1.242681271745947,-1.1595536752428433
3QDS,SWA,pH,6.147601290361642,1.4432468144061579
3QDS,SWA,pH,3.343762350096953,-0.04461299552352997
3QDS,SWA,pH,1.9670207235004808,-0.7751822537836862
3QDS,SWA,pH,2.2196747592674666,-0.6411111485444
3QDS,SWA,pH,1.90518938640061,-0.8079931118340519
3QDS,SWA,pH,1.5477359099372414,-0.9976761403104616
3QDS,SWA,pH,3.415798056264402,-0.006387179287332894
3QDS,SWA,pH,3.2086624776822683,-0.11630387177388342
3QDS,SWA,pH,2.171906846637118,-0.6664592369764049
3QDS,SWA,pH,1.004849815501419,-1.2857591645103112
3QDS,SWA,pH,0.6660689830949105,-1.4655335365948166
3QDS,SWA,pH,1.0219719325090157,-1.2766732967770842
3QDS,SWA,pH,4.624789260832125,0.6351651574046541
3QDS,SWA,pH,4.084811761654127,0.3486255820546376
3QDS,SWA,pH,2.8304703305091388,-0.31699189565759234
3QDS,SWA,pH,1.3867303303364424,-1.083113904806253
3QDS,SWA,pH,1.2606147570446202,-1.1500372541515012
3QDS,SWA,pH,1.4028274873951823,-1.0745719330482162
3QDS,SWA,pH,2.4599350727929012,-0.5136167838424623
3QDS,SWA,pH,2.073172641520331,-0.7188526371639183
3QDS,SWA,pH,2.728018202976875,-0.37135821492365406
3QDS,SWA,pH,4.654665816407357,0.6510191801379724
3QDS,SWA,pH,5.384656687109723,1.0383895324561037
3QDS,SWA,pH,3.6843331562587585,0.13611122784276242
3QDS,SWA,pH,2.819416838280949,-0.3228574418590946
3QDS,SWA,pH,1.6959466044108078,-0.9190279938202177
3QDS,SWA,pH,1.3917093331779031,-1.080471792195949
3QDS,SWA,pH,1.4888335702706854,-1.0289327230770962
3QDS,SWA,pH,1.753479989333192,-0.8884978481952521
3QDS,SWA,pH,2.9895232445527062,-0.23259031500357477
3QDS,SWA,pH,1.513096537314091,-1.01605755645639
3QDS,SWA,pH,1.2483763406275443,-1.156531581504852
3QDS,SWA,pH,1.6775397826013108,-0.9287955913828304
3QDS,SWA,pH,5.781210912582112,1.2488214107160098
3QDS,SWA,pH,5.365955815746919,1.0284658972173573
3QDS,SWA,pH,4.961050463953008,0.8136024858037436
3QDS,SWA,pH,6.4840812693731404,1.621800236440425
3QDS,SWA,pH,5.130392241201366,0.9034638615381545
3QDS,SWA,pH,2.890369906012493,-0.28520612874229423
3QDS,SWA,pH,2.9583698486302286,-0.2491218942859091
3QDS,SWA,pH,2.956752455440568,-0.24998016552581223
3QDS,SWA,pH,2.0520680655962145,-0.7300518005224736
3QDS,SWA,pH,1.6427677308825268,-0.9472474138174997
3QDS,SWA,pH,2.126981223567595,-0.6902990617399782
3QDS,SWA,pH,2.8800441224490276,-0.29068551564625905
3QDS,SWA,pH,3.621268067748549,0.10264567842887884
3QDS,SWA,pH,4.74856953028688,0.7008492755397037
3QDS,SWA,pH,3.498906591968728,0.03771444451167886
3QDS,SWA,pH,3.6258954477774785,0.10510120205808748
3QDS,SWA,pH,4.947801043075358,0.8065716679683803
3QDS,SWA,pH,9.536211209397559,3.2414159023876086
3QDS,SWA,pH,2.6248150595640523,-0.4261230614835827
3QDS,SWA,pH,3.177195291993276,-0.13300196389533261
3QDS,SWA,pH,3.060086181202193,-0.19514602531785027
3QDS,SWA,pH,4.377738751872361,0.5040675690142143
3QDS,SWA,pH,3.8677133348188266,0.23342209463295618
3QDS,SWA,pH,2.9986603380505326,-0.227741707617552
3QDS,SWA,pH,3.454290305529434,0.014038769526199894
3QDS,SWA,pH,4.463730641569179,0.549699247361518
3QDS,SWA,pH,4.561932423637917,0.6018101167503839
3QDS,SWA,pH,8.597933152982714,2.743517756159994
3QDS,SWA,pH,4.683465175673349,0.6663015876216026
3QDS,SWA,pH,3.4175769155450575,-0.005443225912123089
3QDS,SWA,pH,4.444730062200954,0.5396165717836214
3QDS,SWA,pH,2.102649806690505,-0.7032105513302646
3QDS,SWA,pH,3.239161922137068,-0.10011931246207224
3QDS,SWA,pH,4.725721501303795,0.6887249471512721
3QDS,SWA,pH,4.099991780959047,0.35668087378819757
3QDS,SWA,pH,4.213446537758843,0.41688574877713974
